999901_sweeps	1.000/0.000/0.000/0.000	0.000/0.000/0.000/1.000	0.000/0.500/0.500/0.000	0.250/0.250/0.250/0.250	0.500/0.250/0.250/0.000	0.000/0.250/0.250/0.500
1	0.00000	0.99090	0.00000	0.00001	0.00000	0.00909
2	0.00000	0.99893	0.00000	0.00000	0.00000	0.00107
3	0.00000	0.96559	0.00000	0.00033	0.00000	0.03408
4	0.00000	0.82427	0.00001	0.02041	0.00000	0.15531
5	0.00000	0.98271	0.00000	0.00005	0.00000	0.01724
6	0.00000	0.91607	0.00000	0.00503	0.00000	0.07890
7	0.00000	0.28070	0.00000	0.00949	0.00000	0.70981
8	0.00000	0.99572	0.00000	0.00000	0.00000	0.00427
9	0.00000	0.98408	0.00000	0.00004	0.00000	0.01588
10	0.02906	0.00000	0.00001	0.01861	0.95232	0.00000
11	0.99762	0.00000	0.00000	0.00000	0.00237	0.00000
12	0.00000	0.94569	0.00000	0.00215	0.00000	0.05216
13	0.00000	0.99675	0.00000	0.00000	0.00000	0.00324
14	0.00000	0.99924	0.00000	0.00000	0.00000	0.00076
15	0.00000	0.99940	0.00000	0.00000	0.00000	0.00060
16	0.00000	0.95631	0.00000	0.00087	0.00000	0.04282
17	0.99863	0.00000	0.00000	0.00000	0.00137	0.00000
18	0.77966	0.00000	0.00007	0.04123	0.17903	0.00002
19	0.00000	0.88771	0.00000	0.00887	0.00000	0.10341
20	0.98910	0.00000	0.00000	0.00003	0.01087	0.00000
21	0.31643	0.03901	0.11014	0.19751	0.24932	0.08758
22	0.00000	0.99328	0.00000	0.00003	0.00000	0.00669
23	0.98225	0.00000	0.00000	0.00029	0.01747	0.00000
24	0.99836	0.00000	0.00000	0.00000	0.00164	0.00000
25	0.99690	0.00000	0.00000	0.00000	0.00310	0.00000
26	0.00000	0.96820	0.00000	0.00033	0.00000	0.03147
27	0.00000	0.99828	0.00000	0.00000	0.00000	0.00172
28	0.00000	0.99824	0.00000	0.00000	0.00000	0.00176
29	0.00000	0.99822	0.00000	0.00000	0.00000	0.00178
30	0.95398	0.00000	0.00000	0.00007	0.04595	0.00000
31	0.99702	0.00000	0.00000	0.00000	0.00298	0.00000
32	0.00000	0.69612	0.00005	0.07537	0.00002	0.22844
33	0.93896	0.00000	0.00023	0.00268	0.05813	0.00001
34	0.00161	0.00000	0.00003	0.97451	0.02263	0.00121
35	0.00000	0.88932	0.00012	0.00931	0.00001	0.10124
36	0.00000	0.97781	0.00000	0.00004	0.00000	0.02215
37	0.99972	0.00000	0.00000	0.00000	0.00028	0.00000
38	0.99899	0.00000	0.00000	0.00000	0.00101	0.00000
39	0.00000	0.99514	0.00000	0.00000	0.00000	0.00486
40	0.00000	0.99665	0.00000	0.00000	0.00000	0.00334
41	0.00000	0.99750	0.00000	0.00000	0.00000	0.00250
42	0.00000	0.99593	0.00000	0.00000	0.00000	0.00407
43	0.99735	0.00000	0.00000	0.00000	0.00265	0.00000
44	0.00000	0.94141	0.00000	0.00050	0.00000	0.05808
45	0.99990	0.00000	0.00000	0.00000	0.00010	0.00000
46	0.00000	0.97705	0.00000	0.00002	0.00000	0.02294
47	0.00000	0.56589	0.00000	0.00173	0.00000	0.43238
48	0.99567	0.00000	0.00000	0.00001	0.00433	0.00000
49	0.95325	0.00000	0.00000	0.00038	0.04638	0.00000
50	0.00000	0.70437	0.00000	0.07185	0.00000	0.22378
51	0.00000	0.99915	0.00000	0.00000	0.00000	0.00085
52	0.00000	0.99410	0.00000	0.00001	0.00000	0.00589
53	0.90678	0.00000	0.00000	0.00373	0.08949	0.00000
54	0.00000	0.98469	0.00000	0.00005	0.00000	0.01526
55	0.00000	0.99871	0.00000	0.00000	0.00000	0.00129
56	0.92212	0.00000	0.00000	0.00359	0.07428	0.00000
57	0.00000	0.99868	0.00000	0.00000	0.00000	0.00132
58	0.00000	0.99847	0.00000	0.00000	0.00000	0.00153
59	0.00000	0.89619	0.00000	0.01034	0.00000	0.09347
60	0.00000	0.99216	0.00000	0.00000	0.00000	0.00783
61	0.00000	0.99944	0.00000	0.00000	0.00000	0.00056
62	0.00000	0.98799	0.00000	0.00001	0.00000	0.01201
63	0.00000	0.99710	0.00000	0.00000	0.00000	0.00289
64	0.00000	0.99588	0.00000	0.00000	0.00000	0.00412
65	0.00000	0.36122	0.00000	0.00773	0.00000	0.63104
66	0.98444	0.00000	0.00000	0.00000	0.01556	0.00000
67	0.00000	0.97836	0.00000	0.00008	0.00000	0.02155
68	0.00000	0.55121	0.00000	0.00145	0.00000	0.44734
69	0.00000	0.82177	0.00017	0.02770	0.00003	0.15033
70	0.00000	0.99805	0.00000	0.00000	0.00000	0.00195
71	0.00000	0.99109	0.00000	0.00002	0.00000	0.00889
72	0.00000	0.99610	0.00000	0.00000	0.00000	0.00389
73	0.00000	0.98002	0.00000	0.00028	0.00000	0.01970
74	0.00000	0.99735	0.00000	0.00000	0.00000	0.00265
75	0.00000	0.98123	0.00000	0.00000	0.00000	0.01877
76	0.00000	0.99630	0.00000	0.00000	0.00000	0.00369
77	0.99987	0.00000	0.00000	0.00000	0.00013	0.00000
78	0.99653	0.00000	0.00000	0.00001	0.00346	0.00000
79	0.99084	0.00000	0.00000	0.00003	0.00913	0.00000
80	0.00073	0.00000	0.00000	0.98447	0.01475	0.00005
81	0.00000	0.98473	0.00000	0.00001	0.00000	0.01526
82	0.18907	0.08830	0.12832	0.23798	0.21166	0.14468
83	0.99287	0.00000	0.00000	0.00001	0.00712	0.00000
84	0.00000	0.40901	0.00000	0.01093	0.00000	0.58007
85	0.99932	0.00000	0.00000	0.00000	0.00068	0.00000
86	0.99680	0.00000	0.00000	0.00000	0.00320	0.00000
87	0.00000	0.88878	0.00000	0.00109	0.00000	0.11013
88	0.99955	0.00000	0.00000	0.00000	0.00045	0.00000
89	0.00000	0.94305	0.00000	0.00151	0.00000	0.05543
90	0.00000	0.99240	0.00000	0.00001	0.00000	0.00759
91	0.81668	0.00000	0.00000	0.02168	0.16164	0.00000
92	0.00000	0.21858	0.00000	0.00107	0.00000	0.78035
93	0.00000	0.96759	0.00000	0.00017	0.00000	0.03224
94	0.89626	0.00000	0.00000	0.00988	0.09386	0.00000
95	0.00000	0.93609	0.00000	0.00015	0.00000	0.06376
96	0.00000	0.91497	0.00000	0.00143	0.00000	0.08359
97	0.99966	0.00000	0.00000	0.00000	0.00034	0.00000
98	0.00000	0.97678	0.00000	0.00028	0.00000	0.02295
99	0.14267	0.16490	0.15167	0.19534	0.16628	0.17913
100	0.00000	0.98664	0.00000	0.00004	0.00000	0.01332
101	0.00000	0.99957	0.00000	0.00000	0.00000	0.00043
102	0.00000	0.98542	0.00000	0.00013	0.00000	0.01445
103	0.00000	0.99823	0.00000	0.00000	0.00000	0.00177
104	0.00000	0.99699	0.00000	0.00000	0.00000	0.00301
105	0.00000	0.80375	0.00045	0.03270	0.00009	0.16301
106	0.00000	0.99980	0.00000	0.00000	0.00000	0.00020
107	0.00000	0.99885	0.00000	0.00000	0.00000	0.00115
108	0.84808	0.00000	0.00000	0.00086	0.15106	0.00000
109	0.00000	0.99876	0.00000	0.00000	0.00000	0.00124
110	0.00000	0.99244	0.00000	0.00000	0.00000	0.00756
111	0.00000	0.98447	0.00000	0.00004	0.00000	0.01549
112	0.96065	0.00000	0.00000	0.00002	0.03933	0.00000
113	0.99054	0.00000	0.00000	0.00007	0.00939	0.00000
114	0.00000	0.98660	0.00000	0.00007	0.00000	0.01333
115	0.00000	0.99904	0.00000	0.00000	0.00000	0.00096
116	0.00372	0.00000	0.00012	0.00784	0.98833	0.00000
117	0.00000	0.99890	0.00000	0.00000	0.00000	0.00110
118	0.99834	0.00000	0.00000	0.00000	0.00166	0.00000
119	0.99829	0.00000	0.00000	0.00000	0.00171	0.00000
120	0.00000	0.99838	0.00000	0.00000	0.00000	0.00162
121	0.00000	0.99646	0.00000	0.00001	0.00000	0.00354
122	0.00000	0.99253	0.00000	0.00001	0.00000	0.00746
123	0.03117	0.38169	0.10800	0.16101	0.07049	0.24764
124	0.00000	0.94829	0.00000	0.00190	0.00000	0.04981
125	0.00000	0.98300	0.00000	0.00017	0.00000	0.01682
126	0.00000	0.99869	0.00000	0.00000	0.00000	0.00131
127	0.00000	0.98692	0.00000	0.00002	0.00000	0.01306
128	0.00000	0.99596	0.00000	0.00001	0.00000	0.00403
129	0.00000	0.94920	0.00000	0.00181	0.00000	0.04899
130	0.00000	0.99820	0.00000	0.00000	0.00000	0.00180
131	0.99850	0.00000	0.00000	0.00000	0.00150	0.00000
132	0.00000	0.99823	0.00000	0.00000	0.00000	0.00177
133	0.00000	0.99697	0.00000	0.00000	0.00000	0.00303
134	0.00000	0.99416	0.00000	0.00000	0.00000	0.00584
135	0.00000	0.99926	0.00000	0.00000	0.00000	0.00074
136	0.00000	0.99419	0.00000	0.00001	0.00000	0.00579
137	0.00000	0.99960	0.00000	0.00000	0.00000	0.00040
138	0.96379	0.00000	0.00000	0.00128	0.03493	0.00000
139	0.94815	0.00000	0.00000	0.00003	0.05182	0.00000
140	0.98215	0.00000	0.00000	0.00003	0.01783	0.00000
141	0.93740	0.00000	0.00000	0.00335	0.05925	0.00000
142	0.99727	0.00000	0.00000	0.00000	0.00273	0.00000
143	0.00000	0.99890	0.00000	0.00000	0.00000	0.00110
144	0.99754	0.00000	0.00000	0.00000	0.00246	0.00000
145	0.99858	0.00000	0.00000	0.00000	0.00142	0.00000
146	0.99821	0.00000	0.00000	0.00000	0.00178	0.00000
147	0.99817	0.00000	0.00000	0.00000	0.00182	0.00000
148	0.99714	0.00000	0.00000	0.00000	0.00286	0.00000
149	0.98009	0.00000	0.00000	0.00031	0.01960	0.00000
150	0.99949	0.00000	0.00000	0.00000	0.00051	0.00000
151	0.00000	0.86231	0.00020	0.00548	0.00000	0.13201
152	0.18854	0.09403	0.06618	0.32553	0.15467	0.17106
153	0.00000	0.87992	0.00005	0.01316	0.00001	0.10686
154	0.00000	0.99413	0.00000	0.00001	0.00000	0.00586
155	0.00000	0.64242	0.00138	0.08387	0.00022	0.27211
156	0.00000	0.97762	0.00000	0.00016	0.00000	0.02223
157	0.00000	0.94428	0.00000	0.00021	0.00000	0.05551
158	0.00000	0.99968	0.00000	0.00000	0.00000	0.00032
159	0.00000	0.99908	0.00000	0.00000	0.00000	0.00092
160	0.00000	0.94871	0.00000	0.00046	0.00000	0.05083
161	0.00000	0.99986	0.00000	0.00000	0.00000	0.00014
162	0.99769	0.00000	0.00000	0.00000	0.00231	0.00000
163	0.00000	0.98361	0.00000	0.00006	0.00000	0.01633
164	0.00000	0.99724	0.00000	0.00000	0.00000	0.00276
165	0.00000	0.79706	0.00053	0.02703	0.00007	0.17531
166	0.99985	0.00000	0.00000	0.00000	0.00015	0.00000
167	0.99980	0.00000	0.00000	0.00000	0.00020	0.00000
168	0.99271	0.00000	0.00000	0.00002	0.00727	0.00000
169	0.00000	0.99283	0.00000	0.00001	0.00000	0.00717
170	0.00000	0.97273	0.00000	0.00074	0.00000	0.02653
171	0.00000	0.99585	0.00000	0.00000	0.00000	0.00415
172	0.00000	0.99640	0.00000	0.00000	0.00000	0.00360
173	0.98301	0.00000	0.00000	0.00001	0.01699	0.00000
174	0.00000	0.87142	0.00000	0.00096	0.00000	0.12763
175	0.00000	0.97990	0.00000	0.00019	0.00000	0.01991
176	0.00000	0.99518	0.00000	0.00001	0.00000	0.00482
177	0.00000	0.99862	0.00000	0.00000	0.00000	0.00138
178	0.99597	0.00000	0.00000	0.00001	0.00402	0.00000
179	0.99921	0.00000	0.00000	0.00000	0.00079	0.00000
180	0.00000	0.98056	0.00000	0.00003	0.00000	0.01941
181	0.00000	0.59343	0.00000	0.01270	0.00000	0.39387
182	0.98713	0.00000	0.00000	0.00009	0.01278	0.00000
183	0.00000	0.90934	0.00000	0.00127	0.00000	0.08939
184	0.00000	0.99941	0.00000	0.00000	0.00000	0.00059
185	0.00000	0.99342	0.00000	0.00001	0.00000	0.00657
186	0.99989	0.00000	0.00000	0.00000	0.00011	0.00000
187	0.00000	0.99966	0.00000	0.00000	0.00000	0.00034
188	0.00000	0.99266	0.00000	0.00002	0.00000	0.00733
189	0.00000	0.99716	0.00000	0.00000	0.00000	0.00284
190	0.00000	0.97939	0.00000	0.00003	0.00000	0.02058
191	0.99959	0.00000	0.00000	0.00000	0.00041	0.00000
192	0.99020	0.00000	0.00000	0.00006	0.00974	0.00000
193	0.98404	0.00000	0.00000	0.00003	0.01593	0.00000
194	0.00000	0.99918	0.00000	0.00000	0.00000	0.00082
195	0.00000	0.99924	0.00000	0.00000	0.00000	0.00076
196	0.00000	0.99718	0.00000	0.00000	0.00000	0.00282
197	0.00000	0.86547	0.00000	0.01108	0.00000	0.12345
198	0.00000	0.98343	0.00000	0.00002	0.00000	0.01655
199	0.00000	0.99159	0.00000	0.00005	0.00000	0.00836
200	0.00000	0.00000	0.97794	0.00944	0.00063	0.01198
201	0.00000	0.99746	0.00000	0.00000	0.00000	0.00254
202	0.00000	0.99085	0.00000	0.00002	0.00000	0.00914
203	0.00000	0.94567	0.00000	0.00257	0.00000	0.05176
204	0.00000	0.99368	0.00000	0.00001	0.00000	0.00631
205	0.00000	0.81553	0.00000	0.00175	0.00000	0.18272
206	0.00000	0.99445	0.00000	0.00001	0.00000	0.00554
207	0.00000	0.99722	0.00000	0.00000	0.00000	0.00278
208	0.00000	0.97277	0.00000	0.00006	0.00000	0.02717
209	0.00000	0.99892	0.00000	0.00000	0.00000	0.00108
210	0.00000	0.99078	0.00000	0.00003	0.00000	0.00919
211	0.00000	0.15243	0.00000	0.00048	0.00000	0.84709
212	0.00000	0.99139	0.00000	0.00003	0.00000	0.00858
213	0.91097	0.00000	0.00000	0.00033	0.08870	0.00000
214	0.98052	0.00000	0.00000	0.00017	0.01931	0.00000
215	0.00000	0.34287	0.00000	0.00598	0.00000	0.65116
216	0.00000	0.99968	0.00000	0.00000	0.00000	0.00032
217	0.00000	0.99778	0.00000	0.00000	0.00000	0.00222
218	0.00000	0.99450	0.00000	0.00000	0.00000	0.00549
219	0.00000	0.99968	0.00000	0.00000	0.00000	0.00032
220	0.00058	0.72390	0.01120	0.06126	0.00470	0.19835
221	0.00000	0.97913	0.00000	0.00001	0.00000	0.02086
222	0.00000	0.99933	0.00000	0.00000	0.00000	0.00067
223	0.00000	0.88396	0.00029	0.01124	0.00003	0.10448
224	0.00000	0.99249	0.00000	0.00000	0.00000	0.00750
225	0.00000	0.99038	0.00000	0.00001	0.00000	0.00961
226	0.99930	0.00000	0.00000	0.00000	0.00070	0.00000
227	0.00000	0.96422	0.00000	0.00005	0.00000	0.03572
228	0.00000	0.80434	0.00060	0.02376	0.00005	0.17124
229	0.41599	0.00364	0.03802	0.21602	0.29865	0.02767
230	0.00000	0.99830	0.00000	0.00000	0.00000	0.00170
231	0.00000	0.99861	0.00000	0.00000	0.00000	0.00139
232	0.00000	0.96223	0.00000	0.00111	0.00000	0.03666
233	0.98082	0.00000	0.00000	0.00017	0.01902	0.00000
234	0.00000	0.63484	0.00130	0.10165	0.00047	0.26174
235	0.00000	0.99888	0.00000	0.00000	0.00000	0.00112
236	0.00000	0.98782	0.00000	0.00002	0.00000	0.01216
237	0.00000	0.97840	0.00000	0.00001	0.00000	0.02159
238	0.00000	0.99716	0.00000	0.00000	0.00000	0.00283
239	0.99933	0.00000	0.00000	0.00000	0.00066	0.00000
240	0.99987	0.00000	0.00000	0.00000	0.00013	0.00000
241	0.99936	0.00000	0.00000	0.00000	0.00064	0.00000
242	0.99938	0.00000	0.00000	0.00000	0.00062	0.00000
243	0.00000	0.99308	0.00000	0.00000	0.00000	0.00692
244	0.97935	0.00000	0.00000	0.00013	0.02051	0.00000
245	0.99004	0.00000	0.00000	0.00003	0.00993	0.00000
246	0.00000	0.99900	0.00000	0.00000	0.00000	0.00100
247	0.00000	0.99131	0.00000	0.00001	0.00000	0.00868
248	0.00000	0.99573	0.00000	0.00000	0.00000	0.00426
249	0.00000	0.97858	0.00000	0.00004	0.00000	0.02138
250	0.00000	0.99672	0.00000	0.00000	0.00000	0.00328
251	0.00000	0.99679	0.00000	0.00001	0.00000	0.00320
252	0.00000	0.99652	0.00000	0.00000	0.00000	0.00347
253	0.00000	0.99606	0.00000	0.00000	0.00000	0.00393
254	0.00000	0.99542	0.00000	0.00000	0.00000	0.00458
255	0.00000	0.99721	0.00000	0.00000	0.00000	0.00279
256	0.00000	0.78320	0.00000	0.00466	0.00000	0.21214
257	0.00000	0.99964	0.00000	0.00000	0.00000	0.00036
258	0.00000	0.99266	0.00000	0.00000	0.00000	0.00734
259	0.00000	0.99891	0.00000	0.00000	0.00000	0.00109
260	0.00000	0.81025	0.00001	0.03142	0.00000	0.15832
261	0.00000	0.99678	0.00000	0.00000	0.00000	0.00322
262	0.00000	0.99970	0.00000	0.00000	0.00000	0.00030
263	0.00000	0.99647	0.00000	0.00000	0.00000	0.00353
264	0.00000	0.99821	0.00000	0.00000	0.00000	0.00179
265	0.00384	0.57146	0.04590	0.10923	0.02028	0.24929
266	0.00000	0.99948	0.00000	0.00000	0.00000	0.00051
267	0.00000	0.66278	0.00000	0.00083	0.00000	0.33639
268	0.00000	0.99619	0.00000	0.00000	0.00000	0.00381
269	0.00000	0.98367	0.00000	0.00011	0.00000	0.01623
270	0.00000	0.99722	0.00000	0.00000	0.00000	0.00278
271	0.00000	0.99441	0.00000	0.00000	0.00000	0.00559
272	0.00000	0.99820	0.00000	0.00000	0.00000	0.00180
273	0.00000	0.99741	0.00000	0.00000	0.00000	0.00259
274	0.00000	0.99271	0.00000	0.00001	0.00000	0.00728
275	0.00000	0.98111	0.00000	0.00004	0.00000	0.01885
276	0.00000	0.99985	0.00000	0.00000	0.00000	0.00015
277	0.00000	0.99857	0.00000	0.00000	0.00000	0.00143
278	0.00000	0.99559	0.00000	0.00001	0.00000	0.00440
279	0.00000	0.99716	0.00000	0.00000	0.00000	0.00284
280	0.00000	0.99399	0.00000	0.00001	0.00000	0.00600
281	0.00000	0.99391	0.00000	0.00003	0.00000	0.00606
282	0.00000	0.99384	0.00000	0.00000	0.00000	0.00616
283	0.99888	0.00000	0.00000	0.00000	0.00112	0.00000
284	0.00000	0.39308	0.00007	0.31080	0.00010	0.29596
285	0.00000	0.99907	0.00000	0.00000	0.00000	0.00093
286	0.00000	0.99942	0.00000	0.00000	0.00000	0.00058
287	0.00000	0.99751	0.00000	0.00000	0.00000	0.00249
288	0.00000	0.99203	0.00000	0.00002	0.00000	0.00795
289	0.00000	0.98052	0.00000	0.00010	0.00000	0.01938
290	0.00000	0.99847	0.00000	0.00000	0.00000	0.00153
291	0.00000	0.99628	0.00000	0.00000	0.00000	0.00371
292	0.00000	0.99932	0.00000	0.00000	0.00000	0.00068
293	0.00000	0.91667	0.00000	0.00206	0.00000	0.08127
294	0.00000	0.99908	0.00000	0.00000	0.00000	0.00092
295	0.00000	0.99791	0.00000	0.00000	0.00000	0.00209
296	0.98994	0.00000	0.00000	0.00007	0.00999	0.00000
297	0.00000	0.99850	0.00000	0.00000	0.00000	0.00150
298	0.00000	0.84402	0.00000	0.02149	0.00000	0.13448
299	0.98114	0.00000	0.00000	0.00005	0.01881	0.00000
300	0.00000	0.96472	0.00000	0.00019	0.00000	0.03508
301	0.00000	0.77106	0.00004	0.01424	0.00000	0.21466
302	0.00000	0.99289	0.00000	0.00000	0.00000	0.00711
303	0.00000	0.99795	0.00000	0.00000	0.00000	0.00205
304	0.00000	0.99898	0.00000	0.00000	0.00000	0.00102
305	0.00000	0.99460	0.00000	0.00001	0.00000	0.00539
306	0.00000	0.99822	0.00000	0.00000	0.00000	0.00178
307	0.00000	0.99969	0.00000	0.00000	0.00000	0.00031
308	0.00000	0.99250	0.00000	0.00001	0.00000	0.00749
309	0.00000	0.99856	0.00000	0.00000	0.00000	0.00144
310	0.00000	0.98962	0.00000	0.00002	0.00000	0.01037
311	0.00000	0.78303	0.00062	0.04011	0.00015	0.17608
312	0.00000	0.99696	0.00000	0.00000	0.00000	0.00303
313	0.00000	0.99109	0.00000	0.00003	0.00000	0.00888
314	0.00000	0.98276	0.00000	0.00004	0.00000	0.01720
315	0.00000	0.92068	0.00000	0.00141	0.00000	0.07791
316	0.00000	0.99984	0.00000	0.00000	0.00000	0.00016
317	0.00000	0.99956	0.00000	0.00000	0.00000	0.00044
318	0.00000	0.97213	0.00000	0.00006	0.00000	0.02781
319	0.00000	0.11985	0.20721	0.16127	0.01420	0.49747
320	0.00000	0.99677	0.00000	0.00000	0.00000	0.00323
321	0.00000	0.96523	0.00000	0.00105	0.00000	0.03372
322	0.00000	0.98793	0.00000	0.00004	0.00000	0.01204
323	0.00000	0.99051	0.00000	0.00001	0.00000	0.00948
324	0.00000	0.99910	0.00000	0.00000	0.00000	0.00090
325	0.00000	0.50329	0.00000	0.00053	0.00000	0.49618
326	0.00000	0.98748	0.00000	0.00014	0.00000	0.01238
327	0.00000	0.99869	0.00000	0.00000	0.00000	0.00131
328	0.00000	0.99994	0.00000	0.00000	0.00000	0.00006
329	0.00000	0.88527	0.00000	0.00133	0.00000	0.11340
330	0.00000	0.78809	0.00004	0.04046	0.00001	0.17139
331	0.00000	0.99858	0.00000	0.00000	0.00000	0.00141
332	0.00000	0.99753	0.00000	0.00000	0.00000	0.00247
333	0.00000	0.93867	0.00000	0.00201	0.00000	0.05932
334	0.00000	0.99855	0.00000	0.00000	0.00000	0.00145
335	0.00000	0.99852	0.00000	0.00000	0.00000	0.00148
336	0.05399	0.34447	0.13489	0.15006	0.08966	0.22693
337	0.00000	0.99649	0.00000	0.00000	0.00000	0.00351
338	0.00000	0.99825	0.00000	0.00000	0.00000	0.00175
339	0.00000	0.97205	0.00000	0.00010	0.00000	0.02785
340	0.00000	0.00000	0.95883	0.00514	0.00005	0.03598
341	0.00000	0.99357	0.00000	0.00000	0.00000	0.00643
342	0.00000	0.99652	0.00000	0.00000	0.00000	0.00348
343	0.00000	0.00073	0.00000	0.02318	0.00000	0.97609
344	0.00000	0.93729	0.00000	0.00093	0.00000	0.06178
345	0.00000	0.97032	0.00000	0.00021	0.00000	0.02947
346	0.00000	0.72823	0.00003	0.06038	0.00001	0.21134
347	0.00000	0.00053	0.00002	0.04456	0.00000	0.95489
348	0.00000	0.99903	0.00000	0.00000	0.00000	0.00097
349	0.00000	0.99305	0.00000	0.00001	0.00000	0.00694
350	0.00000	0.97452	0.00000	0.00004	0.00000	0.02543
351	0.00000	0.97877	0.00000	0.00042	0.00000	0.02081
352	0.00000	0.99661	0.00000	0.00000	0.00000	0.00339
353	0.00000	0.42282	0.00000	0.08490	0.00000	0.49228
354	0.12699	0.20258	0.15865	0.17517	0.14859	0.18801
355	0.99137	0.00000	0.00000	0.00002	0.00861	0.00000
356	0.00000	0.99873	0.00000	0.00000	0.00000	0.00127
357	0.00000	0.99928	0.00000	0.00000	0.00000	0.00072
358	0.24956	0.07273	0.13407	0.20003	0.22317	0.12043
359	0.00000	0.98864	0.00000	0.00002	0.00000	0.01133
360	0.00000	0.75216	0.00000	0.01272	0.00000	0.23512
361	0.99891	0.00000	0.00000	0.00000	0.00109	0.00000
362	0.99911	0.00000	0.00000	0.00000	0.00089	0.00000
363	0.00000	0.96848	0.00000	0.00031	0.00000	0.03121
364	0.00000	0.99809	0.00000	0.00000	0.00000	0.00191
365	0.00000	0.93357	0.00000	0.00200	0.00000	0.06443
366	0.00000	0.99459	0.00000	0.00001	0.00000	0.00540
367	0.00000	0.99841	0.00000	0.00000	0.00000	0.00159
368	0.99406	0.00000	0.00000	0.00001	0.00592	0.00000
369	0.00000	0.99528	0.00000	0.00000	0.00000	0.00471
370	0.00000	0.99898	0.00000	0.00000	0.00000	0.00102
371	0.00000	0.99307	0.00000	0.00000	0.00000	0.00692
372	0.00000	0.98906	0.00000	0.00001	0.00000	0.01093
373	0.04477	0.03872	0.19399	0.31045	0.26801	0.14405
374	0.99877	0.00000	0.00000	0.00000	0.00123	0.00000
375	0.00000	0.92111	0.00000	0.00357	0.00000	0.07532
376	0.08665	0.26979	0.15178	0.16340	0.11865	0.20974
377	0.99649	0.00000	0.00000	0.00001	0.00350	0.00000
378	0.49998	0.00009	0.05241	0.13508	0.29787	0.01457
379	0.00000	0.99925	0.00000	0.00000	0.00000	0.00075
380	0.00000	0.99945	0.00000	0.00000	0.00000	0.00055
381	0.00000	0.99701	0.00000	0.00000	0.00000	0.00299
382	0.99820	0.00000	0.00000	0.00000	0.00180	0.00000
383	0.00000	0.96326	0.00000	0.00059	0.00000	0.03616
384	0.00000	0.98806	0.00000	0.00005	0.00000	0.01189
385	0.00000	0.93489	0.00000	0.00067	0.00000	0.06444
386	0.00000	0.98774	0.00000	0.00004	0.00000	0.01222
387	0.72404	0.00004	0.00507	0.06049	0.20889	0.00148
388	0.00000	0.99648	0.00000	0.00000	0.00000	0.00352
389	0.00000	0.99183	0.00000	0.00003	0.00000	0.00814
390	0.00000	0.99981	0.00000	0.00000	0.00000	0.00019
391	0.00000	0.92148	0.00001	0.00600	0.00000	0.07251
392	0.00000	0.99871	0.00000	0.00000	0.00000	0.00129
393	0.00000	0.97546	0.00000	0.00036	0.00000	0.02418
394	0.00000	0.99947	0.00000	0.00000	0.00000	0.00053
395	0.00000	0.99523	0.00000	0.00000	0.00000	0.00476
396	0.00000	0.99679	0.00000	0.00000	0.00000	0.00321
397	0.00000	0.99617	0.00000	0.00000	0.00000	0.00383
398	0.00001	0.72350	0.00192	0.06220	0.00057	0.21180
399	0.00000	0.99354	0.00000	0.00001	0.00000	0.00645
400	0.00000	0.99729	0.00000	0.00000	0.00000	0.00271
401	0.26086	0.06416	0.12781	0.20360	0.22962	0.11395
402	0.00000	0.99130	0.00000	0.00000	0.00000	0.00870
403	0.00000	0.99835	0.00000	0.00000	0.00000	0.00165
404	0.00000	0.94471	0.00000	0.00149	0.00000	0.05379
405	0.00000	0.99585	0.00000	0.00000	0.00000	0.00415
406	0.00000	0.99983	0.00000	0.00000	0.00000	0.00017
407	0.00000	0.95531	0.00000	0.00018	0.00000	0.04452
408	0.00000	0.99445	0.00000	0.00000	0.00000	0.00554
409	0.00000	0.99844	0.00000	0.00000	0.00000	0.00156
410	0.00000	0.99841	0.00000	0.00000	0.00000	0.00159
411	0.99732	0.00000	0.00000	0.00000	0.00268	0.00000
412	0.00000	0.99992	0.00000	0.00000	0.00000	0.00008
413	0.00000	0.99730	0.00000	0.00001	0.00000	0.00270
414	0.00000	0.94427	0.00000	0.00047	0.00000	0.05526
415	0.00000	0.56995	0.00390	0.09984	0.00056	0.32574
416	0.00000	0.97552	0.00000	0.00015	0.00000	0.02433
417	0.00000	0.99638	0.00000	0.00000	0.00000	0.00362
418	0.00000	0.99470	0.00000	0.00001	0.00000	0.00530
419	0.00000	0.99976	0.00000	0.00000	0.00000	0.00024
420	0.00000	0.99321	0.00000	0.00001	0.00000	0.00678
421	0.00000	0.93823	0.00000	0.00008	0.00000	0.06168
422	0.00292	0.43702	0.02019	0.21748	0.01588	0.30651
423	0.00000	0.70673	0.00139	0.05578	0.00026	0.23585
424	0.00000	0.87528	0.00000	0.00376	0.00000	0.12097
425	0.00000	0.93344	0.00000	0.00108	0.00000	0.06549
426	0.00000	0.98689	0.00000	0.00001	0.00000	0.01310
427	0.00000	0.89101	0.00000	0.00365	0.00000	0.10534
428	0.00000	0.97001	0.00000	0.00014	0.00000	0.02985
429	0.00000	0.45931	0.00000	0.03189	0.00000	0.50880
430	0.00000	0.99497	0.00000	0.00001	0.00000	0.00502
431	0.00000	0.99719	0.00000	0.00000	0.00000	0.00281
432	0.00000	0.87226	0.00000	0.00055	0.00000	0.12719
433	0.00000	0.99627	0.00000	0.00000	0.00000	0.00373
434	0.00000	0.95738	0.00000	0.00149	0.00000	0.04113
435	0.00000	0.98365	0.00000	0.00007	0.00000	0.01628
436	0.99317	0.00000	0.00000	0.00003	0.00680	0.00000
437	0.00000	0.94257	0.00000	0.00047	0.00000	0.05695
438	0.00000	0.99651	0.00000	0.00001	0.00000	0.00349
439	0.00000	0.99923	0.00000	0.00000	0.00000	0.00077
440	0.00000	0.99006	0.00000	0.00006	0.00000	0.00988
441	0.00000	0.99667	0.00000	0.00000	0.00000	0.00333
442	0.00000	0.99846	0.00000	0.00000	0.00000	0.00154
443	0.00000	0.99272	0.00000	0.00001	0.00000	0.00727
444	0.00000	0.45520	0.00000	0.00131	0.00000	0.54349
445	0.00000	0.91890	0.00000	0.00023	0.00000	0.08087
446	0.00000	0.99302	0.00000	0.00001	0.00000	0.00697
447	0.00000	0.48142	0.00000	0.00294	0.00000	0.51564
448	0.00000	0.98113	0.00000	0.00001	0.00000	0.01886
449	0.00000	0.99966	0.00000	0.00000	0.00000	0.00034
450	0.00000	0.99638	0.00000	0.00000	0.00000	0.00362
451	0.00000	0.99632	0.00000	0.00001	0.00000	0.00368
452	0.00001	0.82654	0.00437	0.02333	0.00058	0.14518
453	0.00000	0.98595	0.00000	0.00003	0.00000	0.01402
454	0.00000	0.99284	0.00000	0.00001	0.00000	0.00715
455	0.00000	0.96076	0.00000	0.00085	0.00000	0.03839
456	0.00000	0.99423	0.00000	0.00001	0.00000	0.00576
457	0.00000	0.87353	0.00000	0.01312	0.00000	0.11335
458	0.00000	0.99686	0.00000	0.00000	0.00000	0.00314
459	0.00000	0.99692	0.00000	0.00000	0.00000	0.00308
460	0.97663	0.00000	0.00000	0.00002	0.02335	0.00000
461	0.00000	0.99695	0.00000	0.00000	0.00000	0.00305
462	0.00000	0.82622	0.00000	0.00069	0.00000	0.17309
463	0.17911	0.15282	0.16727	0.16709	0.17344	0.16027
464	0.99706	0.00000	0.00000	0.00001	0.00294	0.00000
465	0.00000	0.99922	0.00000	0.00000	0.00000	0.00078
466	0.00000	0.99900	0.00000	0.00000	0.00000	0.00100
467	0.01556	0.22719	0.06210	0.34026	0.06938	0.28552
468	0.00000	0.99577	0.00000	0.00000	0.00000	0.00423
469	0.00000	0.98565	0.00000	0.00001	0.00000	0.01434
470	0.00000	0.78732	0.00004	0.02001	0.00000	0.19263
471	0.00000	0.99847	0.00000	0.00000	0.00000	0.00153
472	0.00000	0.50213	0.00000	0.00055	0.00000	0.49732
473	0.00000	0.99744	0.00000	0.00000	0.00000	0.00256
474	0.00009	0.45214	0.00364	0.22376	0.00259	0.31779
475	0.00000	0.98228	0.00000	0.00011	0.00000	0.01761
476	0.00000	0.99936	0.00000	0.00000	0.00000	0.00064
477	0.00000	0.99793	0.00000	0.00000	0.00000	0.00207
478	0.00000	0.99905	0.00000	0.00000	0.00000	0.00095
479	0.00000	0.94864	0.00000	0.00130	0.00000	0.05006
480	0.00000	0.99383	0.00000	0.00000	0.00000	0.00617
481	0.00000	0.97555	0.00000	0.00004	0.00000	0.02441
482	0.00000	0.99629	0.00000	0.00000	0.00000	0.00370
483	0.00000	0.99800	0.00000	0.00000	0.00000	0.00199
484	0.00000	0.98078	0.00000	0.00005	0.00000	0.01917
485	0.00000	0.99935	0.00000	0.00000	0.00000	0.00065
486	0.00000	0.97429	0.00000	0.00031	0.00000	0.02540
487	0.00000	0.99934	0.00000	0.00000	0.00000	0.00066
488	0.00000	0.99964	0.00000	0.00000	0.00000	0.00036
489	0.00000	0.99682	0.00000	0.00000	0.00000	0.00318
490	0.00000	0.99553	0.00000	0.00001	0.00000	0.00446
491	0.00000	0.97848	0.00000	0.00005	0.00000	0.02147
492	0.00000	0.92652	0.00002	0.00506	0.00000	0.06839
493	0.00000	0.99295	0.00000	0.00001	0.00000	0.00704
494	0.00000	0.82552	0.00029	0.02413	0.00004	0.15003
495	0.00000	0.99827	0.00000	0.00000	0.00000	0.00173
496	0.00000	0.99703	0.00000	0.00000	0.00000	0.00297
497	0.00000	0.99650	0.00000	0.00000	0.00000	0.00350
498	0.00000	0.97301	0.00000	0.00013	0.00000	0.02686
499	0.00000	0.95434	0.00000	0.00023	0.00000	0.04542
500	0.03039	0.16376	0.20013	0.22789	0.17344	0.20439
501	0.00000	0.95351	0.00000	0.00002	0.00000	0.04647
502	0.00001	0.48238	0.00105	0.20113	0.00070	0.31473
503	0.00000	0.98466	0.00000	0.00006	0.00000	0.01528
504	0.00000	0.98242	0.00000	0.00010	0.00000	0.01748
505	0.00000	0.98263	0.00000	0.00008	0.00000	0.01729
506	0.97913	0.00000	0.00000	0.00043	0.02044	0.00000
507	0.99775	0.00000	0.00000	0.00000	0.00225	0.00000
508	0.00000	0.98272	0.00000	0.00018	0.00000	0.01710
509	0.00000	0.98627	0.00000	0.00004	0.00000	0.01368
510	0.00000	0.99929	0.00000	0.00000	0.00000	0.00071
511	0.00000	0.99735	0.00000	0.00000	0.00000	0.00265
512	0.00000	0.99682	0.00000	0.00000	0.00000	0.00318
513	0.55389	0.00000	0.00000	0.00084	0.44527	0.00000
514	0.00000	0.99087	0.00000	0.00003	0.00000	0.00910
515	0.99486	0.00000	0.00000	0.00001	0.00513	0.00000
516	0.00001	0.74213	0.00181	0.04475	0.00039	0.21091
517	0.00000	0.99910	0.00000	0.00000	0.00000	0.00090
518	0.99837	0.00000	0.00000	0.00000	0.00163	0.00000
519	0.00000	0.99664	0.00000	0.00000	0.00000	0.00336
520	0.00000	0.87674	0.00000	0.00092	0.00000	0.12234
521	0.00000	0.99454	0.00000	0.00001	0.00000	0.00545
522	0.00000	0.99607	0.00000	0.00001	0.00000	0.00392
523	0.00000	0.99962	0.00000	0.00000	0.00000	0.00038
524	0.00000	0.99825	0.00000	0.00000	0.00000	0.00175
525	0.00000	0.99355	0.00000	0.00002	0.00000	0.00643
526	0.00000	0.96664	0.00000	0.00045	0.00000	0.03291
527	0.00000	0.99777	0.00000	0.00000	0.00000	0.00223
528	0.00000	0.92212	0.00001	0.00590	0.00000	0.07197
529	0.00762	0.57444	0.06520	0.09410	0.02661	0.23203
530	0.00000	0.99925	0.00000	0.00000	0.00000	0.00075
531	0.00000	0.99363	0.00000	0.00001	0.00000	0.00636
532	0.00000	0.98210	0.00000	0.00007	0.00000	0.01783
533	0.99869	0.00000	0.00000	0.00000	0.00131	0.00000
534	0.00000	0.99853	0.00000	0.00000	0.00000	0.00147
535	0.00000	0.95505	0.00000	0.00017	0.00000	0.04478
536	0.00000	0.99825	0.00000	0.00000	0.00000	0.00175
537	0.66682	0.00000	0.00000	0.00065	0.33254	0.00000
538	0.00001	0.83685	0.00153	0.02349	0.00032	0.13779
539	0.00000	0.99930	0.00000	0.00000	0.00000	0.00070
540	0.97029	0.00000	0.00000	0.00060	0.02911	0.00000
541	0.99363	0.00000	0.00000	0.00001	0.00636	0.00000
542	0.99663	0.00000	0.00000	0.00001	0.00336	0.00000
543	0.00000	0.94290	0.00000	0.00040	0.00000	0.05670
544	0.00000	0.99573	0.00000	0.00000	0.00000	0.00426
545	0.00000	0.56343	0.00000	0.00183	0.00000	0.43475
546	0.00000	0.98830	0.00000	0.00001	0.00000	0.01169
547	0.00000	0.99127	0.00000	0.00001	0.00000	0.00872
548	0.59532	0.00000	0.00009	0.12899	0.27556	0.00004
549	0.00000	0.91727	0.00000	0.00015	0.00000	0.08258
550	0.00000	0.99993	0.00000	0.00000	0.00000	0.00007
551	0.99800	0.00000	0.00000	0.00000	0.00200	0.00000
552	0.00000	0.99943	0.00000	0.00000	0.00000	0.00057
553	0.00000	0.99862	0.00000	0.00000	0.00000	0.00138
554	0.00000	0.99898	0.00000	0.00000	0.00000	0.00102
555	0.00000	0.99819	0.00000	0.00000	0.00000	0.00181
556	0.00000	0.00000	0.96224	0.02905	0.00198	0.00673
557	0.00000	0.99878	0.00000	0.00000	0.00000	0.00122
558	0.00000	0.99863	0.00000	0.00000	0.00000	0.00137
559	0.99659	0.00000	0.00000	0.00000	0.00341	0.00000
560	0.99967	0.00000	0.00000	0.00000	0.00033	0.00000
561	0.99928	0.00000	0.00000	0.00000	0.00072	0.00000
562	0.99870	0.00000	0.00000	0.00000	0.00130	0.00000
563	0.00000	0.95287	0.00000	0.00027	0.00000	0.04686
564	0.00000	0.99977	0.00000	0.00000	0.00000	0.00023
565	0.99775	0.00000	0.00000	0.00000	0.00225	0.00000
566	0.00000	0.99877	0.00000	0.00000	0.00000	0.00123
567	0.18819	0.14609	0.16576	0.16676	0.17714	0.15607
568	0.99592	0.00000	0.00000	0.00001	0.00408	0.00000
569	0.00000	0.59849	0.00000	0.00109	0.00000	0.40041
570	0.00000	0.99208	0.00000	0.00001	0.00000	0.00791
571	0.00000	0.99913	0.00000	0.00000	0.00000	0.00087
572	0.00000	0.98730	0.00000	0.00002	0.00000	0.01268
573	0.00000	0.99477	0.00000	0.00001	0.00000	0.00523
574	0.00000	0.97611	0.00000	0.00029	0.00000	0.02359
575	0.00000	0.00000	0.00053	0.02860	0.97087	0.00000
576	0.00000	0.99753	0.00000	0.00000	0.00000	0.00247
577	0.99986	0.00000	0.00000	0.00000	0.00014	0.00000
578	0.00000	0.99979	0.00000	0.00000	0.00000	0.00021
579	0.00000	0.65498	0.00000	0.03428	0.00000	0.31074
580	0.00000	0.64128	0.00032	0.10246	0.00013	0.25581
581	0.00000	0.99927	0.00000	0.00000	0.00000	0.00073
582	0.00000	0.99905	0.00000	0.00000	0.00000	0.00095
583	0.00012	0.56405	0.00721	0.14190	0.00363	0.28309
584	0.00000	0.98173	0.00000	0.00006	0.00000	0.01820
585	0.00000	0.55071	0.00000	0.00215	0.00000	0.44714
586	0.00000	0.99876	0.00000	0.00000	0.00000	0.00124
587	0.00000	0.99931	0.00000	0.00000	0.00000	0.00069
588	0.00000	0.98710	0.00000	0.00003	0.00000	0.01287
589	0.00000	0.99400	0.00000	0.00001	0.00000	0.00599
590	0.00000	0.68740	0.00000	0.00050	0.00000	0.31210
591	0.00000	0.91373	0.00000	0.00564	0.00000	0.08063
592	0.00006	0.78477	0.00374	0.03818	0.00094	0.17232
593	0.00000	0.99468	0.00000	0.00000	0.00000	0.00532
594	0.00000	0.99948	0.00000	0.00000	0.00000	0.00052
595	0.00000	0.99965	0.00000	0.00000	0.00000	0.00035
596	0.00000	0.70970	0.00012	0.05453	0.00002	0.23563
597	0.00000	0.57015	0.00000	0.06665	0.00000	0.36320
598	0.00000	0.85661	0.00002	0.01315	0.00000	0.13021
599	0.00000	0.96233	0.00000	0.00134	0.00000	0.03633
600	0.00000	0.99884	0.00000	0.00000	0.00000	0.00116
601	0.00018	0.40755	0.00741	0.25663	0.00597	0.32227
602	0.99991	0.00000	0.00000	0.00000	0.00009	0.00000
603	0.87068	0.00000	0.00000	0.01496	0.11435	0.00000
604	0.00000	0.99929	0.00000	0.00000	0.00000	0.00071
605	0.00000	0.99275	0.00000	0.00003	0.00000	0.00722
606	0.00000	0.98306	0.00000	0.00009	0.00000	0.01685
607	0.00000	0.99708	0.00000	0.00000	0.00000	0.00292
608	0.00000	0.99602	0.00000	0.00000	0.00000	0.00397
609	0.00000	0.99573	0.00000	0.00001	0.00000	0.00426
610	0.99636	0.00000	0.00000	0.00001	0.00364	0.00000
611	0.00000	0.98335	0.00000	0.00001	0.00000	0.01664
612	0.00000	0.99749	0.00000	0.00000	0.00000	0.00251
613	0.00000	0.99718	0.00000	0.00000	0.00000	0.00282
614	0.00002	0.60315	0.00491	0.09601	0.00139	0.29451
615	0.00000	0.99976	0.00000	0.00000	0.00000	0.00024
616	0.00000	0.99775	0.00000	0.00000	0.00000	0.00225
617	0.00000	0.95870	0.00000	0.00067	0.00000	0.04063
618	0.00000	0.90804	0.00000	0.00026	0.00000	0.09170
619	0.00000	0.99548	0.00000	0.00001	0.00000	0.00451
620	0.00000	0.99299	0.00000	0.00001	0.00000	0.00700
621	0.00000	0.99877	0.00000	0.00000	0.00000	0.00123
622	0.00000	0.62546	0.00072	0.09681	0.00018	0.27684
623	0.00000	0.99543	0.00000	0.00000	0.00000	0.00457
624	0.00000	0.93976	0.00000	0.00030	0.00000	0.05994
625	0.00000	0.99932	0.00000	0.00000	0.00000	0.00068
626	0.01765	0.48919	0.08451	0.12271	0.04514	0.24080
627	0.00000	0.93328	0.00000	0.00068	0.00000	0.06604
628	0.00000	0.99567	0.00000	0.00001	0.00000	0.00432
629	0.00000	0.99805	0.00000	0.00000	0.00000	0.00195
630	0.00000	0.98364	0.00000	0.00005	0.00000	0.01631
631	0.00000	0.99405	0.00000	0.00002	0.00000	0.00593
632	0.99698	0.00000	0.00000	0.00000	0.00301	0.00000
633	0.00000	0.35496	0.00000	0.00036	0.00000	0.64467
634	0.00000	0.98914	0.00000	0.00003	0.00000	0.01083
635	0.00000	0.99932	0.00000	0.00000	0.00000	0.00068
636	0.00000	0.85365	0.00016	0.01734	0.00002	0.12883
637	0.00000	0.99749	0.00000	0.00000	0.00000	0.00251
638	0.00000	0.98620	0.00000	0.00002	0.00000	0.01378
639	0.00000	0.99765	0.00000	0.00000	0.00000	0.00235
640	0.00000	0.99533	0.00000	0.00000	0.00000	0.00466
641	0.00000	0.99946	0.00000	0.00000	0.00000	0.00054
642	0.00000	0.99973	0.00000	0.00000	0.00000	0.00027
643	0.00000	0.99957	0.00000	0.00000	0.00000	0.00043
644	0.00000	0.00000	0.00001	0.51033	0.00000	0.48966
645	0.00000	0.98159	0.00000	0.00009	0.00000	0.01832
646	0.00000	0.98805	0.00000	0.00005	0.00000	0.01190
647	0.00000	0.99777	0.00000	0.00000	0.00000	0.00223
648	0.00000	0.99801	0.00000	0.00000	0.00000	0.00199
649	0.00000	0.97911	0.00000	0.00018	0.00000	0.02070
650	0.99954	0.00000	0.00000	0.00000	0.00046	0.00000
651	0.00000	0.96251	0.00000	0.00003	0.00000	0.03746
652	0.00000	0.99146	0.00000	0.00000	0.00000	0.00854
653	0.98450	0.00000	0.00000	0.00025	0.01525	0.00000
654	0.00000	0.99208	0.00000	0.00001	0.00000	0.00792
655	0.00000	0.97943	0.00000	0.00009	0.00000	0.02048
656	0.00000	0.93486	0.00000	0.00016	0.00000	0.06499
657	0.00000	0.99982	0.00000	0.00000	0.00000	0.00018
658	0.00000	0.99758	0.00000	0.00000	0.00000	0.00242
659	0.85395	0.00000	0.00002	0.01694	0.12909	0.00000
660	0.00000	0.87569	0.00000	0.00593	0.00000	0.11838
661	0.00000	0.99248	0.00000	0.00001	0.00000	0.00751
662	0.00000	0.96912	0.00000	0.00011	0.00000	0.03077
663	0.00000	0.70928	0.00061	0.05210	0.00011	0.23790
664	0.99868	0.00000	0.00000	0.00000	0.00132	0.00000
665	0.00000	0.96198	0.00000	0.00101	0.00000	0.03701
666	0.99924	0.00000	0.00000	0.00000	0.00075	0.00000
667	0.99976	0.00000	0.00000	0.00000	0.00024	0.00000
668	0.98700	0.00000	0.00000	0.00013	0.01287	0.00000
669	0.99189	0.00000	0.00000	0.00003	0.00809	0.00000
670	0.99494	0.00000	0.00000	0.00002	0.00504	0.00000
671	0.00000	0.02124	0.00000	0.05169	0.00000	0.92706
672	0.00000	0.99327	0.00000	0.00001	0.00000	0.00672
673	0.00000	0.98463	0.00000	0.00006	0.00000	0.01531
674	0.02267	0.42881	0.09749	0.14499	0.05703	0.24901
675	0.00000	0.81478	0.00000	0.03350	0.00000	0.15172
676	0.00000	0.99939	0.00000	0.00000	0.00000	0.00061
677	0.00000	0.98976	0.00000	0.00006	0.00000	0.01018
678	0.87390	0.00000	0.00000	0.00053	0.12558	0.00000
679	0.00000	0.98935	0.00000	0.00003	0.00000	0.01063
680	0.00000	0.98506	0.00000	0.00009	0.00000	0.01485
681	0.00000	0.99745	0.00000	0.00000	0.00000	0.00254
682	0.00000	0.99437	0.00000	0.00001	0.00000	0.00562
683	0.00000	0.98606	0.00000	0.00001	0.00000	0.01393
684	0.00000	0.64437	0.00016	0.05761	0.00002	0.29784
685	0.00000	0.99902	0.00000	0.00000	0.00000	0.00098
686	0.00000	0.97464	0.00000	0.00009	0.00000	0.02527
687	0.00000	0.99540	0.00000	0.00000	0.00000	0.00460
688	0.00000	0.99947	0.00000	0.00000	0.00000	0.00053
689	0.00000	0.99831	0.00000	0.00000	0.00000	0.00169
690	0.00000	0.99379	0.00000	0.00000	0.00000	0.00620
691	0.00000	0.98953	0.00000	0.00000	0.00000	0.01047
692	0.00000	0.99023	0.00000	0.00001	0.00000	0.00975
693	0.00000	0.99189	0.00000	0.00003	0.00000	0.00808
694	0.00001	0.68803	0.00164	0.07829	0.00056	0.23147
695	0.00000	0.99682	0.00000	0.00000	0.00000	0.00318
696	0.00000	0.99812	0.00000	0.00000	0.00000	0.00187
697	0.00000	0.77096	0.00001	0.03498	0.00000	0.19405
698	0.00000	0.01989	0.00002	0.87016	0.00007	0.10986
699	0.00000	0.99754	0.00000	0.00000	0.00000	0.00246
700	0.00000	0.99480	0.00000	0.00001	0.00000	0.00519
701	0.99922	0.00000	0.00000	0.00000	0.00078	0.00000
702	0.99291	0.00000	0.00000	0.00002	0.00708	0.00000
703	0.99826	0.00000	0.00000	0.00000	0.00174	0.00000
704	0.91271	0.00000	0.00006	0.00706	0.08017	0.00001
705	0.00000	0.99685	0.00000	0.00000	0.00000	0.00314
706	0.00000	0.69210	0.00122	0.05241	0.00015	0.25412
707	0.82959	0.00000	0.00000	0.02646	0.14395	0.00000
708	0.00000	0.99756	0.00000	0.00000	0.00000	0.00244
709	0.00000	0.99453	0.00000	0.00000	0.00000	0.00547
710	0.00000	0.99226	0.00000	0.00001	0.00000	0.00772
711	0.00000	0.67022	0.00000	0.00173	0.00000	0.32805
712	0.00000	0.98805	0.00000	0.00001	0.00000	0.01194
713	0.00000	0.86881	0.00000	0.00056	0.00000	0.13063
714	0.93848	0.00000	0.00000	0.00036	0.06115	0.00000
715	0.00000	0.93558	0.00000	0.00394	0.00000	0.06048
716	0.00000	0.99781	0.00000	0.00000	0.00000	0.00219
717	0.00000	0.98503	0.00000	0.00002	0.00000	0.01496
718	0.99761	0.00000	0.00000	0.00000	0.00239	0.00000
719	0.00000	0.99468	0.00000	0.00001	0.00000	0.00532
720	0.00000	0.99889	0.00000	0.00000	0.00000	0.00111
721	0.00000	0.99815	0.00000	0.00000	0.00000	0.00185
722	0.00000	0.99880	0.00000	0.00000	0.00000	0.00120
723	0.00000	0.96013	0.00000	0.00039	0.00000	0.03948
724	0.00000	0.88291	0.00025	0.01219	0.00003	0.10463
725	0.00305	0.00014	0.00016	0.95977	0.03116	0.00572
726	0.00000	0.99842	0.00000	0.00000	0.00000	0.00158
727	0.00000	0.99747	0.00000	0.00000	0.00000	0.00253
728	0.02832	0.24472	0.04620	0.33479	0.06182	0.28414
729	0.00000	0.99721	0.00000	0.00000	0.00000	0.00279
730	0.00000	0.98386	0.00000	0.00007	0.00000	0.01607
731	0.00000	0.99631	0.00000	0.00001	0.00000	0.00369
732	0.99264	0.00000	0.00000	0.00004	0.00732	0.00000
733	0.00000	0.86367	0.00000	0.00689	0.00000	0.12944
734	0.00000	0.98697	0.00000	0.00005	0.00000	0.01298
735	0.00000	0.99726	0.00000	0.00000	0.00000	0.00273
736	0.00000	0.91713	0.00000	0.00644	0.00000	0.07643
737	0.00000	0.96727	0.00000	0.00006	0.00000	0.03268
738	0.99925	0.00000	0.00000	0.00000	0.00075	0.00000
739	0.00118	0.60514	0.02575	0.10521	0.01087	0.25186
740	0.00000	0.99456	0.00000	0.00001	0.00000	0.00542
741	0.89985	0.00000	0.00000	0.00213	0.09802	0.00000
742	0.00000	0.99763	0.00000	0.00000	0.00000	0.00237
743	0.00000	0.95207	0.00000	0.00033	0.00000	0.04760
744	0.00000	0.99841	0.00000	0.00000	0.00000	0.00159
745	0.99823	0.00000	0.00000	0.00000	0.00177	0.00000
746	0.00000	0.97762	0.00000	0.00001	0.00000	0.02237
747	0.00000	0.98432	0.00000	0.00004	0.00000	0.01564
748	0.00000	0.99959	0.00000	0.00000	0.00000	0.00041
749	0.00000	0.98442	0.00000	0.00009	0.00000	0.01549
750	0.16952	0.16364	0.16635	0.16701	0.16821	0.16527
751	0.00000	0.94948	0.00000	0.00015	0.00000	0.05037
752	0.00000	0.99842	0.00000	0.00000	0.00000	0.00158
753	0.00000	0.99134	0.00000	0.00002	0.00000	0.00863
754	0.00000	0.99837	0.00000	0.00000	0.00000	0.00163
755	0.00000	0.93865	0.00000	0.00140	0.00000	0.05995
756	0.00000	0.99093	0.00000	0.00002	0.00000	0.00905
757	0.00000	0.82103	0.00000	0.02709	0.00000	0.15188
758	0.00000	0.99185	0.00000	0.00004	0.00000	0.00811
759	0.99680	0.00000	0.00000	0.00000	0.00320	0.00000
760	0.99339	0.00000	0.00000	0.00001	0.00660	0.00000
761	0.00000	0.00002	0.00000	0.02362	0.00000	0.97636
762	0.00000	0.99967	0.00000	0.00000	0.00000	0.00033
763	0.00000	0.98018	0.00000	0.00008	0.00000	0.01975
764	0.00000	0.99816	0.00000	0.00000	0.00000	0.00184
765	0.00000	0.99332	0.00000	0.00001	0.00000	0.00666
766	0.00000	0.98259	0.00000	0.00009	0.00000	0.01732
767	0.00000	0.97808	0.00000	0.00005	0.00000	0.02187
768	0.00000	0.93926	0.00000	0.00180	0.00000	0.05893
