779101_sweeps	1.000/0.000/0.000/0.000	0.000/0.000/0.000/1.000	0.000/0.500/0.500/0.000	0.250/0.250/0.250/0.250	0.500/0.250/0.250/0.000	0.000/0.250/0.250/0.500
1	0.00000	0.99090	0.00000	0.00001	0.00000	0.00909
2	0.00000	0.99893	0.00000	0.00000	0.00000	0.00107
3	0.00000	0.96559	0.00000	0.00033	0.00000	0.03408
4	0.00000	0.82429	0.00001	0.02040	0.00000	0.15529
5	0.00000	0.98271	0.00000	0.00005	0.00000	0.01724
6	0.00000	0.91606	0.00000	0.00503	0.00000	0.07891
7	0.00000	0.28068	0.00000	0.00949	0.00000	0.70982
8	0.00000	0.99572	0.00000	0.00000	0.00000	0.00427
9	0.00000	0.98407	0.00000	0.00004	0.00000	0.01588
10	0.02903	0.00000	0.00001	0.01861	0.95235	0.00000
11	0.99762	0.00000	0.00000	0.00000	0.00237	0.00000
12	0.00000	0.94570	0.00000	0.00215	0.00000	0.05215
13	0.00000	0.99675	0.00000	0.00000	0.00000	0.00324
14	0.00000	0.99924	0.00000	0.00000	0.00000	0.00076
15	0.00000	0.99940	0.00000	0.00000	0.00000	0.00060
16	0.00000	0.95631	0.00000	0.00087	0.00000	0.04282
17	0.99863	0.00000	0.00000	0.00000	0.00137	0.00000
18	0.77966	0.00000	0.00007	0.04123	0.17903	0.00002
19	0.00000	0.88772	0.00000	0.00887	0.00000	0.10341
20	0.98908	0.00000	0.00000	0.00003	0.01088	0.00000
21	0.31642	0.03901	0.11015	0.19751	0.24932	0.08758
22	0.00000	0.99328	0.00000	0.00003	0.00000	0.00670
23	0.98225	0.00000	0.00000	0.00029	0.01746	0.00000
24	0.99836	0.00000	0.00000	0.00000	0.00164	0.00000
25	0.99690	0.00000	0.00000	0.00000	0.00310	0.00000
26	0.00000	0.96820	0.00000	0.00033	0.00000	0.03147
27	0.00000	0.99828	0.00000	0.00000	0.00000	0.00172
28	0.00000	0.99824	0.00000	0.00000	0.00000	0.00176
29	0.00000	0.99822	0.00000	0.00000	0.00000	0.00178
30	0.95399	0.00000	0.00000	0.00007	0.04594	0.00000
31	0.99702	0.00000	0.00000	0.00000	0.00298	0.00000
32	0.00000	0.69612	0.00005	0.07537	0.00002	0.22844
33	0.93895	0.00000	0.00023	0.00268	0.05813	0.00001
34	0.00161	0.00000	0.00003	0.97453	0.02261	0.00122
35	0.00000	0.88933	0.00012	0.00931	0.00001	0.10123
36	0.00000	0.97781	0.00000	0.00004	0.00000	0.02215
37	0.99972	0.00000	0.00000	0.00000	0.00028	0.00000
38	0.99899	0.00000	0.00000	0.00000	0.00101	0.00000
39	0.00000	0.99514	0.00000	0.00000	0.00000	0.00486
40	0.00000	0.99665	0.00000	0.00000	0.00000	0.00334
41	0.00000	0.99750	0.00000	0.00000	0.00000	0.00250
42	0.00000	0.99593	0.00000	0.00000	0.00000	0.00407
43	0.99735	0.00000	0.00000	0.00000	0.00265	0.00000
44	0.00000	0.94142	0.00000	0.00050	0.00000	0.05808
45	0.99990	0.00000	0.00000	0.00000	0.00010	0.00000
46	0.00000	0.97705	0.00000	0.00002	0.00000	0.02294
47	0.00000	0.56613	0.00000	0.00173	0.00000	0.43214
48	0.99567	0.00000	0.00000	0.00001	0.00433	0.00000
49	0.95330	0.00000	0.00000	0.00038	0.04632	0.00000
50	0.00000	0.70437	0.00000	0.07185	0.00000	0.22378
51	0.00000	0.99915	0.00000	0.00000	0.00000	0.00085
52	0.00000	0.99410	0.00000	0.00001	0.00000	0.00589
53	0.90682	0.00000	0.00000	0.00373	0.08946	0.00000
54	0.00000	0.98469	0.00000	0.00005	0.00000	0.01526
55	0.00000	0.99871	0.00000	0.00000	0.00000	0.00129
56	0.92212	0.00000	0.00000	0.00359	0.07429	0.00000
57	0.00000	0.99868	0.00000	0.00000	0.00000	0.00132
58	0.00000	0.99847	0.00000	0.00000	0.00000	0.00153
59	0.00000	0.89620	0.00000	0.01034	0.00000	0.09346
60	0.00000	0.99217	0.00000	0.00000	0.00000	0.00783
61	0.00000	0.99944	0.00000	0.00000	0.00000	0.00056
62	0.00000	0.98799	0.00000	0.00001	0.00000	0.01201
63	0.00000	0.99710	0.00000	0.00000	0.00000	0.00289
64	0.00000	0.99588	0.00000	0.00000	0.00000	0.00412
65	0.00000	0.36126	0.00000	0.00773	0.00000	0.63101
66	0.98444	0.00000	0.00000	0.00000	0.01556	0.00000
67	0.00000	0.97836	0.00000	0.00008	0.00000	0.02155
68	0.00000	0.55114	0.00000	0.00145	0.00000	0.44741
69	0.00000	0.82175	0.00017	0.02771	0.00003	0.15034
70	0.00000	0.99805	0.00000	0.00000	0.00000	0.00195
71	0.00000	0.99109	0.00000	0.00002	0.00000	0.00889
72	0.00000	0.99610	0.00000	0.00000	0.00000	0.00389
73	0.00000	0.98002	0.00000	0.00028	0.00000	0.01970
74	0.00000	0.99735	0.00000	0.00000	0.00000	0.00265
75	0.00000	0.98123	0.00000	0.00000	0.00000	0.01876
76	0.00000	0.99631	0.00000	0.00000	0.00000	0.00369
77	0.99987	0.00000	0.00000	0.00000	0.00013	0.00000
78	0.99653	0.00000	0.00000	0.00001	0.00346	0.00000
79	0.99085	0.00000	0.00000	0.00003	0.00913	0.00000
80	0.00073	0.00000	0.00000	0.98447	0.01475	0.00005
81	0.00000	0.98474	0.00000	0.00001	0.00000	0.01526
82	0.18907	0.08830	0.12832	0.23798	0.21165	0.14468
83	0.99286	0.00000	0.00000	0.00001	0.00712	0.00000
84	0.00000	0.40903	0.00000	0.01093	0.00000	0.58005
85	0.99932	0.00000	0.00000	0.00000	0.00068	0.00000
86	0.99680	0.00000	0.00000	0.00000	0.00320	0.00000
87	0.00000	0.88876	0.00000	0.00109	0.00000	0.11015
88	0.99955	0.00000	0.00000	0.00000	0.00045	0.00000
89	0.00000	0.94305	0.00000	0.00151	0.00000	0.05544
90	0.00000	0.99241	0.00000	0.00001	0.00000	0.00759
91	0.81670	0.00000	0.00000	0.02168	0.16162	0.00000
92	0.00000	0.21860	0.00000	0.00107	0.00000	0.78033
93	0.00000	0.96758	0.00000	0.00017	0.00000	0.03224
94	0.89626	0.00000	0.00000	0.00988	0.09386	0.00000
95	0.00000	0.93610	0.00000	0.00015	0.00000	0.06375
96	0.00000	0.91499	0.00000	0.00143	0.00000	0.08358
97	0.99966	0.00000	0.00000	0.00000	0.00034	0.00000
98	0.00000	0.97678	0.00000	0.00028	0.00000	0.02295
99	0.14267	0.16490	0.15168	0.19534	0.16629	0.17913
100	0.00000	0.98664	0.00000	0.00004	0.00000	0.01332
101	0.00000	0.99957	0.00000	0.00000	0.00000	0.00043
102	0.00000	0.98542	0.00000	0.00013	0.00000	0.01445
103	0.00000	0.99823	0.00000	0.00000	0.00000	0.00177
104	0.00000	0.99699	0.00000	0.00000	0.00000	0.00301
105	0.00000	0.80375	0.00045	0.03270	0.00009	0.16301
106	0.00000	0.99980	0.00000	0.00000	0.00000	0.00020
107	0.00000	0.99885	0.00000	0.00000	0.00000	0.00115
108	0.84805	0.00000	0.00000	0.00086	0.15110	0.00000
109	0.00000	0.99876	0.00000	0.00000	0.00000	0.00124
110	0.00000	0.99244	0.00000	0.00000	0.00000	0.00756
111	0.00000	0.98447	0.00000	0.00004	0.00000	0.01549
112	0.96063	0.00000	0.00000	0.00002	0.03935	0.00000
113	0.99054	0.00000	0.00000	0.00007	0.00939	0.00000
114	0.00000	0.98660	0.00000	0.00007	0.00000	0.01333
115	0.00000	0.99904	0.00000	0.00000	0.00000	0.00096
116	0.00372	0.00000	0.00012	0.00783	0.98834	0.00000
117	0.00000	0.99890	0.00000	0.00000	0.00000	0.00110
118	0.99833	0.00000	0.00000	0.00000	0.00166	0.00000
119	0.99829	0.00000	0.00000	0.00000	0.00171	0.00000
120	0.00000	0.99838	0.00000	0.00000	0.00000	0.00162
121	0.00000	0.99646	0.00000	0.00001	0.00000	0.00354
122	0.00000	0.99253	0.00000	0.00001	0.00000	0.00746
123	0.03116	0.38169	0.10800	0.16102	0.07049	0.24765
124	0.00000	0.94827	0.00000	0.00190	0.00000	0.04983
125	0.00000	0.98300	0.00000	0.00017	0.00000	0.01683
126	0.00000	0.99869	0.00000	0.00000	0.00000	0.00131
127	0.00000	0.98691	0.00000	0.00002	0.00000	0.01307
128	0.00000	0.99596	0.00000	0.00001	0.00000	0.00403
129	0.00000	0.94921	0.00000	0.00181	0.00000	0.04899
130	0.00000	0.99820	0.00000	0.00000	0.00000	0.00180
131	0.99850	0.00000	0.00000	0.00000	0.00150	0.00000
132	0.00000	0.99823	0.00000	0.00000	0.00000	0.00177
133	0.00000	0.99697	0.00000	0.00000	0.00000	0.00303
134	0.00000	0.99415	0.00000	0.00000	0.00000	0.00584
135	0.00000	0.99926	0.00000	0.00000	0.00000	0.00074
136	0.00000	0.99419	0.00000	0.00001	0.00000	0.00579
137	0.00000	0.99960	0.00000	0.00000	0.00000	0.00040
138	0.96379	0.00000	0.00000	0.00128	0.03493	0.00000
139	0.94814	0.00000	0.00000	0.00003	0.05183	0.00000
140	0.98216	0.00000	0.00000	0.00003	0.01782	0.00000
141	0.93740	0.00000	0.00000	0.00335	0.05925	0.00000
142	0.99727	0.00000	0.00000	0.00000	0.00273	0.00000
143	0.00000	0.99890	0.00000	0.00000	0.00000	0.00110
144	0.99754	0.00000	0.00000	0.00000	0.00246	0.00000
145	0.99858	0.00000	0.00000	0.00000	0.00142	0.00000
146	0.99821	0.00000	0.00000	0.00000	0.00178	0.00000
147	0.99817	0.00000	0.00000	0.00000	0.00182	0.00000
148	0.99714	0.00000	0.00000	0.00000	0.00286	0.00000
149	0.98009	0.00000	0.00000	0.00031	0.01960	0.00000
150	0.99949	0.00000	0.00000	0.00000	0.00051	0.00000
151	0.00000	0.86221	0.00020	0.00549	0.00000	0.13209
152	0.18850	0.09400	0.06621	0.32553	0.15473	0.17104
153	0.00000	0.87994	0.00005	0.01315	0.00001	0.10685
154	0.00000	0.99413	0.00000	0.00001	0.00000	0.00586
155	0.00000	0.64240	0.00138	0.08388	0.00022	0.27211
156	0.00000	0.97761	0.00000	0.00016	0.00000	0.02224
157	0.00000	0.94428	0.00000	0.00021	0.00000	0.05551
158	0.00000	0.99968	0.00000	0.00000	0.00000	0.00032
159	0.00000	0.99908	0.00000	0.00000	0.00000	0.00092
160	0.00000	0.94871	0.00000	0.00046	0.00000	0.05083
161	0.00000	0.99986	0.00000	0.00000	0.00000	0.00014
162	0.99769	0.00000	0.00000	0.00000	0.00231	0.00000
163	0.00000	0.98361	0.00000	0.00006	0.00000	0.01633
164	0.00000	0.99724	0.00000	0.00000	0.00000	0.00276
165	0.00000	0.79704	0.00053	0.02704	0.00007	0.17532
166	0.99985	0.00000	0.00000	0.00000	0.00015	0.00000
167	0.99980	0.00000	0.00000	0.00000	0.00020	0.00000
168	0.99271	0.00000	0.00000	0.00002	0.00727	0.00000
169	0.00000	0.99283	0.00000	0.00001	0.00000	0.00716
170	0.00000	0.97273	0.00000	0.00074	0.00000	0.02653
171	0.00000	0.99585	0.00000	0.00000	0.00000	0.00415
172	0.00000	0.99640	0.00000	0.00000	0.00000	0.00360
173	0.98300	0.00000	0.00000	0.00001	0.01699	0.00000
174	0.00000	0.87144	0.00000	0.00096	0.00000	0.12761
175	0.00000	0.97990	0.00000	0.00019	0.00000	0.01991
176	0.00000	0.99518	0.00000	0.00001	0.00000	0.00482
177	0.00000	0.99862	0.00000	0.00000	0.00000	0.00138
178	0.99597	0.00000	0.00000	0.00001	0.00402	0.00000
179	0.99921	0.00000	0.00000	0.00000	0.00079	0.00000
180	0.00000	0.98056	0.00000	0.00003	0.00000	0.01942
181	0.00000	0.59346	0.00000	0.01270	0.00000	0.39384
182	0.98713	0.00000	0.00000	0.00009	0.01278	0.00000
183	0.00000	0.90932	0.00000	0.00127	0.00000	0.08941
184	0.00000	0.99942	0.00000	0.00000	0.00000	0.00058
185	0.00000	0.99342	0.00000	0.00001	0.00000	0.00657
186	0.99989	0.00000	0.00000	0.00000	0.00011	0.00000
187	0.00000	0.99966	0.00000	0.00000	0.00000	0.00034
188	0.00000	0.99266	0.00000	0.00002	0.00000	0.00733
189	0.00000	0.99716	0.00000	0.00000	0.00000	0.00284
190	0.00000	0.97939	0.00000	0.00003	0.00000	0.02058
191	0.99959	0.00000	0.00000	0.00000	0.00041	0.00000
192	0.99020	0.00000	0.00000	0.00006	0.00974	0.00000
193	0.98404	0.00000	0.00000	0.00003	0.01593	0.00000
194	0.00000	0.99918	0.00000	0.00000	0.00000	0.00082
195	0.00000	0.99924	0.00000	0.00000	0.00000	0.00076
196	0.00000	0.99718	0.00000	0.00000	0.00000	0.00282
197	0.00000	0.86546	0.00000	0.01108	0.00000	0.12345
198	0.00000	0.98342	0.00000	0.00002	0.00000	0.01655
199	0.00000	0.99159	0.00000	0.00005	0.00000	0.00836
200	0.00000	0.00000	0.97794	0.00944	0.00063	0.01198
201	0.00000	0.99746	0.00000	0.00000	0.00000	0.00254
202	0.00000	0.99085	0.00000	0.00002	0.00000	0.00914
203	0.00000	0.94567	0.00000	0.00257	0.00000	0.05176
204	0.00000	0.99368	0.00000	0.00001	0.00000	0.00631
205	0.00000	0.81551	0.00000	0.00175	0.00000	0.18274
206	0.00000	0.99445	0.00000	0.00001	0.00000	0.00554
207	0.00000	0.99722	0.00000	0.00000	0.00000	0.00278
208	0.00000	0.97277	0.00000	0.00006	0.00000	0.02717
209	0.00000	0.99892	0.00000	0.00000	0.00000	0.00108
210	0.00000	0.99078	0.00000	0.00003	0.00000	0.00919
211	0.00000	0.15237	0.00000	0.00048	0.00000	0.84715
212	0.00000	0.99139	0.00000	0.00003	0.00000	0.00858
213	0.91095	0.00000	0.00000	0.00033	0.08872	0.00000
214	0.98052	0.00000	0.00000	0.00017	0.01931	0.00000
215	0.00000	0.34297	0.00000	0.00598	0.00000	0.65105
216	0.00000	0.99968	0.00000	0.00000	0.00000	0.00032
217	0.00000	0.99778	0.00000	0.00000	0.00000	0.00222
218	0.00000	0.99450	0.00000	0.00000	0.00000	0.00549
219	0.00000	0.99968	0.00000	0.00000	0.00000	0.00032
220	0.00058	0.72384	0.01121	0.06129	0.00471	0.19837
221	0.00000	0.97914	0.00000	0.00001	0.00000	0.02085
222	0.00000	0.99933	0.00000	0.00000	0.00000	0.00067
223	0.00000	0.88397	0.00029	0.01124	0.00003	0.10448
224	0.00000	0.99249	0.00000	0.00000	0.00000	0.00751
225	0.00000	0.99037	0.00000	0.00001	0.00000	0.00961
226	0.99930	0.00000	0.00000	0.00000	0.00070	0.00000
227	0.00000	0.96422	0.00000	0.00005	0.00000	0.03572
228	0.00000	0.80436	0.00060	0.02376	0.00005	0.17122
229	0.41600	0.00364	0.03802	0.21601	0.29865	0.02767
230	0.00000	0.99830	0.00000	0.00000	0.00000	0.00170
231	0.00000	0.99861	0.00000	0.00000	0.00000	0.00139
232	0.00000	0.96224	0.00000	0.00111	0.00000	0.03665
233	0.98081	0.00000	0.00000	0.00017	0.01902	0.00000
234	0.00000	0.63486	0.00130	0.10164	0.00047	0.26173
235	0.00000	0.99888	0.00000	0.00000	0.00000	0.00112
236	0.00000	0.98782	0.00000	0.00002	0.00000	0.01216
237	0.00000	0.97839	0.00000	0.00001	0.00000	0.02160
238	0.00000	0.99716	0.00000	0.00000	0.00000	0.00283
239	0.99933	0.00000	0.00000	0.00000	0.00066	0.00000
240	0.99987	0.00000	0.00000	0.00000	0.00013	0.00000
241	0.99936	0.00000	0.00000	0.00000	0.00064	0.00000
242	0.99938	0.00000	0.00000	0.00000	0.00062	0.00000
243	0.00000	0.99308	0.00000	0.00000	0.00000	0.00692
244	0.97936	0.00000	0.00000	0.00013	0.02051	0.00000
245	0.99003	0.00000	0.00000	0.00003	0.00993	0.00000
246	0.00000	0.99900	0.00000	0.00000	0.00000	0.00100
247	0.00000	0.99131	0.00000	0.00001	0.00000	0.00868
248	0.00000	0.99573	0.00000	0.00000	0.00000	0.00426
249	0.00000	0.97858	0.00000	0.00004	0.00000	0.02138
250	0.00000	0.99672	0.00000	0.00000	0.00000	0.00328
251	0.00000	0.99679	0.00000	0.00001	0.00000	0.00320
252	0.00000	0.99653	0.00000	0.00000	0.00000	0.00347
253	0.00000	0.99606	0.00000	0.00000	0.00000	0.00393
254	0.00000	0.99542	0.00000	0.00000	0.00000	0.00458
255	0.00000	0.99721	0.00000	0.00000	0.00000	0.00279
256	0.00000	0.78321	0.00000	0.00466	0.00000	0.21213
257	0.00000	0.99964	0.00000	0.00000	0.00000	0.00036
258	0.00000	0.99266	0.00000	0.00000	0.00000	0.00734
259	0.00000	0.99891	0.00000	0.00000	0.00000	0.00109
260	0.00000	0.81025	0.00001	0.03142	0.00000	0.15831
261	0.00000	0.99678	0.00000	0.00000	0.00000	0.00322
262	0.00000	0.99970	0.00000	0.00000	0.00000	0.00030
263	0.00000	0.99647	0.00000	0.00000	0.00000	0.00353
264	0.00000	0.99821	0.00000	0.00000	0.00000	0.00179
265	0.00384	0.57146	0.04590	0.10923	0.02028	0.24929
266	0.00000	0.99948	0.00000	0.00000	0.00000	0.00052
267	0.00000	0.66280	0.00000	0.00083	0.00000	0.33637
268	0.00000	0.99618	0.00000	0.00000	0.00000	0.00381
269	0.00000	0.98366	0.00000	0.00011	0.00000	0.01623
270	0.00000	0.99722	0.00000	0.00000	0.00000	0.00278
271	0.00000	0.99441	0.00000	0.00000	0.00000	0.00559
272	0.00000	0.99820	0.00000	0.00000	0.00000	0.00180
273	0.00000	0.99741	0.00000	0.00000	0.00000	0.00259
274	0.00000	0.99272	0.00000	0.00001	0.00000	0.00727
275	0.00000	0.98111	0.00000	0.00004	0.00000	0.01885
276	0.00000	0.99985	0.00000	0.00000	0.00000	0.00015
277	0.00000	0.99857	0.00000	0.00000	0.00000	0.00143
278	0.00000	0.99559	0.00000	0.00001	0.00000	0.00440
279	0.00000	0.99716	0.00000	0.00000	0.00000	0.00284
280	0.00000	0.99399	0.00000	0.00001	0.00000	0.00600
281	0.00000	0.99392	0.00000	0.00003	0.00000	0.00606
282	0.00000	0.99384	0.00000	0.00000	0.00000	0.00616
283	0.99888	0.00000	0.00000	0.00000	0.00112	0.00000
284	0.00000	0.39315	0.00007	0.31074	0.00010	0.29594
285	0.00000	0.99907	0.00000	0.00000	0.00000	0.00093
286	0.00000	0.99942	0.00000	0.00000	0.00000	0.00058
287	0.00000	0.99751	0.00000	0.00000	0.00000	0.00249
288	0.00000	0.99203	0.00000	0.00002	0.00000	0.00795
289	0.00000	0.98052	0.00000	0.00010	0.00000	0.01937
290	0.00000	0.99847	0.00000	0.00000	0.00000	0.00153
291	0.00000	0.99629	0.00000	0.00000	0.00000	0.00371
292	0.00000	0.99932	0.00000	0.00000	0.00000	0.00068
293	0.00000	0.91668	0.00000	0.00206	0.00000	0.08127
294	0.00000	0.99908	0.00000	0.00000	0.00000	0.00092
295	0.00000	0.99791	0.00000	0.00000	0.00000	0.00209
296	0.98994	0.00000	0.00000	0.00007	0.01000	0.00000
297	0.00000	0.99850	0.00000	0.00000	0.00000	0.00150
298	0.00000	0.84403	0.00000	0.02149	0.00000	0.13448
299	0.98114	0.00000	0.00000	0.00005	0.01880	0.00000
300	0.00000	0.96473	0.00000	0.00019	0.00000	0.03508
301	0.00000	0.77107	0.00004	0.01424	0.00000	0.21466
302	0.00000	0.99289	0.00000	0.00000	0.00000	0.00711
303	0.00000	0.99795	0.00000	0.00000	0.00000	0.00205
304	0.00000	0.99898	0.00000	0.00000	0.00000	0.00102
305	0.00000	0.99460	0.00000	0.00001	0.00000	0.00539
306	0.00000	0.99822	0.00000	0.00000	0.00000	0.00178
307	0.00000	0.99969	0.00000	0.00000	0.00000	0.00031
308	0.00000	0.99250	0.00000	0.00001	0.00000	0.00749
309	0.00000	0.99856	0.00000	0.00000	0.00000	0.00144
310	0.00000	0.98962	0.00000	0.00002	0.00000	0.01037
311	0.00000	0.78302	0.00062	0.04012	0.00015	0.17609
312	0.00000	0.99696	0.00000	0.00000	0.00000	0.00303
313	0.00000	0.99109	0.00000	0.00003	0.00000	0.00888
314	0.00000	0.98276	0.00000	0.00004	0.00000	0.01720
315	0.00000	0.92068	0.00000	0.00141	0.00000	0.07791
316	0.00000	0.99984	0.00000	0.00000	0.00000	0.00016
317	0.00000	0.99956	0.00000	0.00000	0.00000	0.00044
318	0.00000	0.97212	0.00000	0.00006	0.00000	0.02781
319	0.00000	0.11985	0.20722	0.16126	0.01420	0.49746
320	0.00000	0.99677	0.00000	0.00000	0.00000	0.00323
321	0.00000	0.96523	0.00000	0.00105	0.00000	0.03372
322	0.00000	0.98793	0.00000	0.00004	0.00000	0.01204
323	0.00000	0.99051	0.00000	0.00001	0.00000	0.00948
324	0.00000	0.99910	0.00000	0.00000	0.00000	0.00090
325	0.00000	0.50320	0.00000	0.00053	0.00000	0.49627
326	0.00000	0.98748	0.00000	0.00014	0.00000	0.01238
327	0.00000	0.99869	0.00000	0.00000	0.00000	0.00131
328	0.00000	0.99994	0.00000	0.00000	0.00000	0.00006
329	0.00000	0.88528	0.00000	0.00133	0.00000	0.11339
330	0.00000	0.78808	0.00004	0.04047	0.00001	0.17140
331	0.00000	0.99858	0.00000	0.00000	0.00000	0.00142
332	0.00000	0.99753	0.00000	0.00000	0.00000	0.00247
333	0.00000	0.93867	0.00000	0.00201	0.00000	0.05931
334	0.00000	0.99855	0.00000	0.00000	0.00000	0.00145
335	0.00000	0.99852	0.00000	0.00000	0.00000	0.00148
336	0.05399	0.34446	0.13489	0.15006	0.08967	0.22693
337	0.00000	0.99649	0.00000	0.00000	0.00000	0.00351
338	0.00000	0.99825	0.00000	0.00000	0.00000	0.00175
339	0.00000	0.97204	0.00000	0.00010	0.00000	0.02785
340	0.00000	0.00000	0.95882	0.00514	0.00005	0.03599
341	0.00000	0.99357	0.00000	0.00000	0.00000	0.00643
342	0.00000	0.99652	0.00000	0.00000	0.00000	0.00348
343	0.00000	0.00074	0.00000	0.02318	0.00000	0.97609
344	0.00000	0.93729	0.00000	0.00093	0.00000	0.06178
345	0.00000	0.97032	0.00000	0.00021	0.00000	0.02948
346	0.00000	0.72825	0.00003	0.06038	0.00001	0.21133
347	0.00000	0.00053	0.00002	0.04456	0.00000	0.95489
348	0.00000	0.99903	0.00000	0.00000	0.00000	0.00097
349	0.00000	0.99305	0.00000	0.00001	0.00000	0.00694
350	0.00000	0.97452	0.00000	0.00004	0.00000	0.02544
351	0.00000	0.97877	0.00000	0.00042	0.00000	0.02081
352	0.00000	0.99661	0.00000	0.00000	0.00000	0.00339
353	0.00000	0.42285	0.00000	0.08489	0.00000	0.49226
354	0.12700	0.20257	0.15865	0.17517	0.14860	0.18801
355	0.99137	0.00000	0.00000	0.00002	0.00861	0.00000
356	0.00000	0.99873	0.00000	0.00000	0.00000	0.00127
357	0.00000	0.99928	0.00000	0.00000	0.00000	0.00072
358	0.24956	0.07273	0.13407	0.20003	0.22317	0.12043
359	0.00000	0.98864	0.00000	0.00002	0.00000	0.01133
360	0.00000	0.75217	0.00000	0.01271	0.00000	0.23512
361	0.99891	0.00000	0.00000	0.00000	0.00109	0.00000
362	0.99911	0.00000	0.00000	0.00000	0.00089	0.00000
363	0.00000	0.96847	0.00000	0.00031	0.00000	0.03122
364	0.00000	0.99809	0.00000	0.00000	0.00000	0.00191
365	0.00000	0.93357	0.00000	0.00200	0.00000	0.06443
366	0.00000	0.99459	0.00000	0.00001	0.00000	0.00540
367	0.00000	0.99841	0.00000	0.00000	0.00000	0.00159
368	0.99406	0.00000	0.00000	0.00001	0.00593	0.00000
369	0.00000	0.99528	0.00000	0.00000	0.00000	0.00471
370	0.00000	0.99898	0.00000	0.00000	0.00000	0.00102
371	0.00000	0.99307	0.00000	0.00000	0.00000	0.00692
372	0.00000	0.98906	0.00000	0.00001	0.00000	0.01093
373	0.04475	0.03872	0.19400	0.31046	0.26801	0.14406
374	0.99877	0.00000	0.00000	0.00000	0.00123	0.00000
375	0.00000	0.92111	0.00000	0.00357	0.00000	0.07532
376	0.08665	0.26978	0.15178	0.16340	0.11865	0.20974
377	0.99649	0.00000	0.00000	0.00001	0.00350	0.00000
378	0.49997	0.00009	0.05241	0.13508	0.29788	0.01457
379	0.00000	0.99925	0.00000	0.00000	0.00000	0.00075
380	0.00000	0.99945	0.00000	0.00000	0.00000	0.00055
381	0.00000	0.99701	0.00000	0.00000	0.00000	0.00299
382	0.99820	0.00000	0.00000	0.00000	0.00180	0.00000
383	0.00000	0.96326	0.00000	0.00059	0.00000	0.03616
384	0.00000	0.98806	0.00000	0.00005	0.00000	0.01189
385	0.00000	0.93489	0.00000	0.00067	0.00000	0.06444
386	0.00000	0.98774	0.00000	0.00004	0.00000	0.01223
387	0.72404	0.00004	0.00507	0.06049	0.20889	0.00148
388	0.00000	0.99648	0.00000	0.00000	0.00000	0.00352
389	0.00000	0.99183	0.00000	0.00003	0.00000	0.00814
390	0.00000	0.99981	0.00000	0.00000	0.00000	0.00019
391	0.00000	0.92146	0.00001	0.00601	0.00000	0.07253
392	0.00000	0.99871	0.00000	0.00000	0.00000	0.00129
393	0.00000	0.97546	0.00000	0.00036	0.00000	0.02418
394	0.00000	0.99947	0.00000	0.00000	0.00000	0.00053
395	0.00000	0.99523	0.00000	0.00000	0.00000	0.00476
396	0.00000	0.99679	0.00000	0.00000	0.00000	0.00321
397	0.00000	0.99617	0.00000	0.00000	0.00000	0.00383
398	0.00001	0.72349	0.00192	0.06221	0.00057	0.21181
399	0.00000	0.99354	0.00000	0.00001	0.00000	0.00645
400	0.00000	0.99729	0.00000	0.00000	0.00000	0.00271
401	0.26087	0.06416	0.12781	0.20359	0.22962	0.11395
402	0.00000	0.99130	0.00000	0.00000	0.00000	0.00870
403	0.00000	0.99835	0.00000	0.00000	0.00000	0.00165
404	0.00000	0.94471	0.00000	0.00149	0.00000	0.05379
405	0.00000	0.99585	0.00000	0.00000	0.00000	0.00415
406	0.00000	0.99983	0.00000	0.00000	0.00000	0.00017
407	0.00000	0.95530	0.00000	0.00018	0.00000	0.04453
408	0.00000	0.99445	0.00000	0.00000	0.00000	0.00554
409	0.00000	0.99844	0.00000	0.00000	0.00000	0.00156
410	0.00000	0.99841	0.00000	0.00000	0.00000	0.00159
411	0.99732	0.00000	0.00000	0.00000	0.00268	0.00000
412	0.00000	0.99992	0.00000	0.00000	0.00000	0.00008
413	0.00000	0.99730	0.00000	0.00001	0.00000	0.00270
414	0.00000	0.94427	0.00000	0.00047	0.00000	0.05525
415	0.00000	0.56979	0.00390	0.09992	0.00056	0.32583
416	0.00000	0.97552	0.00000	0.00015	0.00000	0.02433
417	0.00000	0.99638	0.00000	0.00000	0.00000	0.00362
418	0.00000	0.99470	0.00000	0.00001	0.00000	0.00530
419	0.00000	0.99976	0.00000	0.00000	0.00000	0.00024
420	0.00000	0.99321	0.00000	0.00001	0.00000	0.00678
421	0.00000	0.93824	0.00000	0.00008	0.00000	0.06168
422	0.00292	0.43701	0.02019	0.21748	0.01588	0.30652
423	0.00000	0.70672	0.00139	0.05578	0.00026	0.23585
424	0.00000	0.87525	0.00000	0.00376	0.00000	0.12099
425	0.00000	0.93343	0.00000	0.00108	0.00000	0.06549
426	0.00000	0.98689	0.00000	0.00001	0.00000	0.01310
427	0.00000	0.89102	0.00000	0.00365	0.00000	0.10534
428	0.00000	0.97001	0.00000	0.00014	0.00000	0.02985
429	0.00000	0.45933	0.00000	0.03189	0.00000	0.50879
430	0.00000	0.99497	0.00000	0.00001	0.00000	0.00502
431	0.00000	0.99719	0.00000	0.00000	0.00000	0.00281
432	0.00000	0.87226	0.00000	0.00055	0.00000	0.12719
433	0.00000	0.99627	0.00000	0.00000	0.00000	0.00373
434	0.00000	0.95738	0.00000	0.00149	0.00000	0.04113
435	0.00000	0.98365	0.00000	0.00007	0.00000	0.01629
436	0.99317	0.00000	0.00000	0.00003	0.00680	0.00000
437	0.00000	0.94258	0.00000	0.00047	0.00000	0.05695
438	0.00000	0.99651	0.00000	0.00001	0.00000	0.00349
439	0.00000	0.99923	0.00000	0.00000	0.00000	0.00077
440	0.00000	0.99006	0.00000	0.00006	0.00000	0.00989
441	0.00000	0.99667	0.00000	0.00000	0.00000	0.00333
442	0.00000	0.99846	0.00000	0.00000	0.00000	0.00154
443	0.00000	0.99272	0.00000	0.00001	0.00000	0.00727
444	0.00000	0.45541	0.00000	0.00131	0.00000	0.54328
445	0.00000	0.91891	0.00000	0.00023	0.00000	0.08087
446	0.00000	0.99302	0.00000	0.00001	0.00000	0.00697
447	0.00000	0.48138	0.00000	0.00293	0.00000	0.51568
448	0.00000	0.98113	0.00000	0.00001	0.00000	0.01886
449	0.00000	0.99966	0.00000	0.00000	0.00000	0.00034
450	0.00000	0.99638	0.00000	0.00000	0.00000	0.00362
451	0.00000	0.99632	0.00000	0.00001	0.00000	0.00368
452	0.00001	0.82653	0.00437	0.02333	0.00058	0.14518
453	0.00000	0.98595	0.00000	0.00003	0.00000	0.01402
454	0.00000	0.99284	0.00000	0.00001	0.00000	0.00715
455	0.00000	0.96077	0.00000	0.00085	0.00000	0.03839
456	0.00000	0.99424	0.00000	0.00001	0.00000	0.00576
457	0.00000	0.87345	0.00000	0.01314	0.00000	0.11340
458	0.00000	0.99686	0.00000	0.00000	0.00000	0.00314
459	0.00000	0.99692	0.00000	0.00000	0.00000	0.00308
460	0.97662	0.00000	0.00000	0.00002	0.02336	0.00000
461	0.00000	0.99695	0.00000	0.00000	0.00000	0.00305
462	0.00000	0.82622	0.00000	0.00069	0.00000	0.17310
463	0.17911	0.15282	0.16727	0.16709	0.17345	0.16026
464	0.99706	0.00000	0.00000	0.00001	0.00294	0.00000
465	0.00000	0.99922	0.00000	0.00000	0.00000	0.00078
466	0.00000	0.99900	0.00000	0.00000	0.00000	0.00100
467	0.01556	0.22718	0.06209	0.34028	0.06937	0.28552
468	0.00000	0.99577	0.00000	0.00000	0.00000	0.00423
469	0.00000	0.98565	0.00000	0.00001	0.00000	0.01434
470	0.00000	0.78730	0.00004	0.02001	0.00000	0.19264
471	0.00000	0.99847	0.00000	0.00000	0.00000	0.00153
472	0.00000	0.50235	0.00000	0.00055	0.00000	0.49711
473	0.00000	0.99744	0.00000	0.00000	0.00000	0.00256
474	0.00009	0.45214	0.00363	0.22376	0.00259	0.31779
475	0.00000	0.98228	0.00000	0.00011	0.00000	0.01761
476	0.00000	0.99936	0.00000	0.00000	0.00000	0.00064
477	0.00000	0.99793	0.00000	0.00000	0.00000	0.00207
478	0.00000	0.99905	0.00000	0.00000	0.00000	0.00095
479	0.00000	0.94864	0.00000	0.00130	0.00000	0.05006
480	0.00000	0.99383	0.00000	0.00000	0.00000	0.00616
481	0.00000	0.97555	0.00000	0.00004	0.00000	0.02441
482	0.00000	0.99629	0.00000	0.00000	0.00000	0.00370
483	0.00000	0.99800	0.00000	0.00000	0.00000	0.00199
484	0.00000	0.98079	0.00000	0.00005	0.00000	0.01916
485	0.00000	0.99935	0.00000	0.00000	0.00000	0.00065
486	0.00000	0.97429	0.00000	0.00031	0.00000	0.02540
487	0.00000	0.99934	0.00000	0.00000	0.00000	0.00066
488	0.00000	0.99964	0.00000	0.00000	0.00000	0.00036
489	0.00000	0.99681	0.00000	0.00000	0.00000	0.00318
490	0.00000	0.99553	0.00000	0.00001	0.00000	0.00446
491	0.00000	0.97848	0.00000	0.00005	0.00000	0.02147
492	0.00000	0.92651	0.00002	0.00506	0.00000	0.06840
493	0.00000	0.99295	0.00000	0.00001	0.00000	0.00704
494	0.00000	0.82552	0.00029	0.02413	0.00004	0.15003
495	0.00000	0.99827	0.00000	0.00000	0.00000	0.00173
496	0.00000	0.99703	0.00000	0.00000	0.00000	0.00297
497	0.00000	0.99650	0.00000	0.00000	0.00000	0.00350
498	0.00000	0.97301	0.00000	0.00013	0.00000	0.02687
499	0.00000	0.95434	0.00000	0.00023	0.00000	0.04542
500	0.03038	0.16377	0.20013	0.22789	0.17344	0.20439
501	0.00000	0.95352	0.00000	0.00002	0.00000	0.04646
502	0.00001	0.48232	0.00105	0.20118	0.00070	0.31474
503	0.00000	0.98467	0.00000	0.00006	0.00000	0.01528
504	0.00000	0.98242	0.00000	0.00010	0.00000	0.01748
505	0.00000	0.98263	0.00000	0.00008	0.00000	0.01729
506	0.97913	0.00000	0.00000	0.00043	0.02044	0.00000
507	0.99775	0.00000	0.00000	0.00000	0.00225	0.00000
508	0.00000	0.98271	0.00000	0.00018	0.00000	0.01710
509	0.00000	0.98627	0.00000	0.00004	0.00000	0.01368
510	0.00000	0.99929	0.00000	0.00000	0.00000	0.00071
511	0.00000	0.99735	0.00000	0.00000	0.00000	0.00265
512	0.00000	0.99682	0.00000	0.00000	0.00000	0.00318
513	0.55399	0.00000	0.00000	0.00084	0.44516	0.00000
514	0.00000	0.99088	0.00000	0.00003	0.00000	0.00909
515	0.99486	0.00000	0.00000	0.00001	0.00513	0.00000
516	0.00001	0.74215	0.00181	0.04474	0.00039	0.21090
517	0.00000	0.99910	0.00000	0.00000	0.00000	0.00090
518	0.99837	0.00000	0.00000	0.00000	0.00163	0.00000
519	0.00000	0.99664	0.00000	0.00000	0.00000	0.00336
520	0.00000	0.87676	0.00000	0.00092	0.00000	0.12231
521	0.00000	0.99454	0.00000	0.00001	0.00000	0.00545
522	0.00000	0.99607	0.00000	0.00001	0.00000	0.00392
523	0.00000	0.99962	0.00000	0.00000	0.00000	0.00038
524	0.00000	0.99825	0.00000	0.00000	0.00000	0.00175
525	0.00000	0.99355	0.00000	0.00002	0.00000	0.00643
526	0.00000	0.96663	0.00000	0.00045	0.00000	0.03291
527	0.00000	0.99777	0.00000	0.00000	0.00000	0.00223
528	0.00000	0.92210	0.00001	0.00591	0.00000	0.07199
529	0.00762	0.57444	0.06520	0.09410	0.02661	0.23203
530	0.00000	0.99925	0.00000	0.00000	0.00000	0.00075
531	0.00000	0.99363	0.00000	0.00001	0.00000	0.00636
532	0.00000	0.98210	0.00000	0.00007	0.00000	0.01783
533	0.99869	0.00000	0.00000	0.00000	0.00131	0.00000
534	0.00000	0.99853	0.00000	0.00000	0.00000	0.00147
535	0.00000	0.95505	0.00000	0.00017	0.00000	0.04478
536	0.00000	0.99825	0.00000	0.00000	0.00000	0.00175
537	0.66679	0.00000	0.00000	0.00065	0.33256	0.00000
538	0.00001	0.83682	0.00154	0.02350	0.00032	0.13781
539	0.00000	0.99930	0.00000	0.00000	0.00000	0.00070
540	0.97029	0.00000	0.00000	0.00060	0.02911	0.00000
541	0.99363	0.00000	0.00000	0.00001	0.00636	0.00000
542	0.99663	0.00000	0.00000	0.00001	0.00336	0.00000
543	0.00000	0.94290	0.00000	0.00040	0.00000	0.05670
544	0.00000	0.99573	0.00000	0.00000	0.00000	0.00426
545	0.00000	0.56343	0.00000	0.00183	0.00000	0.43474
546	0.00000	0.98830	0.00000	0.00001	0.00000	0.01169
547	0.00000	0.99126	0.00000	0.00001	0.00000	0.00873
548	0.59531	0.00000	0.00009	0.12900	0.27556	0.00004
549	0.00000	0.91728	0.00000	0.00015	0.00000	0.08257
550	0.00000	0.99993	0.00000	0.00000	0.00000	0.00007
551	0.99800	0.00000	0.00000	0.00000	0.00200	0.00000
552	0.00000	0.99943	0.00000	0.00000	0.00000	0.00057
553	0.00000	0.99862	0.00000	0.00000	0.00000	0.00138
554	0.00000	0.99898	0.00000	0.00000	0.00000	0.00102
555	0.00000	0.99819	0.00000	0.00000	0.00000	0.00181
556	0.00000	0.00000	0.96223	0.02906	0.00198	0.00674
557	0.00000	0.99878	0.00000	0.00000	0.00000	0.00122
558	0.00000	0.99863	0.00000	0.00000	0.00000	0.00137
559	0.99659	0.00000	0.00000	0.00000	0.00341	0.00000
560	0.99967	0.00000	0.00000	0.00000	0.00033	0.00000
561	0.99928	0.00000	0.00000	0.00000	0.00072	0.00000
562	0.99870	0.00000	0.00000	0.00000	0.00130	0.00000
563	0.00000	0.95287	0.00000	0.00027	0.00000	0.04686
564	0.00000	0.99977	0.00000	0.00000	0.00000	0.00023
565	0.99775	0.00000	0.00000	0.00000	0.00225	0.00000
566	0.00000	0.99877	0.00000	0.00000	0.00000	0.00123
567	0.18819	0.14609	0.16576	0.16676	0.17714	0.15607
568	0.99592	0.00000	0.00000	0.00001	0.00408	0.00000
569	0.00000	0.59846	0.00000	0.00109	0.00000	0.40045
570	0.00000	0.99208	0.00000	0.00001	0.00000	0.00791
571	0.00000	0.99913	0.00000	0.00000	0.00000	0.00087
572	0.00000	0.98730	0.00000	0.00002	0.00000	0.01268
573	0.00000	0.99477	0.00000	0.00001	0.00000	0.00523
574	0.00000	0.97611	0.00000	0.00029	0.00000	0.02359
575	0.00000	0.00000	0.00053	0.02859	0.97087	0.00000
576	0.00000	0.99753	0.00000	0.00000	0.00000	0.00247
577	0.99986	0.00000	0.00000	0.00000	0.00014	0.00000
578	0.00000	0.99979	0.00000	0.00000	0.00000	0.00021
579	0.00000	0.65499	0.00000	0.03429	0.00000	0.31073
580	0.00000	0.64130	0.00032	0.10245	0.00013	0.25580
581	0.00000	0.99927	0.00000	0.00000	0.00000	0.00073
582	0.00000	0.99905	0.00000	0.00000	0.00000	0.00095
583	0.00012	0.56404	0.00721	0.14191	0.00363	0.28310
584	0.00000	0.98173	0.00000	0.00006	0.00000	0.01820
585	0.00000	0.55078	0.00000	0.00215	0.00000	0.44707
586	0.00000	0.99876	0.00000	0.00000	0.00000	0.00124
587	0.00000	0.99931	0.00000	0.00000	0.00000	0.00069
588	0.00000	0.98710	0.00000	0.00003	0.00000	0.01287
589	0.00000	0.99400	0.00000	0.00001	0.00000	0.00599
590	0.00000	0.68734	0.00000	0.00050	0.00000	0.31216
591	0.00000	0.91373	0.00000	0.00564	0.00000	0.08063
592	0.00006	0.78479	0.00374	0.03817	0.00093	0.17231
593	0.00000	0.99468	0.00000	0.00000	0.00000	0.00532
594	0.00000	0.99948	0.00000	0.00000	0.00000	0.00052
595	0.00000	0.99965	0.00000	0.00000	0.00000	0.00035
596	0.00000	0.70974	0.00012	0.05452	0.00002	0.23560
597	0.00000	0.57015	0.00000	0.06667	0.00000	0.36318
598	0.00000	0.85661	0.00002	0.01315	0.00000	0.13022
599	0.00000	0.96233	0.00000	0.00134	0.00000	0.03633
600	0.00000	0.99884	0.00000	0.00000	0.00000	0.00116
601	0.00018	0.40756	0.00741	0.25663	0.00597	0.32227
602	0.99991	0.00000	0.00000	0.00000	0.00009	0.00000
603	0.87068	0.00000	0.00000	0.01496	0.11436	0.00000
604	0.00000	0.99929	0.00000	0.00000	0.00000	0.00071
605	0.00000	0.99275	0.00000	0.00003	0.00000	0.00722
606	0.00000	0.98306	0.00000	0.00009	0.00000	0.01685
607	0.00000	0.99708	0.00000	0.00000	0.00000	0.00292
608	0.00000	0.99602	0.00000	0.00000	0.00000	0.00397
609	0.00000	0.99573	0.00000	0.00001	0.00000	0.00426
610	0.99636	0.00000	0.00000	0.00001	0.00364	0.00000
611	0.00000	0.98335	0.00000	0.00001	0.00000	0.01664
612	0.00000	0.99749	0.00000	0.00000	0.00000	0.00251
613	0.00000	0.99718	0.00000	0.00000	0.00000	0.00282
614	0.00002	0.60311	0.00491	0.09603	0.00139	0.29453
615	0.00000	0.99976	0.00000	0.00000	0.00000	0.00024
616	0.00000	0.99775	0.00000	0.00000	0.00000	0.00225
617	0.00000	0.95869	0.00000	0.00067	0.00000	0.04064
618	0.00000	0.90803	0.00000	0.00026	0.00000	0.09171
619	0.00000	0.99548	0.00000	0.00001	0.00000	0.00451
620	0.00000	0.99299	0.00000	0.00001	0.00000	0.00700
621	0.00000	0.99877	0.00000	0.00000	0.00000	0.00123
622	0.00000	0.62546	0.00072	0.09681	0.00018	0.27684
623	0.00000	0.99543	0.00000	0.00000	0.00000	0.00457
624	0.00000	0.93976	0.00000	0.00030	0.00000	0.05994
625	0.00000	0.99932	0.00000	0.00000	0.00000	0.00068
626	0.01766	0.48914	0.08452	0.12272	0.04516	0.24080
627	0.00000	0.93329	0.00000	0.00068	0.00000	0.06603
628	0.00000	0.99567	0.00000	0.00001	0.00000	0.00432
629	0.00000	0.99805	0.00000	0.00000	0.00000	0.00195
630	0.00000	0.98364	0.00000	0.00005	0.00000	0.01631
631	0.00000	0.99404	0.00000	0.00002	0.00000	0.00594
632	0.99698	0.00000	0.00000	0.00000	0.00301	0.00000
633	0.00000	0.35490	0.00000	0.00036	0.00000	0.64474
634	0.00000	0.98914	0.00000	0.00003	0.00000	0.01083
635	0.00000	0.99932	0.00000	0.00000	0.00000	0.00068
636	0.00000	0.85363	0.00016	0.01734	0.00002	0.12885
637	0.00000	0.99749	0.00000	0.00000	0.00000	0.00251
638	0.00000	0.98620	0.00000	0.00002	0.00000	0.01378
639	0.00000	0.99765	0.00000	0.00000	0.00000	0.00235
640	0.00000	0.99533	0.00000	0.00000	0.00000	0.00467
641	0.00000	0.99946	0.00000	0.00000	0.00000	0.00054
642	0.00000	0.99973	0.00000	0.00000	0.00000	0.00027
643	0.00000	0.99957	0.00000	0.00000	0.00000	0.00043
644	0.00000	0.00000	0.00001	0.51029	0.00000	0.48970
645	0.00000	0.98158	0.00000	0.00009	0.00000	0.01832
646	0.00000	0.98805	0.00000	0.00005	0.00000	0.01191
647	0.00000	0.99777	0.00000	0.00000	0.00000	0.00223
648	0.00000	0.99801	0.00000	0.00000	0.00000	0.00199
649	0.00000	0.97911	0.00000	0.00018	0.00000	0.02070
650	0.99954	0.00000	0.00000	0.00000	0.00046	0.00000
651	0.00000	0.96252	0.00000	0.00003	0.00000	0.03745
652	0.00000	0.99145	0.00000	0.00000	0.00000	0.00854
653	0.98450	0.00000	0.00000	0.00025	0.01525	0.00000
654	0.00000	0.99207	0.00000	0.00001	0.00000	0.00792
655	0.00000	0.97943	0.00000	0.00009	0.00000	0.02048
656	0.00000	0.93486	0.00000	0.00016	0.00000	0.06499
657	0.00000	0.99982	0.00000	0.00000	0.00000	0.00018
658	0.00000	0.99758	0.00000	0.00000	0.00000	0.00242
659	0.85394	0.00000	0.00002	0.01694	0.12909	0.00000
660	0.00000	0.87569	0.00000	0.00593	0.00000	0.11838
661	0.00000	0.99248	0.00000	0.00001	0.00000	0.00751
662	0.00000	0.96911	0.00000	0.00011	0.00000	0.03078
663	0.00000	0.70930	0.00061	0.05210	0.00011	0.23789
664	0.99868	0.00000	0.00000	0.00000	0.00132	0.00000
665	0.00000	0.96197	0.00000	0.00101	0.00000	0.03702
666	0.99924	0.00000	0.00000	0.00000	0.00076	0.00000
667	0.99976	0.00000	0.00000	0.00000	0.00024	0.00000
668	0.98699	0.00000	0.00000	0.00013	0.01287	0.00000
669	0.99189	0.00000	0.00000	0.00003	0.00809	0.00000
670	0.99494	0.00000	0.00000	0.00002	0.00504	0.00000
671	0.00000	0.02123	0.00000	0.05169	0.00000	0.92708
672	0.00000	0.99327	0.00000	0.00001	0.00000	0.00672
673	0.00000	0.98463	0.00000	0.00006	0.00000	0.01531
674	0.02267	0.42882	0.09749	0.14499	0.05702	0.24901
675	0.00000	0.81482	0.00000	0.03350	0.00000	0.15168
676	0.00000	0.99939	0.00000	0.00000	0.00000	0.00061
677	0.00000	0.98976	0.00000	0.00006	0.00000	0.01018
678	0.87391	0.00000	0.00000	0.00053	0.12556	0.00000
679	0.00000	0.98935	0.00000	0.00003	0.00000	0.01063
680	0.00000	0.98506	0.00000	0.00009	0.00000	0.01485
681	0.00000	0.99745	0.00000	0.00000	0.00000	0.00254
682	0.00000	0.99437	0.00000	0.00001	0.00000	0.00562
683	0.00000	0.98606	0.00000	0.00001	0.00000	0.01392
684	0.00000	0.64439	0.00016	0.05760	0.00002	0.29783
685	0.00000	0.99902	0.00000	0.00000	0.00000	0.00098
686	0.00000	0.97464	0.00000	0.00009	0.00000	0.02527
687	0.00000	0.99540	0.00000	0.00000	0.00000	0.00460
688	0.00000	0.99947	0.00000	0.00000	0.00000	0.00053
689	0.00000	0.99831	0.00000	0.00000	0.00000	0.00169
690	0.00000	0.99379	0.00000	0.00000	0.00000	0.00620
691	0.00000	0.98953	0.00000	0.00000	0.00000	0.01047
692	0.00000	0.99023	0.00000	0.00001	0.00000	0.00975
693	0.00000	0.99189	0.00000	0.00003	0.00000	0.00808
694	0.00001	0.68802	0.00164	0.07830	0.00056	0.23148
695	0.00000	0.99682	0.00000	0.00000	0.00000	0.00318
696	0.00000	0.99812	0.00000	0.00000	0.00000	0.00187
697	0.00000	0.77093	0.00001	0.03499	0.00000	0.19408
698	0.00000	0.01991	0.00002	0.87004	0.00007	0.10996
699	0.00000	0.99754	0.00000	0.00000	0.00000	0.00246
700	0.00000	0.99480	0.00000	0.00001	0.00000	0.00519
701	0.99922	0.00000	0.00000	0.00000	0.00078	0.00000
702	0.99291	0.00000	0.00000	0.00002	0.00708	0.00000
703	0.99826	0.00000	0.00000	0.00000	0.00174	0.00000
704	0.91271	0.00000	0.00006	0.00706	0.08017	0.00001
705	0.00000	0.99685	0.00000	0.00000	0.00000	0.00314
706	0.00000	0.69207	0.00122	0.05241	0.00015	0.25414
707	0.82955	0.00000	0.00000	0.02647	0.14398	0.00000
708	0.00000	0.99756	0.00000	0.00000	0.00000	0.00244
709	0.00000	0.99453	0.00000	0.00000	0.00000	0.00547
710	0.00000	0.99227	0.00000	0.00001	0.00000	0.00772
711	0.00000	0.67016	0.00000	0.00173	0.00000	0.32812
712	0.00000	0.98805	0.00000	0.00001	0.00000	0.01194
713	0.00000	0.86888	0.00000	0.00056	0.00000	0.13056
714	0.93846	0.00000	0.00000	0.00036	0.06118	0.00000
715	0.00000	0.93558	0.00000	0.00394	0.00000	0.06048
716	0.00000	0.99781	0.00000	0.00000	0.00000	0.00219
717	0.00000	0.98503	0.00000	0.00002	0.00000	0.01496
718	0.99761	0.00000	0.00000	0.00000	0.00239	0.00000
719	0.00000	0.99468	0.00000	0.00001	0.00000	0.00532
720	0.00000	0.99889	0.00000	0.00000	0.00000	0.00111
721	0.00000	0.99815	0.00000	0.00000	0.00000	0.00185
722	0.00000	0.99880	0.00000	0.00000	0.00000	0.00120
723	0.00000	0.96014	0.00000	0.00039	0.00000	0.03948
724	0.00000	0.88292	0.00025	0.01218	0.00003	0.10462
725	0.00304	0.00014	0.00016	0.95980	0.03113	0.00572
726	0.00000	0.99842	0.00000	0.00000	0.00000	0.00158
727	0.00000	0.99747	0.00000	0.00000	0.00000	0.00253
728	0.02836	0.24467	0.04622	0.33479	0.06185	0.28411
729	0.00000	0.99721	0.00000	0.00000	0.00000	0.00279
730	0.00000	0.98387	0.00000	0.00007	0.00000	0.01607
731	0.00000	0.99631	0.00000	0.00001	0.00000	0.00369
732	0.99264	0.00000	0.00000	0.00004	0.00733	0.00000
733	0.00000	0.86365	0.00000	0.00689	0.00000	0.12946
734	0.00000	0.98697	0.00000	0.00005	0.00000	0.01298
735	0.00000	0.99726	0.00000	0.00000	0.00000	0.00273
736	0.00000	0.91713	0.00000	0.00644	0.00000	0.07643
737	0.00000	0.96727	0.00000	0.00006	0.00000	0.03267
738	0.99925	0.00000	0.00000	0.00000	0.00075	0.00000
739	0.00118	0.60515	0.02574	0.10520	0.01087	0.25185
740	0.00000	0.99457	0.00000	0.00001	0.00000	0.00542
741	0.89985	0.00000	0.00000	0.00213	0.09802	0.00000
742	0.00000	0.99763	0.00000	0.00000	0.00000	0.00237
743	0.00000	0.95208	0.00000	0.00033	0.00000	0.04760
744	0.00000	0.99841	0.00000	0.00000	0.00000	0.00159
745	0.99823	0.00000	0.00000	0.00000	0.00177	0.00000
746	0.00000	0.97763	0.00000	0.00001	0.00000	0.02236
747	0.00000	0.98432	0.00000	0.00004	0.00000	0.01564
748	0.00000	0.99959	0.00000	0.00000	0.00000	0.00041
749	0.00000	0.98442	0.00000	0.00009	0.00000	0.01549
750	0.16952	0.16364	0.16635	0.16701	0.16820	0.16527
751	0.00000	0.94950	0.00000	0.00015	0.00000	0.05035
752	0.00000	0.99842	0.00000	0.00000	0.00000	0.00158
753	0.00000	0.99135	0.00000	0.00002	0.00000	0.00863
754	0.00000	0.99837	0.00000	0.00000	0.00000	0.00163
755	0.00000	0.93865	0.00000	0.00140	0.00000	0.05995
756	0.00000	0.99093	0.00000	0.00002	0.00000	0.00905
757	0.00000	0.82102	0.00000	0.02710	0.00000	0.15188
758	0.00000	0.99185	0.00000	0.00004	0.00000	0.00811
759	0.99680	0.00000	0.00000	0.00000	0.00320	0.00000
760	0.99339	0.00000	0.00000	0.00001	0.00660	0.00000
761	0.00000	0.00002	0.00000	0.02362	0.00000	0.97636
762	0.00000	0.99967	0.00000	0.00000	0.00000	0.00033
763	0.00000	0.98018	0.00000	0.00008	0.00000	0.01975
764	0.00000	0.99816	0.00000	0.00000	0.00000	0.00184
765	0.00000	0.99332	0.00000	0.00001	0.00000	0.00666
766	0.00000	0.98259	0.00000	0.00009	0.00000	0.01732
767	0.00000	0.97807	0.00000	0.00005	0.00000	0.02188
768	0.00000	0.93926	0.00000	0.00180	0.00000	0.05893
