0.174025 0.000010 0.022587 0.172774 0.000010 0.396181 0.000010 0.234383 0.000010 0.000010
0.155005 0.000010 0.000010 0.335097 0.000010 0.309600 0.000010 0.192513 0.000010 0.007735
0.054722 0.000010 0.204311 0.081412 0.000010 0.069686 0.000010 0.000010 0.589820 0.000010
0.999910 0.000010 0.000010 0.000010 0.000010 0.000010 0.000010 0.000010 0.000010 0.000010
0.000010 0.115768 0.292025 0.000010 0.000010 0.000010 0.000010 0.168588 0.423559 0.000010
0.264249 0.000010 0.000010 0.179308 0.000010 0.000010 0.000010 0.255500 0.300883 0.000010
0.000010 0.000010 0.601178 0.000010 0.000010 0.000010 0.031115 0.000010 0.367637 0.000010
0.000010 0.136136 0.000010 0.000010 0.000010 0.404323 0.000010 0.112776 0.346705 0.000010
0.178364 0.000010 0.316865 0.000010 0.000010 0.224951 0.000010 0.117422 0.162348 0.000010
0.000010 0.000010 0.084708 0.000010 0.188731 0.000010 0.232254 0.083946 0.088351 0.321969
0.000010 0.000010 0.000010 0.000010 0.549051 0.000010 0.450869 0.000010 0.000010 0.000010
0.000010 0.429754 0.000010 0.000010 0.018288 0.551888 0.000010 0.000010 0.000010 0.000010
0.037007 0.000010 0.000010 0.451527 0.000010 0.153507 0.000010 0.357899 0.000010 0.000010
0.000010 0.231716 0.342603 0.000010 0.000010 0.198274 0.000010 0.227347 0.000010 0.000010
0.018629 0.000010 0.281434 0.395704 0.000010 0.000010 0.000010 0.304174 0.000010 0.000010
0.000010 0.000010 0.000010 0.000010 0.000010 0.000010 0.000010 0.805946 0.193974 0.000010
0.000010 0.000010 0.000010 0.000010 0.000010 0.000010 0.000010 0.000010 0.000010 0.999910
0.000010 0.000010 0.000010 0.000010 0.000010 0.000010 0.000010 0.000010 0.000010 0.999910
0.202005 0.315698 0.000010 0.482226 0.000010 0.000010 0.000010 0.000010 0.000010 0.000010
0.000010 0.000010 0.000010 0.000010 0.000010 0.000010 0.782936 0.000010 0.000010 0.216984
0.000010 0.000010 0.000010 0.516444 0.000010 0.000010 0.000010 0.000010 0.000010 0.483476
0.000010 0.000010 0.362125 0.000010 0.000010 0.000010 0.000010 0.637795 0.000010 0.000010
0.000010 0.000010 0.000010 0.000010 0.000010 0.000010 0.000010 0.000010 0.000010 0.999910
0.000010 0.000010 0.000010 0.000010 0.304772 0.000010 0.212691 0.000010 0.000010 0.482467
0.000010 0.000010 0.000010 0.000010 0.000010 0.000010 0.568778 0.000010 0.000010 0.431142
0.000010 0.000010 0.000010 0.000010 0.000010 0.000010 0.000010 0.000010 0.999910 0.000010
0.401532 0.000010 0.057748 0.000010 0.000010 0.000010 0.000010 0.540650 0.000010 0.000010
0.000010 0.000010 0.159210 0.147197 0.000010 0.524830 0.000010 0.000010 0.151736 0.016977
0.142660 0.284233 0.109534 0.222874 0.000010 0.107496 0.000010 0.133163 0.000010 0.000010
0.000010 0.000010 0.000010 0.000010 0.000010 0.000010 0.999910 0.000010 0.000010 0.000010
0.000010 0.000010 0.000010 0.000010 0.999910 0.000010 0.000010 0.000010 0.000010 0.000010
0.000010 0.000010 0.000010 0.000010 0.000010 0.000010 0.000010 0.000010 0.975813 0.024107
0.000010 0.000010 0.000010 0.000010 0.000010 0.000010 0.999910 0.000010 0.000010 0.000010
0.832513 0.000010 0.000010 0.000010 0.000010 0.000010 0.000010 0.000010 0.000010 0.167407
0.000010 0.989096 0.000010 0.000010 0.000010 0.000010 0.010824 0.000010 0.000010 0.000010
0.000010 0.312851 0.029202 0.000010 0.000010 0.536089 0.004294 0.000010 0.117514 0.000010
0.000010 0.000010 0.000010 0.000010 0.340032 0.000010 0.359105 0.000010 0.000010 0.300794
0.000010 0.000010 0.000010 0.000010 0.435629 0.000010 0.398280 0.000010 0.000010 0.166021
0.144514 0.381023 0.027199 0.447204 0.000010 0.000010 0.000010 0.000010 0.000010 0.000010
0.099380 0.000010 0.000010 0.000010 0.000010 0.644978 0.000010 0.255573 0.000010 0.000010
0.000010 0.030485 0.000010 0.000010 0.000010 0.190244 0.000010 0.499010 0.280200 0.000010
0.768499 0.000010 0.231421 0.000010 0.000010 0.000010 0.000010 0.000010 0.000010 0.000010
0.000010 0.086960 0.000010 0.000010 0.000010 0.000093 0.199981 0.000010 0.007827 0.705089
0.284087 0.000010 0.405853 0.000010 0.000010 0.000010 0.000010 0.195157 0.108049 0.006804
0.000010 0.000010 0.000010 0.000010 0.323415 0.000010 0.364967 0.000010 0.000010 0.311548
0.000010 0.185744 0.062791 0.101256 0.000010 0.222197 0.000010 0.377705 0.000010 0.050268
0.000010 0.071191 0.329949 0.447114 0.000010 0.000010 0.000010 0.052725 0.088266 0.010716
0.000010 0.000010 0.000010 0.000010 0.573798 0.000010 0.000010 0.000010 0.000010 0.426122
0.000010 0.000010 0.000010 0.000010 0.407536 0.000010 0.327926 0.000010 0.000010 0.264468
0.134362 0.000010 0.103814 0.289473 0.000010 0.472291 0.000010 0.000010 0.000010 0.000010
0.000010 0.000010 0.707127 0.000010 0.000010 0.292793 0.000010 0.000010 0.000010 0.000010
0.000010 0.283497 0.312330 0.243340 0.000010 0.000010 0.000010 0.160773 0.000010 0.000010
0.000010 0.083699 0.000010 0.000010 0.000010 0.000010 0.299684 0.000010 0.000010 0.616547
0.269771 0.000010 0.271196 0.123980 0.000010 0.297285 0.000010 0.037719 0.000010 0.000010
0.234875 0.172208 0.068589 0.278877 0.000010 0.106546 0.000010 0.000010 0.138865 0.000010
0.099545 0.000010 0.000010 0.000010 0.900375 0.000010 0.000010 0.000010 0.000010 0.000010
0.126545 0.000010 0.108759 0.138677 0.000010 0.271649 0.000010 0.354320 0.000010 0.000010
0.000010 0.000010 0.157390 0.111501 0.000010 0.017012 0.000010 0.162965 0.551082 0.000010
0.000010 0.000010 0.270582 0.000010 0.000010 0.000010 0.000010 0.000010 0.729338 0.000010
0.000010 0.198659 0.000010 0.224901 0.000010 0.000010 0.000010 0.000010 0.576370 0.000010
0.177564 0.045812 0.000010 0.144162 0.000010 0.632402 0.000010 0.000010 0.000010 0.000010
0.000010 0.000010 0.493441 0.000010 0.000010 0.000010 0.000010 0.506479 0.000010 0.000010
0.000010 0.140837 0.000010 0.000010 0.000010 0.859083 0.000010 0.000010 0.000010 0.000010
0.422022 0.000010 0.000010 0.366596 0.000010 0.000010 0.000010 0.000010 0.211312 0.000010
0.000010 0.999910 0.000010 0.000010 0.000010 0.000010 0.000010 0.000010 0.000010 0.000010
0.000010 0.000010 0.000010 0.000010 0.182613 0.000010 0.817307 0.000010 0.000010 0.000010
0.000010 0.147730 0.000010 0.176967 0.000010 0.319433 0.000010 0.103059 0.252761 0.000010
0.000010 0.301177 0.689973 0.000010 0.008779 0.000010 0.000010 0.000010 0.000010 0.000010
0.000010 0.000010 0.000010 0.000010 0.000010 0.871191 0.000010 0.128729 0.000010 0.000010
0.000010 0.000010 0.746703 0.000010 0.000010 0.253217 0.000010 0.000010 0.000010 0.000010
0.228513 0.065669 0.156888 0.198176 0.000010 0.000010 0.000010 0.000010 0.350704 0.000010
0.184869 0.000010 0.358287 0.111932 0.000010 0.220950 0.000010 0.000010 0.123913 0.000010
0.000010 0.128874 0.160177 0.000010 0.000010 0.000010 0.000010 0.710879 0.000010 0.000010
0.000010 0.183403 0.053180 0.234360 0.000010 0.000010 0.000010 0.103315 0.425692 0.000010
0.000010 0.325944 0.000010 0.000010 0.000010 0.277698 0.000010 0.396288 0.000010 0.000010
0.999910 0.000010 0.000010 0.000010 0.000010 0.000010 0.000010 0.000010 0.000010 0.000010
0.000010 0.000010 0.000010 0.000010 0.000010 0.000010 0.999910 0.000010 0.000010 0.000010
0.000010 0.000010 0.000010 0.000010 0.000010 0.000010 0.521925 0.000010 0.000010 0.477995
0.000010 0.000010 0.000010 0.000010 0.999910 0.000010 0.000010 0.000010 0.000010 0.000010
0.000010 0.906229 0.000010 0.000010 0.093691 0.000010 0.000010 0.000010 0.000010 0.000010
0.000010 0.000010 0.341413 0.116288 0.000010 0.421408 0.000010 0.000010 0.105526 0.015314
0.000010 0.000010 0.000010 0.000010 0.000010 0.000010 0.000010 0.000010 0.000010 0.999910
0.000010 0.000010 0.000010 0.000010 0.632890 0.000010 0.224263 0.000010 0.000010 0.142777
0.271559 0.000010 0.438489 0.289882 0.000010 0.000010 0.000010 0.000010 0.000010 0.000010
0.000010 0.000010 0.000010 0.000010 0.397559 0.000010 0.000010 0.000010 0.000010 0.602361
0.000010 0.000010 0.000010 0.000010 0.117330 0.033297 0.509129 0.000010 0.000010 0.340184
0.000010 0.170032 0.494728 0.000010 0.000010 0.254757 0.000010 0.000010 0.080423 0.000010
0.000010 0.000010 0.000010 0.000010 0.000010 0.000010 0.000010 0.000010 0.000010 0.999910
0.000010 0.000010 0.000010 0.000010 0.007712 0.116010 0.000010 0.000010 0.876208 0.000010
0.546457 0.277038 0.000010 0.000010 0.000010 0.000010 0.000010 0.160036 0.016409 0.000010
0.000010 0.000010 0.000010 0.000010 0.999910 0.000010 0.000010 0.000010 0.000010 0.000010
0.000010 0.132129 0.000010 0.230835 0.000010 0.286100 0.123019 0.018632 0.079738 0.129516
0.000010 0.000010 0.000010 0.262637 0.000010 0.497738 0.000010 0.239555 0.000010 0.000010
0.000010 0.000010 0.000010 0.000010 0.000010 0.000010 0.000010 0.000010 0.000010 0.999910
0.255210 0.000010 0.000010 0.000010 0.000010 0.259139 0.000010 0.336078 0.149513 0.000010
0.000010 0.000010 0.000010 0.000010 0.027637 0.972283 0.000010 0.000010 0.000010 0.000010
0.000010 0.000010 0.000010 0.000010 0.000010 0.000010 0.000010 0.000010 0.000010 0.999910
0.308085 0.275227 0.000010 0.000010 0.000010 0.000010 0.025280 0.000010 0.391348 0.000010
0.999910 0.000010 0.000010 0.000010 0.000010 0.000010 0.000010 0.000010 0.000010 0.000010
0.000010 0.000010 0.000010 0.000010 0.000010 0.139303 0.000010 0.454129 0.406498 0.000010
0.000010 0.000010 0.425469 0.000010 0.000010 0.098600 0.000010 0.213090 0.262781 0.000010
0.000010 0.000010 0.000010 0.000010 0.000010 0.666326 0.000010 0.000010 0.333594 0.000010
0.071910 0.107380 0.121075 0.192330 0.000010 0.466027 0.000010 0.026554 0.014694 0.000010
0.172182 0.235301 0.000010 0.000010 0.000010 0.000010 0.000010 0.190451 0.402006 0.000010
0.000010 0.290919 0.000010 0.000010 0.000010 0.000010 0.000010 0.000010 0.709001 0.000010
0.000010 0.213819 0.555593 0.230518 0.000010 0.000010 0.000010 0.000010 0.000010 0.000010
0.432182 0.000010 0.417397 0.000010 0.000010 0.000010 0.000010 0.148214 0.002146 0.000010
0.000010 0.000010 0.000010 0.000010 0.999910 0.000010 0.000010 0.000010 0.000010 0.000010
0.092935 0.186015 0.075695 0.304724 0.000010 0.000010 0.000010 0.154073 0.186517 0.000010
0.000010 0.323205 0.000010 0.000010 0.000010 0.298779 0.000010 0.377946 0.000010 0.000010
0.000010 0.000010 0.072046 0.176260 0.000010 0.000010 0.000010 0.000010 0.751623 0.000010
0.000010 0.000010 0.000010 0.000010 0.028310 0.030939 0.940681 0.000010 0.000010 0.000010
0.000010 0.000010 0.000010 0.000010 0.000010 0.000010 0.999910 0.000010 0.000010 0.000010
0.000010 0.000010 0.000010 0.000010 0.000010 0.000010 0.000010 0.999910 0.000010 0.000010
0.233490 0.105704 0.000010 0.305118 0.000010 0.073068 0.000010 0.000010 0.282570 0.000010
0.000010 0.000010 0.000010 0.000010 0.228513 0.000010 0.650596 0.000010 0.120821 0.000010
0.159470 0.082898 0.385003 0.000010 0.000010 0.114085 0.000010 0.000010 0.258494 0.000010
0.000010 0.000010 0.000010 0.000010 0.000010 0.000010 0.999910 0.000010 0.000010 0.000010
0.000010 0.000010 0.000010 0.000010 0.000010 0.000010 0.257203 0.000010 0.000010 0.742717
0.000010 0.376720 0.000010 0.368817 0.000010 0.000010 0.000010 0.000010 0.254393 0.000010
0.381879 0.098499 0.490016 0.000010 0.000010 0.029547 0.000010 0.000010 0.000010 0.000010
0.000010 0.000010 0.216635 0.000010 0.000010 0.783285 0.000010 0.000010 0.000010 0.000010
0.553532 0.000010 0.000010 0.000010 0.000010 0.000010 0.000010 0.000010 0.000010 0.446388
0.000010 0.379750 0.000010 0.296683 0.000010 0.000010 0.000010 0.000010 0.323498 0.000010
0.000010 0.000010 0.000010 0.000010 0.000010 0.000010 0.000010 0.000010 0.999910 0.000010
0.000010 0.700658 0.000010 0.299262 0.000010 0.000010 0.000010 0.000010 0.000010 0.000010
0.000010 0.422131 0.274201 0.000010 0.000010 0.160638 0.000010 0.075546 0.067434 0.000010
0.000010 0.527782 0.000010 0.082864 0.000010 0.389284 0.000010 0.000010 0.000010 0.000010
0.000010 0.000010 0.999910 0.000010 0.000010 0.000010 0.000010 0.000010 0.000010 0.000010
0.183339 0.168472 0.188569 0.377946 0.012595 0.062314 0.000010 0.000010 0.000010 0.006734
0.000010 0.000010 0.023812 0.000010 0.000010 0.000010 0.976108 0.000010 0.000010 0.000010
0.000010 0.000010 0.505477 0.000010 0.000010 0.000010 0.000010 0.494443 0.000010 0.000010
0.198183 0.000010 0.000010 0.000010 0.000010 0.585375 0.000010 0.000010 0.216372 0.000010
0.145926 0.000010 0.408392 0.242427 0.000010 0.203196 0.000010 0.000010 0.000010 0.000010
0.000010 0.054713 0.163747 0.072285 0.000010 0.302536 0.000010 0.406671 0.000010 0.000010
0.063099 0.000010 0.000010 0.346512 0.000010 0.239568 0.000010 0.204792 0.145980 0.000010
0.000010 0.000010 0.344654 0.200789 0.000010 0.316103 0.000010 0.078994 0.059410 0.000010
0.000010 0.000010 0.000010 0.000010 0.480310 0.000010 0.000010 0.000010 0.000010 0.519610
0.018459 0.000010 0.000010 0.000010 0.756639 0.000010 0.000010 0.000010 0.000010 0.224832
0.000010 0.000010 0.000010 0.000010 0.339867 0.000010 0.000010 0.000010 0.000010 0.660053
0.000010 0.000010 0.000010 0.000010 0.000010 0.102014 0.897906 0.000010 0.000010 0.000010
0.000010 0.000010 0.038100 0.000010 0.524698 0.000010 0.174012 0.000010 0.000010 0.263130
0.141009 0.293568 0.000010 0.216998 0.000010 0.000010 0.000010 0.348364 0.000010 0.000010
0.000010 0.000010 0.000010 0.000010 0.999910 0.000010 0.000010 0.000010 0.000010 0.000010
0.000010 0.000010 0.000010 0.000010 0.999910 0.000010 0.000010 0.000010 0.000010 0.000010
0.000010 0.000010 0.000010 0.000010 0.000010 0.000010 0.999910 0.000010 0.000010 0.000010
0.000010 0.000010 0.000010 0.000010 0.000010 0.000010 0.000010 0.000010 0.000010 0.999910
0.000010 0.000010 0.000010 0.000010 0.426315 0.000010 0.000010 0.000010 0.000010 0.573605
0.000010 0.000010 0.000010 0.000010 0.000010 0.000010 0.999910 0.000010 0.000010 0.000010
0.000010 0.000010 0.000010 0.000010 0.999910 0.000010 0.000010 0.000010 0.000010 0.000010
0.000010 0.000010 0.000010 0.000010 0.000010 0.999910 0.000010 0.000010 0.000010 0.000010
0.701977 0.000010 0.000010 0.000010 0.000010 0.000010 0.000010 0.297943 0.000010 0.000010
0.000010 0.000010 0.000010 0.000010 0.000010 0.000010 0.000010 0.999910 0.000010 0.000010
0.354639 0.000010 0.000010 0.232031 0.000010 0.407847 0.000010 0.000010 0.000010 0.005423
0.000010 0.000010 0.389015 0.610905 0.000010 0.000010 0.000010 0.000010 0.000010 0.000010
0.000010 0.097578 0.000010 0.000010 0.000010 0.163713 0.000010 0.738640 0.000010 0.000010
0.000010 0.139768 0.210238 0.046631 0.000010 0.000010 0.000010 0.273320 0.329993 0.000010
0.000010 0.000010 0.519488 0.211822 0.000010 0.000010 0.000010 0.268620 0.000010 0.000010
0.226790 0.768742 0.000010 0.000010 0.000010 0.004398 0.000010 0.000010 0.000010 0.000010
0.000010 0.000010 0.223612 0.320463 0.000010 0.302194 0.000010 0.153671 0.000010 0.000010
0.000010 0.226433 0.773485 0.000010 0.000010 0.000010 0.000013 0.000010 0.000010 0.000010
0.000010 0.000010 0.000779 0.000010 0.127771 0.000010 0.489373 0.000010 0.000010 0.382017
0.448398 0.000010 0.376272 0.004591 0.000010 0.000010 0.000010 0.000010 0.170679 0.000010
0.000010 0.189567 0.000010 0.000010 0.000010 0.522885 0.000010 0.020702 0.249431 0.017366
0.999910 0.000010 0.000010 0.000010 0.000010 0.000010 0.000010 0.000010 0.000010 0.000010
0.000010 0.000010 0.000010 0.000010 0.000010 0.001198 0.328412 0.000010 0.000010 0.670320
0.000010 0.000010 0.000010 0.000010 0.847642 0.000010 0.152278 0.000010 0.000010 0.000010
0.000010 0.000010 0.000010 0.000010 0.000010 0.000010 0.739445 0.023987 0.000010 0.236498
0.000010 0.465865 0.000010 0.000010 0.000010 0.102393 0.000010 0.000010 0.431672 0.000010
0.000010 0.166441 0.000010 0.527599 0.000010 0.000010 0.000010 0.305889 0.000010 0.000010
0.219613 0.000010 0.612348 0.000010 0.000010 0.000010 0.000010 0.000010 0.167969 0.000010
0.000010 0.999910 0.000010 0.000010 0.000010 0.000010 0.000010 0.000010 0.000010 0.000010
0.000010 0.000010 0.000010 0.000010 0.618760 0.000010 0.381160 0.000010 0.000010 0.000010
0.330109 0.000010 0.315723 0.198614 0.000010 0.000010 0.000010 0.000010 0.151238 0.004266
0.000010 0.999910 0.000010 0.000010 0.000010 0.000010 0.000010 0.000010 0.000010 0.000010
0.228235 0.306547 0.000010 0.000010 0.000010 0.465149 0.000010 0.000010 0.000010 0.000010
0.000010 0.198364 0.000010 0.000010 0.000010 0.342423 0.000010 0.000010 0.459143 0.000010
0.000010 0.000010 0.000010 0.000010 0.000010 0.000010 0.224960 0.000010 0.000010 0.774960
0.000010 0.000010 0.000010 0.000010 0.000010 0.000010 0.807028 0.000010 0.000010 0.192892
0.716711 0.061868 0.000010 0.072127 0.000010 0.149234 0.000010 0.000010 0.000010 0.000010
0.181337 0.000010 0.000010 0.057185 0.000010 0.164843 0.000010 0.000010 0.596575 0.000010
0.000010 0.000010 0.000010 0.000010 0.000010 0.000010 0.000010 0.000010 0.000010 0.999910
0.000010 0.000010 0.473884 0.502798 0.023248 0.000010 0.000010 0.000010 0.000010 0.000010
0.177089 0.000010 0.400200 0.164126 0.000010 0.152645 0.020876 0.027692 0.057341 0.000010
0.000010 0.000010 0.196170 0.425411 0.000010 0.335393 0.000015 0.038916 0.000010 0.004056
0.000010 0.000010 0.000010 0.000010 0.000010 0.000010 0.641523 0.000010 0.000010 0.358397
0.000010 0.319520 0.573013 0.000010 0.000010 0.107397 0.000010 0.000010 0.000010 0.000010
0.000010 0.149215 0.169566 0.131642 0.000010 0.000010 0.007715 0.000010 0.541812 0.000010
0.012418 0.081799 0.583691 0.064187 0.000010 0.141161 0.000010 0.000010 0.116703 0.000010
0.000010 0.042652 0.116226 0.000010 0.000010 0.000010 0.000010 0.501625 0.323466 0.015982
0.000010 0.000010 0.000010 0.000010 0.000010 0.000010 0.999910 0.000010 0.000010 0.000010
0.000010 0.000010 0.000010 0.000010 0.999910 0.000010 0.000010 0.000010 0.000010 0.000010
0.000010 0.000010 0.000010 0.000010 0.527425 0.000010 0.321653 0.000010 0.026927 0.123935
0.000010 0.000010 0.000010 0.999910 0.000010 0.000010 0.000010 0.000010 0.000010 0.000010
0.000010 0.479559 0.000010 0.000010 0.000010 0.000010 0.000010 0.000010 0.520361 0.000010
0.000010 0.000010 0.380633 0.261287 0.000010 0.000010 0.000010 0.000010 0.358010 0.000010
0.350467 0.000010 0.526536 0.000010 0.000010 0.000010 0.000010 0.000010 0.117246 0.005691
0.247044 0.226705 0.069711 0.219228 0.000010 0.000010 0.009000 0.000010 0.228272 0.000010
0.000010 0.000010 0.000010 0.786995 0.000010 0.000010 0.000010 0.000010 0.212925 0.000010
0.303002 0.079613 0.021141 0.000010 0.000010 0.000010 0.000010 0.000010 0.155729 0.440466
0.201942 0.230501 0.007261 0.000010 0.000010 0.467227 0.000010 0.000010 0.085441 0.007587
0.262261 0.000010 0.000010 0.092395 0.000010 0.499566 0.000010 0.000010 0.145718 0.000010
0.000010 0.451160 0.000010 0.000010 0.000010 0.548760 0.000010 0.000010 0.000010 0.000010
0.000010 0.000010 0.315230 0.143783 0.000010 0.167608 0.000010 0.255123 0.118205 0.000010
0.198815 0.000010 0.000010 0.061648 0.000010 0.481047 0.000010 0.000010 0.258429 0.000010
0.340950 0.000010 0.136814 0.000010 0.000010 0.000010 0.000010 0.181726 0.340450 0.000010
0.015095 0.000010 0.219238 0.121100 0.000010 0.196707 0.000010 0.385544 0.062275 0.000010
0.136985 0.146485 0.175335 0.077129 0.000010 0.444630 0.000010 0.019396 0.000010 0.000010
0.301679 0.196828 0.145791 0.000010 0.000010 0.355643 0.000010 0.000010 0.000010 0.000010
0.377605 0.000010 0.140208 0.183701 0.000010 0.033917 0.000010 0.235571 0.028958 0.000010
0.158734 0.000010 0.000010 0.000010 0.000010 0.402732 0.000010 0.170274 0.183599 0.084611
0.773292 0.000010 0.000010 0.000010 0.000010 0.000010 0.000010 0.000010 0.226628 0.000010
0.000010 0.000010 0.000010 0.000010 0.749515 0.000010 0.032564 0.000010 0.006650 0.211211
0.000010 0.000010 0.000010 0.000010 0.999910 0.000010 0.000010 0.000010 0.000010 0.000010
0.000010 0.134720 0.268357 0.000010 0.000010 0.413104 0.000010 0.183759 0.000010 0.000010
0.000010 0.429982 0.569938 0.000010 0.000010 0.000010 0.000010 0.000010 0.000010 0.000010
0.021106 0.434164 0.196115 0.000010 0.000010 0.000010 0.000010 0.174239 0.174325 0.000010
0.227885 0.252783 0.366716 0.000010 0.000010 0.152556 0.000010 0.000010 0.000010 0.000010
0.000010 0.165639 0.000010 0.834281 0.000010 0.000010 0.000010 0.000010 0.000010 0.000010
0.196905 0.000010 0.000010 0.000010 0.000010 0.000010 0.000010 0.000010 0.803015 0.000010
0.356977 0.000010 0.000010 0.133413 0.000010 0.509541 0.000010 0.000010 0.000010 0.000010
0.000010 0.168531 0.000010 0.233661 0.000010 0.494403 0.000010 0.000010 0.103345 0.000010
0.999910 0.000010 0.000010 0.000010 0.000010 0.000010 0.000010 0.000010 0.000010 0.000010
0.000010 0.000010 0.000010 0.508554 0.000010 0.091626 0.000010 0.000010 0.399750 0.000010
0.299911 0.000010 0.673552 0.000010 0.000010 0.000010 0.000010 0.026467 0.000010 0.000010
0.000010 0.000010 0.000010 0.000010 0.000010 0.000010 0.999910 0.000010 0.000010 0.000010
0.000010 0.000010 0.000010 0.000010 0.000010 0.617629 0.000010 0.382291 0.000010 0.000010
0.000010 0.000010 0.000010 0.000010 0.000010 0.000010 0.000010 0.999910 0.000010 0.000010
0.000010 0.030840 0.000010 0.000010 0.274890 0.000010 0.000010 0.000010 0.000010 0.694200
0.999910 0.000010 0.000010 0.000010 0.000010 0.000010 0.000010 0.000010 0.000010 0.000010
0.000010 0.000010 0.000010 0.166133 0.000010 0.000010 0.000010 0.833787 0.000010 0.000010
0.999910 0.000010 0.000010 0.000010 0.000010 0.000010 0.000010 0.000010 0.000010 0.000010
0.000010 0.000010 0.000010 0.000010 0.797799 0.000010 0.000010 0.000010 0.000010 0.202121
0.000010 0.000010 0.000010 0.000010 0.000010 0.000010 0.000010 0.999910 0.000010 0.000010
0.000010 0.225381 0.026879 0.360575 0.000010 0.000010 0.000010 0.000010 0.381798 0.005317
0.000010 0.000010 0.451988 0.000010 0.000010 0.344607 0.000010 0.121215 0.082130 0.000010
0.000010 0.559548 0.440372 0.000010 0.000010 0.000010 0.000010 0.000010 0.000010 0.000010
0.000010 0.000010 0.095512 0.000010 0.000010 0.904408 0.000010 0.000010 0.000010 0.000010
0.000010 0.000010 0.000010 0.000010 0.440131 0.000010 0.000010 0.000010 0.000010 0.559789
0.000010 0.000010 0.000010 0.000010 0.000010 0.000010 0.767721 0.000010 0.000010 0.232199
0.000010 0.000010 0.000010 0.000010 0.999910 0.000010 0.000010 0.000010 0.000010 0.000010
0.000010 0.000010 0.000010 0.000010 0.000010 0.000010 0.999910 0.000010 0.000010 0.000010
0.106894 0.000010 0.000010 0.247453 0.000010 0.645583 0.000010 0.000010 0.000010 0.000010
0.000010 0.000010 0.000010 0.000010 0.000010 0.000010 0.000010 0.000010 0.000010 0.999910
0.016631 0.000010 0.000010 0.000010 0.692135 0.000010 0.291164 0.000010 0.000010 0.000010
0.000010 0.000010 0.160291 0.217297 0.000010 0.038059 0.008798 0.575505 0.000010 0.000010
0.051910 0.000010 0.000013 0.000010 0.000010 0.320065 0.000010 0.329425 0.298536 0.000010
0.000010 0.034634 0.421440 0.109730 0.000010 0.419287 0.014859 0.000010 0.000010 0.000010
0.000010 0.052577 0.294791 0.000010 0.016013 0.000010 0.000010 0.117048 0.519522 0.000010
0.000010 0.139180 0.197446 0.128765 0.000010 0.000010 0.000010 0.224006 0.310553 0.000010
0.000010 0.000010 0.000010 0.000010 0.000010 0.000010 0.000010 0.338872 0.661048 0.000010
0.086633 0.064587 0.408697 0.000010 0.000010 0.000010 0.000010 0.440023 0.000010 0.000010
0.130494 0.000010 0.000010 0.249603 0.000010 0.000010 0.000010 0.619833 0.000010 0.000010
0.000010 0.054197 0.147055 0.108453 0.000010 0.000010 0.000010 0.580711 0.109534 0.000010
0.000010 0.000010 0.000010 0.999910 0.000010 0.000010 0.000010 0.000010 0.000010 0.000010
0.000010 0.867535 0.121608 0.000010 0.000010 0.000010 0.000010 0.000010 0.000010 0.010788
0.319050 0.044827 0.000010 0.000010 0.000010 0.425564 0.000010 0.118575 0.091935 0.000010
0.543857 0.000010 0.000010 0.180037 0.000010 0.266731 0.000010 0.000010 0.009315 0.000010
0.000010 0.000010 0.000010 0.353258 0.000010 0.468498 0.000010 0.000010 0.178174 0.000010
0.000010 0.000010 0.000010 0.000010 0.028015 0.000010 0.000010 0.000010 0.971905 0.000010
0.366927 0.000010 0.091126 0.000010 0.007305 0.359036 0.000010 0.175556 0.000010 0.000010
0.000010 0.696531 0.000010 0.000010 0.000010 0.223654 0.000010 0.000010 0.079744 0.000010
0.000010 0.000010 0.378795 0.400971 0.000010 0.220164 0.000010 0.000010 0.000010 0.000010
0.000010 0.196439 0.340576 0.407837 0.000010 0.000010 0.000010 0.055088 0.000010 0.000010
0.000010 0.703095 0.081335 0.000010 0.000010 0.000010 0.000010 0.000010 0.000010 0.215500
0.000010 0.200314 0.050956 0.187827 0.000010 0.217854 0.000010 0.000010 0.342998 0.000010
0.000010 0.234329 0.000010 0.254323 0.000332 0.250089 0.000010 0.037841 0.223046 0.000010
0.000010 0.628160 0.371760 0.000010 0.000010 0.000010 0.000010 0.000010 0.000010 0.000010
0.280057 0.000010 0.719863 0.000010 0.000010 0.000010 0.000010 0.000010 0.000010 0.000010
0.000010 0.352896 0.464534 0.000010 0.000010 0.000010 0.000010 0.000010 0.182499 0.000010
0.000010 0.181839 0.158104 0.394562 0.000010 0.000010 0.000010 0.000010 0.261346 0.004099
0.000010 0.000010 0.570640 0.195448 0.000010 0.000010 0.000010 0.000010 0.233842 0.000010
0.000010 0.176610 0.000010 0.592806 0.000010 0.230514 0.000010 0.000010 0.000010 0.000010
0.000010 0.295556 0.339672 0.056744 0.000010 0.000010 0.000010 0.307968 0.000010 0.000010
0.000010 0.472154 0.162787 0.000010 0.000010 0.364989 0.000010 0.000010 0.000010 0.000010
0.000010 0.000010 0.000010 0.999910 0.000010 0.000010 0.000010 0.000010 0.000010 0.000010
0.000010 0.480047 0.000010 0.246657 0.000010 0.000010 0.000010 0.273226 0.000010 0.000010
0.164772 0.000010 0.000010 0.390039 0.000010 0.000010 0.000010 0.162601 0.282528 0.000010
0.000010 0.048008 0.000010 0.000010 0.000010 0.183335 0.000010 0.768587 0.000010 0.000010
0.120066 0.000010 0.000010 0.000010 0.000010 0.327942 0.000010 0.091016 0.460916 0.000010
0.000010 0.000010 0.000010 0.000010 0.000010 0.000010 0.000010 0.000010 0.999910 0.000010
0.000010 0.000010 0.334240 0.000010 0.000010 0.314144 0.000010 0.351546 0.000010 0.000010
0.000010 0.000010 0.000010 0.000010 0.409039 0.000010 0.000010 0.000010 0.000010 0.590881
0.999910 0.000010 0.000010 0.000010 0.000010 0.000010 0.000010 0.000010 0.000010 0.000010
0.000010 0.357635 0.000010 0.178574 0.000010 0.463721 0.000010 0.000010 0.000010 0.000010
0.075416 0.188548 0.120884 0.492721 0.000010 0.078543 0.000010 0.000010 0.043849 0.000010
0.158421 0.000010 0.373583 0.000010 0.000010 0.104778 0.000010 0.269448 0.093720 0.000010
0.000010 0.000010 0.307951 0.199087 0.000010 0.285604 0.000010 0.207298 0.000010 0.000010
0.751484 0.000010 0.193509 0.025967 0.000010 0.000010 0.000010 0.000120 0.000010 0.028870
0.000010 0.000010 0.000010 0.284650 0.000010 0.000010 0.000010 0.114896 0.600384 0.000010
0.519577 0.000010 0.000010 0.480343 0.000010 0.000010 0.000010 0.000010 0.000010 0.000010
0.000010 0.000010 0.000010 0.000010 0.000010 0.000010 0.026934 0.972986 0.000010 0.000010
0.000010 0.216897 0.202393 0.077703 0.000010 0.448368 0.000010 0.054589 0.000010 0.000010
0.000010 0.251190 0.220763 0.269493 0.000010 0.157144 0.000010 0.101360 0.000010 0.000010
0.499892 0.000010 0.000010 0.099705 0.000010 0.180917 0.000010 0.052537 0.166899 0.000010
0.000010 0.000010 0.000010 0.000010 0.000010 0.000010 0.999910 0.000010 0.000010 0.000010
0.000010 0.000010 0.000010 0.000010 0.000010 0.000010 0.999910 0.000010 0.000010 0.000010
0.000010 0.230348 0.000010 0.184277 0.000010 0.127623 0.000010 0.000010 0.457691 0.000010
0.192304 0.000010 0.508595 0.000010 0.000010 0.299031 0.000010 0.000010 0.000010 0.000010
0.000010 0.000010 0.000010 0.000010 0.572072 0.000010 0.000010 0.000010 0.000010 0.427848
0.000010 0.000010 0.000010 0.076721 0.000010 0.208102 0.000010 0.064008 0.645183 0.005937
0.000010 0.999910 0.000010 0.000010 0.000010 0.000010 0.000010 0.000010 0.000010 0.000010
0.108902 0.000010 0.475961 0.255526 0.000010 0.000010 0.000010 0.000010 0.159551 0.000010
0.000010 0.000010 0.000010 0.141509 0.000010 0.294810 0.000010 0.563611 0.000010 0.000010
0.102212 0.280999 0.177478 0.042847 0.004789 0.000010 0.000010 0.231654 0.159991 0.000010
0.117002 0.000010 0.209432 0.163269 0.000010 0.000010 0.000010 0.140627 0.369620 0.000010
0.000010 0.000010 0.000010 0.000010 0.000010 0.408938 0.000010 0.166700 0.424292 0.000010
0.309935 0.000010 0.000010 0.000010 0.000010 0.222199 0.000010 0.000010 0.467796 0.000010
0.000010 0.131540 0.482628 0.000010 0.000010 0.234234 0.000010 0.151538 0.000010 0.000010
0.000010 0.000010 0.605699 0.000010 0.000010 0.000010 0.000010 0.000010 0.394221 0.000010
0.235049 0.000010 0.764871 0.000010 0.000010 0.000010 0.000010 0.000010 0.000010 0.000010
0.000010 0.000010 0.000010 0.000010 0.000010 0.000010 0.000010 0.999910 0.000010 0.000010
0.000010 0.000010 0.121018 0.000010 0.000010 0.220217 0.000010 0.351849 0.306856 0.000010
0.000010 0.000010 0.000010 0.272235 0.000010 0.507382 0.000010 0.220313 0.000010 0.000010
0.000010 0.081073 0.000010 0.000010 0.000010 0.000010 0.000010 0.000010 0.918847 0.000010
0.000010 0.189326 0.463902 0.000010 0.000010 0.272277 0.000010 0.000010 0.000010 0.074435
0.000010 0.000010 0.000010 0.526286 0.000010 0.000010 0.000010 0.274614 0.199030 0.000010
0.000010 0.000010 0.000010 0.224101 0.000010 0.559977 0.000010 0.215852 0.000010 0.000010
0.089776 0.131875 0.111204 0.012283 0.000010 0.336064 0.000010 0.000010 0.318759 0.000010
0.000010 0.000010 0.000010 0.354015 0.003497 0.000010 0.000010 0.000010 0.585080 0.057348
0.000010 0.000010 0.507260 0.122756 0.000010 0.369914 0.000010 0.000010 0.000010 0.000010
0.000010 0.000010 0.000010 0.000010 0.000010 0.329926 0.000010 0.669994 0.000010 0.000010
0.156004 0.000010 0.577930 0.265995 0.000010 0.000010 0.000010 0.000010 0.000010 0.000010
0.290743 0.000010 0.697041 0.000010 0.000010 0.000010 0.000010 0.000010 0.000010 0.012147
0.087498 0.000010 0.331020 0.000010 0.000010 0.262451 0.000010 0.318972 0.000010 0.000010
0.000010 0.058580 0.000010 0.000010 0.029330 0.000010 0.016824 0.497645 0.397571 0.000010
0.000010 0.999910 0.000010 0.000010 0.000010 0.000010 0.000010 0.000010 0.000010 0.000010
0.000010 0.029543 0.275343 0.196784 0.000010 0.369380 0.000010 0.058517 0.070393 0.000010
0.361272 0.500941 0.000010 0.000010 0.000010 0.000010 0.000010 0.000010 0.137717 0.000010
0.000010 0.049450 0.000010 0.000010 0.000010 0.487597 0.000010 0.000010 0.462882 0.000010
0.000010 0.697926 0.000010 0.000010 0.000010 0.000010 0.000010 0.301994 0.000010 0.000010
0.162177 0.271555 0.000010 0.000010 0.000010 0.024364 0.000010 0.000010 0.541843 0.000010
0.000010 0.000010 0.888358 0.000010 0.000010 0.000010 0.000010 0.000010 0.111562 0.000010
0.000010 0.093120 0.000010 0.000010 0.000010 0.000010 0.000010 0.000010 0.906800 0.000010
0.000010 0.000010 0.411284 0.337471 0.000010 0.242400 0.008785 0.000010 0.000010 0.000010
0.000010 0.000010 0.059692 0.940228 0.000010 0.000010 0.000010 0.000010 0.000010 0.000010
0.000010 0.999910 0.000010 0.000010 0.000010 0.000010 0.000010 0.000010 0.000010 0.000010
0.000010 0.000010 0.369408 0.182656 0.000010 0.111301 0.000010 0.172154 0.164431 0.000010
0.000010 0.170704 0.310033 0.119255 0.000010 0.000010 0.000010 0.000010 0.399948 0.000010
0.169039 0.093166 0.000010 0.565744 0.000010 0.000010 0.000010 0.000010 0.171992 0.000010
0.000010 0.000010 0.000010 0.560910 0.295455 0.000010 0.000010 0.000010 0.000010 0.143565
0.369717 0.000010 0.000010 0.107334 0.000010 0.315680 0.000010 0.157847 0.049372 0.000010
0.347345 0.000010 0.273459 0.000010 0.000010 0.026370 0.000010 0.352767 0.000010 0.000010
0.047775 0.000010 0.102850 0.092340 0.000010 0.213147 0.175236 0.200412 0.168210 0.000010
0.000010 0.193477 0.427455 0.000010 0.000010 0.000010 0.016324 0.000010 0.362684 0.000010
0.000010 0.001603 0.379015 0.102454 0.000010 0.000010 0.000010 0.273034 0.243843 0.000010
0.000010 0.000010 0.399221 0.119081 0.000010 0.149854 0.000010 0.013962 0.317832 0.000010
0.000010 0.000010 0.000010 0.304044 0.000010 0.000010 0.002498 0.000010 0.539678 0.153720
0.000010 0.000010 0.000010 0.609418 0.000010 0.000010 0.000010 0.000010 0.390502 0.000010
0.253392 0.040903 0.439801 0.000010 0.000010 0.063290 0.000010 0.202564 0.000010 0.000010
0.462242 0.000010 0.000010 0.000010 0.000010 0.076193 0.000010 0.461495 0.000010 0.000010
0.440343 0.000010 0.000010 0.000010 0.000010 0.559577 0.000010 0.000010 0.000010 0.000010
0.000010 0.000010 0.228384 0.000010 0.000010 0.000010 0.000010 0.319899 0.451647 0.000010
0.282949 0.000010 0.000010 0.000010 0.000010 0.000010 0.000010 0.716971 0.000010 0.000010
0.000010 0.000010 0.000010 0.000010 0.000010 0.999910 0.000010 0.000010 0.000010 0.000010
0.000010 0.000010 0.000010 0.000010 0.691778 0.000010 0.308142 0.000010 0.000010 0.000010
0.155897 0.132491 0.499538 0.000010 0.000010 0.076973 0.000010 0.135051 0.000010 0.000010
0.383164 0.000010 0.000010 0.000010 0.000010 0.000010 0.000010 0.000010 0.616756 0.000010
0.999910 0.000010 0.000010 0.000010 0.000010 0.000010 0.000010 0.000010 0.000010 0.000010
0.102940 0.161004 0.000010 0.248934 0.000010 0.342120 0.000010 0.055925 0.089036 0.000010
0.000010 0.167038 0.000010 0.000010 0.000010 0.000010 0.000010 0.000010 0.832882 0.000010
0.000010 0.000010 0.000010 0.000010 0.000010 0.000010 0.282602 0.000010 0.000010 0.717318
0.000010 0.000010 0.000010 0.000010 0.000010 0.000010 0.641481 0.000010 0.000010 0.358439
0.000010 0.000010 0.245859 0.194949 0.000010 0.000010 0.000010 0.466336 0.092797 0.000010
0.536072 0.000010 0.000010 0.000010 0.000010 0.000010 0.000010 0.000010 0.463848 0.000010
0.000010 0.000010 0.000010 0.999910 0.000010 0.000010 0.000010 0.000010 0.000010 0.000010
0.313949 0.300678 0.000010 0.000010 0.000010 0.000010 0.000010 0.097492 0.285363 0.002468
0.092762 0.205518 0.000010 0.127370 0.000010 0.075004 0.000010 0.000010 0.499295 0.000010
0.000010 0.000010 0.000010 0.000010 0.000010 0.000010 0.000010 0.000010 0.000010 0.999910
0.122270 0.000010 0.712969 0.000010 0.000010 0.009540 0.000010 0.155161 0.000010 0.000010
0.000010 0.000010 0.000011 0.396762 0.000010 0.603157 0.000010 0.000010 0.000010 0.000010
0.129587 0.636310 0.000010 0.000010 0.000010 0.151570 0.000010 0.037337 0.045147 0.000010
0.014595 0.140452 0.305346 0.162781 0.010170 0.000010 0.000010 0.366616 0.000010 0.000010
0.000010 0.000010 0.000010 0.000010 0.000010 0.000010 0.000010 0.000010 0.999910 0.000010
0.000010 0.000010 0.000010 0.000010 0.000010 0.000010 0.999910 0.000010 0.000010 0.000010
0.000010 0.000010 0.000010 0.000010 0.000010 0.718097 0.000010 0.281823 0.000010 0.000010
0.000010 0.000010 0.000010 0.000010 0.000010 0.000010 0.000010 0.999910 0.000010 0.000010
0.000010 0.000010 0.000010 0.000010 0.999910 0.000010 0.000010 0.000010 0.000010 0.000010
0.000010 0.000010 0.000010 0.000010 0.999910 0.000010 0.000010 0.000010 0.000010 0.000010
0.000010 0.000010 0.570863 0.000010 0.000010 0.000010 0.000010 0.000010 0.429057 0.000010
0.000010 0.225870 0.768472 0.000010 0.000010 0.000010 0.000010 0.000010 0.005588 0.000010
0.200483 0.000010 0.468494 0.330953 0.000010 0.000010 0.000010 0.000010 0.000010 0.000010
0.000010 0.000010 0.000010 0.000010 0.999910 0.000010 0.000010 0.000010 0.000010 0.000010
0.239407 0.000010 0.215768 0.000010 0.000010 0.544755 0.000010 0.000010 0.000010 0.000010
0.334571 0.149291 0.516069 0.000010 0.000010 0.000010 0.000010 0.000010 0.000010 0.000010
0.000010 0.000010 0.000010 0.000010 0.000010 0.267819 0.000010 0.209944 0.522167 0.000010
0.170704 0.000010 0.000010 0.302991 0.000010 0.526235 0.000010 0.000010 0.000010 0.000010
0.000010 0.000010 0.000010 0.000010 0.000010 0.000010 0.999910 0.000010 0.000010 0.000010
0.263779 0.000010 0.000010 0.086228 0.000010 0.649923 0.000010 0.000010 0.000010 0.000010
0.000010 0.007202 0.164464 0.449971 0.000010 0.356343 0.000010 0.000010 0.021969 0.000010
0.199901 0.000010 0.029483 0.000010 0.000010 0.251265 0.000010 0.455424 0.063878 0.000010
0.000010 0.999910 0.000010 0.000010 0.000010 0.000010 0.000010 0.000010 0.000010 0.000010
0.000010 0.384773 0.000010 0.000010 0.048028 0.000010 0.000010 0.567130 0.000010 0.000010
0.000010 0.000010 0.000010 0.000010 0.016647 0.000010 0.000010 0.000010 0.983273 0.000010
0.000010 0.188480 0.000010 0.654257 0.000010 0.157192 0.000010 0.000010 0.000010 0.000010
0.000010 0.109430 0.773756 0.116744 0.000010 0.000010 0.000010 0.000010 0.000010 0.000010
0.000010 0.675948 0.000010 0.174973 0.000010 0.149009 0.000010 0.000010 0.000010 0.000010
0.000010 0.251991 0.000010 0.376122 0.000010 0.257566 0.000010 0.114261 0.000010 0.000010
0.936148 0.000010 0.000010 0.000010 0.000010 0.000010 0.000010 0.000010 0.000010 0.063772
0.259290 0.000010 0.000010 0.000010 0.000010 0.083506 0.000010 0.534761 0.122384 0.000010
0.240231 0.000010 0.000010 0.000010 0.000010 0.000010 0.000010 0.000010 0.759689 0.000010
0.000010 0.000010 0.000010 0.000010 0.000010 0.000010 0.000010 0.511324 0.488596 0.000010
0.000010 0.000010 0.090545 0.234889 0.000010 0.000010 0.000010 0.674496 0.000010 0.000010
0.000010 0.359044 0.000010 0.224349 0.000010 0.416537 0.000010 0.000010 0.000010 0.000010
0.000010 0.353268 0.000010 0.000010 0.000010 0.000010 0.000010 0.153372 0.493290 0.000010
0.103293 0.000010 0.000010 0.000010 0.000010 0.896627 0.000010 0.000010 0.000010 0.000010
0.000010 0.499419 0.000010 0.000010 0.000010 0.052426 0.000010 0.222748 0.225347 0.000010
0.000010 0.119759 0.000010 0.000010 0.000010 0.000010 0.000010 0.000010 0.880161 0.000010
0.129212 0.289337 0.000010 0.180214 0.000010 0.167755 0.000010 0.233433 0.000010 0.000010
0.000010 0.000010 0.545336 0.250271 0.000010 0.000010 0.000010 0.000010 0.204323 0.000010
0.000010 0.111000 0.000010 0.000010 0.000010 0.000010 0.000010 0.687398 0.201532 0.000010
0.000010 0.000010 0.000010 0.000010 0.634104 0.000010 0.000010 0.000010 0.000010 0.365816
0.000010 0.000010 0.626265 0.000010 0.000010 0.232739 0.000010 0.140925 0.000010 0.000010
0.000010 0.000010 0.000010 0.000010 0.000010 0.999910 0.000010 0.000010 0.000010 0.000010
0.000010 0.000010 0.000010 0.000010 0.000010 0.999910 0.000010 0.000010 0.000010 0.000010
0.000010 0.000010 0.224023 0.000010 0.000010 0.000010 0.000010 0.273582 0.502326 0.000010
0.000010 0.060170 0.567139 0.000010 0.000010 0.000010 0.000010 0.000010 0.372621 0.000010
0.000010 0.187828 0.365155 0.000010 0.000010 0.000010 0.000010 0.175846 0.271111 0.000010
0.408800 0.000010 0.223213 0.000010 0.000010 0.367917 0.000010 0.000010 0.000010 0.000010
0.185179 0.000010 0.160135 0.031346 0.000010 0.208332 0.000010 0.414958 0.000010 0.000010
0.000010 0.175968 0.362846 0.052103 0.000010 0.000010 0.000010 0.000010 0.409023 0.000010
0.166508 0.133341 0.087772 0.320635 0.000010 0.000010 0.000010 0.111904 0.179799 0.000010
0.000010 0.000010 0.000010 0.000010 0.000010 0.000010 0.000010 0.999910 0.000010 0.000010
0.000010 0.183168 0.036866 0.000010 0.000010 0.779896 0.000010 0.000010 0.000010 0.000010
0.454586 0.396238 0.137078 0.000010 0.000010 0.000010 0.000010 0.000010 0.000010 0.012038
0.000010 0.130491 0.392634 0.117540 0.000010 0.000010 0.000010 0.000010 0.359274 0.000010
0.000010 0.289934 0.000010 0.000010 0.000010 0.000010 0.000010 0.205812 0.504183 0.000010
0.000010 0.379516 0.142145 0.348625 0.000010 0.040237 0.000010 0.000010 0.089427 0.000010
0.182466 0.009159 0.494576 0.000010 0.000010 0.000010 0.000010 0.000010 0.313739 0.000010
0.212471 0.033077 0.000010 0.000010 0.000010 0.000010 0.000010 0.115825 0.638566 0.000010
0.094622 0.100754 0.443262 0.000010 0.000010 0.205077 0.000010 0.000010 0.156236 0.000010
0.008009 0.000010 0.151044 0.000010 0.000010 0.000010 0.000010 0.535645 0.305242 0.000010
0.529807 0.054966 0.231074 0.028316 0.000010 0.155788 0.000010 0.000010 0.000010 0.000010
0.000010 0.000010 0.389388 0.107897 0.000010 0.000010 0.000010 0.502645 0.000010 0.000010
0.999910 0.000010 0.000010 0.000010 0.000010 0.000010 0.000010 0.000010 0.000010 0.000010
0.207661 0.000010 0.435791 0.182125 0.000010 0.174363 0.000010 0.000010 0.000010 0.000010
0.000010 0.000010 0.000010 0.000010 0.999910 0.000010 0.000010 0.000010 0.000010 0.000010
0.000010 0.000010 0.000010 0.000010 0.000010 0.000010 0.000010 0.416331 0.583589 0.000010
0.165818 0.000010 0.431745 0.204929 0.000010 0.016115 0.000010 0.181344 0.000010 0.000010
0.000010 0.177525 0.217455 0.257894 0.000010 0.347066 0.000010 0.000010 0.000010 0.000010
0.000010 0.000010 0.383416 0.000010 0.000010 0.398112 0.000010 0.211562 0.000010 0.006850
0.423519 0.000010 0.000010 0.394848 0.000010 0.181563 0.000010 0.000010 0.000010 0.000010
0.000010 0.000010 0.000010 0.882733 0.000010 0.117187 0.000010 0.000010 0.000010 0.000010
0.266147 0.733773 0.000010 0.000010 0.000010 0.000010 0.000010 0.000010 0.000010 0.000010
