0.000010 0.000010 0.393032 0.000010 0.000010 0.000010 0.019050 0.000010 0.000010 0.212853 0.000010 0.265352 0.109602 0.000010 0.000010 0.000010
0.000010 0.000010 0.000010 0.000010 0.578223 0.000010 0.000010 0.000010 0.413646 0.000010 0.008001 0.000010 0.000010 0.000010 0.000010 0.000010
0.000010 0.191876 0.000010 0.013466 0.000010 0.000010 0.000010 0.000010 0.000010 0.228968 0.000010 0.000010 0.000010 0.000010 0.418143 0.147436
0.000010 0.000010 0.726272 0.273588 0.000010 0.000010 0.000010 0.000010 0.000010 0.000010 0.000010 0.000010 0.000010 0.000010 0.000010 0.000010
0.000010 0.087978 0.000010 0.000010 0.000010 0.000010 0.000010 0.000010 0.224598 0.000010 0.000010 0.000010 0.000010 0.000010 0.362782 0.324522
0.000010 0.000010 0.000010 0.000010 0.521136 0.000010 0.000010 0.000010 0.103437 0.000010 0.000010 0.243020 0.000010 0.000010 0.132287 0.000010
0.000010 0.101490 0.000010 0.000010 0.461534 0.000010 0.000010 0.000010 0.412446 0.000010 0.024410 0.000010 0.000010 0.000010 0.000010 0.000010
0.000010 0.189781 0.328368 0.000010 0.129723 0.000010 0.000010 0.000010 0.248151 0.000010 0.000010 0.000010 0.000010 0.000010 0.065893 0.037983
0.000010 0.000010 0.000010 0.000010 0.000010 0.000010 0.312769 0.000010 0.000010 0.000010 0.000010 0.648321 0.038780 0.000010 0.000010 0.000010
0.000010 0.000010 0.179160 0.000010 0.000010 0.000010 0.000010 0.306301 0.068076 0.000010 0.446344 0.000010 0.000010 0.000010 0.000010 0.000010
0.512552 0.000010 0.000010 0.000010 0.000010 0.290629 0.000010 0.170557 0.000010 0.000010 0.026142 0.000010 0.000010 0.000010 0.000010 0.000010
0.000010 0.000010 0.000010 0.999850 0.000010 0.000010 0.000010 0.000010 0.000010 0.000010 0.000010 0.000010 0.000010 0.000010 0.000010 0.000010
0.000010 0.000010 0.364605 0.000010 0.000010 0.000010 0.000010 0.000010 0.000010 0.338348 0.000010 0.170244 0.126682 0.000010 0.000010 0.000010
0.000010 0.000010 0.363713 0.048023 0.000010 0.000010 0.000010 0.000010 0.000010 0.000010 0.000010 0.588134 0.000010 0.000010 0.000010 0.000010
0.000010 0.000015 0.224161 0.000010 0.262412 0.000010 0.000010 0.000010 0.147702 0.000010 0.000010 0.000010 0.214753 0.000010 0.000010 0.150856
0.000010 0.000010 0.000010 0.000010 0.000010 0.000010 0.000010 0.000010 0.000010 0.000010 0.000010 0.093486 0.000010 0.000010 0.906374 0.000010
0.000010 0.000010 0.000010 0.000010 0.000010 0.506819 0.000010 0.000010 0.000010 0.000010 0.491959 0.000010 0.000010 0.001092 0.000010 0.000010
0.000010 0.000010 0.000010 0.000010 0.000010 0.000010 0.000010 0.000010 0.000010 0.000010 0.000010 0.000010 0.000010 0.999850 0.000010 0.000010
0.000010 0.000010 0.000010 0.000010 0.000010 0.000010 0.000010 0.000010 0.000010 0.000010 0.000010 0.000010 0.081961 0.000010 0.000010 0.917899
0.252610 0.000010 0.000010 0.000010 0.000010 0.632824 0.000010 0.000010 0.000010 0.000010 0.000010 0.000010 0.000010 0.114436 0.000010 0.000010
0.000010 0.000010 0.000010 0.000010 0.000010 0.000010 0.000010 0.000010 0.000010 0.000010 0.472375 0.000010 0.527485 0.000010 0.000010 0.000010
0.000010 0.000010 0.000010 0.000010 0.000010 0.000010 0.000010 0.000010 0.610801 0.000010 0.000010 0.000010 0.079274 0.000010 0.309795 0.000010
0.155889 0.000010 0.000010 0.000010 0.000010 0.684267 0.000010 0.159714 0.000010 0.000010 0.000010 0.000010 0.000010 0.000010 0.000010 0.000010
0.279738 0.000010 0.000010 0.000010 0.000010 0.040459 0.000010 0.000010 0.000010 0.000010 0.000010 0.000010 0.000010 0.679673 0.000010 0.000010
0.464195 0.000010 0.000010 0.000010 0.000010 0.172261 0.000010 0.000010 0.000010 0.000010 0.156694 0.000010 0.000010 0.206730 0.000010 0.000010
0.000010 0.000010 0.000010 0.000010 0.623517 0.000010 0.000010 0.000010 0.000010 0.000010 0.000010 0.000010 0.000010 0.000010 0.000010 0.376343
0.000010 0.000010 0.000010 0.110310 0.189563 0.000010 0.000010 0.000010 0.139658 0.325439 0.000010 0.000010 0.234919 0.000010 0.000010 0.000010
0.000010 0.217688 0.451498 0.000010 0.000010 0.015747 0.105725 0.000010 0.000010 0.207356 0.000010 0.000010 0.000010 0.000010 0.001887 0.000010
0.000010 0.000010 0.000010 0.000010 0.000010 0.000010 0.000010 0.000010 0.000010 0.000010 0.000010 0.636827 0.108416 0.000010 0.159468 0.095170
0.000010 0.000010 0.000010 0.000010 0.000010 0.000010 0.000010 0.000010 0.000010 0.000010 0.999850 0.000010 0.000010 0.000010 0.000010 0.000010
0.574309 0.000010 0.000010 0.000010 0.000010 0.000010 0.000010 0.000010 0.000010 0.000010 0.000010 0.000010 0.000010 0.425551 0.000010 0.000010
0.000010 0.000010 0.000010 0.000010 0.000010 0.000010 0.000010 0.000010 0.000010 0.000010 0.000010 0.000010 0.000010 0.000010 0.000010 0.999850
0.999850 0.000010 0.000010 0.000010 0.000010 0.000010 0.000010 0.000010 0.000010 0.000010 0.000010 0.000010 0.000010 0.000010 0.000010 0.000010
0.160185 0.000010 0.000010 0.839675 0.000010 0.000010 0.000010 0.000010 0.000010 0.000010 0.000010 0.000010 0.000010 0.000010 0.000010 0.000010
0.000010 0.000010 0.000010 0.000010 0.000010 0.000010 0.000010 0.000010 0.000010 0.000010 0.000010 0.000010 0.000010 0.000010 0.000010 0.999850
0.000010 0.415201 0.000010 0.000010 0.000010 0.000010 0.125709 0.000010 0.000010 0.000010 0.000010 0.000010 0.000010 0.000010 0.458960 0.000010
0.529787 0.000010 0.000010 0.000010 0.000010 0.000010 0.000010 0.000010 0.000010 0.000010 0.000010 0.000010 0.000010 0.470073 0.000010 0.000010
0.520645 0.000010 0.000010 0.000010 0.000010 0.157637 0.000010 0.000010 0.000010 0.000010 0.155856 0.000010 0.000010 0.165741 0.000010 0.000010
0.000010 0.212887 0.000010 0.152385 0.236175 0.000010 0.000010 0.000010 0.186552 0.000010 0.000010 0.000010 0.211891 0.000010 0.000010 0.000010
0.000010 0.000010 0.379305 0.040454 0.000010 0.000010 0.138025 0.000010 0.000010 0.000010 0.000010 0.000010 0.000010 0.000010 0.442096 0.000010
0.000010 0.000010 0.309064 0.000010 0.000010 0.000010 0.000010 0.000010 0.000010 0.690796 0.000010 0.000010 0.000010 0.000010 0.000010 0.000010
0.000010 0.199549 0.000010 0.800311 0.000010 0.000010 0.000010 0.000010 0.000010 0.000010 0.000010 0.000010 0.000010 0.000010 0.000010 0.000010
0.020052 0.000010 0.037846 0.000010 0.006901 0.408864 0.000010 0.284846 0.000010 0.000010 0.197654 0.000010 0.000010 0.000010 0.043747 0.000010
0.000010 0.000010 0.146406 0.000010 0.000010 0.000010 0.000010 0.000010 0.118789 0.000010 0.000010 0.530438 0.000010 0.000010 0.204247 0.000010
0.407709 0.000010 0.000010 0.000010 0.000010 0.000010 0.000010 0.000010 0.000010 0.000010 0.334546 0.000010 0.000010 0.257615 0.000010 0.000010
0.000010 0.000010 0.166424 0.000010 0.044100 0.000010 0.183558 0.000010 0.216557 0.000010 0.000010 0.059766 0.281409 0.048094 0.000012 0.000010
0.000010 0.195285 0.295576 0.000010 0.197509 0.000010 0.000010 0.011950 0.299571 0.000010 0.000010 0.000010 0.000010 0.000010 0.000010 0.000010
0.000010 0.000014 0.000010 0.000010 0.000010 0.000010 0.000010 0.000010 0.000010 0.000010 0.999846 0.000010 0.000010 0.000010 0.000010 0.000010
0.000010 0.000010 0.000010 0.000010 0.000010 0.543495 0.000010 0.456365 0.000010 0.000010 0.000010 0.000010 0.000010 0.000010 0.000010 0.000010
0.000010 0.000010 0.000010 0.000010 0.000010 0.000010 0.000010 0.000010 0.773048 0.000010 0.000010 0.000010 0.000010 0.000010 0.226812 0.000010
0.000010 0.000010 0.000010 0.000010 0.000010 0.000010 0.000010 0.000010 0.000010 0.529011 0.000010 0.000010 0.000010 0.000010 0.470849 0.000010
0.000010 0.020198 0.240939 0.000010 0.163941 0.000010 0.000010 0.000010 0.060591 0.191829 0.000010 0.000010 0.214010 0.000010 0.108402 0.000010
0.000010 0.000010 0.000010 0.000010 0.000010 0.000010 0.000010 0.000010 0.000010 0.000010 0.932116 0.067744 0.000010 0.000010 0.000010 0.000010
0.000010 0.000010 0.043435 0.000010 0.000010 0.000010 0.000010 0.000010 0.000010 0.598773 0.000010 0.357662 0.000010 0.000010 0.000010 0.000010
0.000010 0.309856 0.000016 0.123618 0.000010 0.000010 0.000010 0.000010 0.238088 0.000010 0.000010 0.073973 0.000010 0.000010 0.172587 0.081773
0.000010 0.000010 0.000010 0.000010 0.000010 0.000010 0.000010 0.999850 0.000010 0.000010 0.000010 0.000010 0.000010 0.000010 0.000010 0.000010
0.000010 0.000010 0.000010 0.000010 0.000010 0.000010 0.000010 0.000010 0.000010 0.000010 0.000010 0.565887 0.000010 0.000010 0.433973 0.000010
0.000010 0.000010 0.000010 0.000010 0.435996 0.000010 0.137886 0.000010 0.000010 0.425987 0.000010 0.000010 0.000010 0.000010 0.000010 0.000010
0.000010 0.000010 0.000010 0.000010 0.000010 0.000010 0.000010 0.000010 0.000010 0.301106 0.000010 0.000010 0.129352 0.000010 0.242220 0.327202
0.000010 0.000010 0.088958 0.000010 0.000010 0.000010 0.488850 0.000010 0.000010 0.049771 0.000010 0.000010 0.000010 0.000010 0.000010 0.372300
0.000010 0.000010 0.000010 0.000010 0.000010 0.000010 0.212757 0.000010 0.265480 0.000010 0.000010 0.000010 0.000010 0.000010 0.521633 0.000010
0.000010 0.000010 0.000010 0.000010 0.000010 0.000010 0.000010 0.000010 0.365828 0.302037 0.000010 0.000010 0.095941 0.000010 0.236075 0.000010
0.000010 0.038004 0.439188 0.000010 0.106732 0.000010 0.187300 0.000010 0.000010 0.000010 0.000010 0.000010 0.000010 0.000010 0.228665 0.000010
0.000010 0.000010 0.085506 0.348334 0.000010 0.000010 0.276834 0.000010 0.000010 0.000010 0.000010 0.289206 0.000010 0.000010 0.000010 0.000010
0.000010 0.273539 0.000019 0.302625 0.232570 0.000010 0.191137 0.000010 0.000010 0.000010 0.000010 0.000010 0.000010 0.000010 0.000010 0.000010
0.261991 0.000010 0.000010 0.000010 0.000010 0.000010 0.000010 0.380486 0.000010 0.000010 0.000010 0.000010 0.000010 0.357393 0.000010 0.000010
0.000010 0.426177 0.000010 0.000010 0.000010 0.000010 0.219230 0.000010 0.000010 0.000010 0.000010 0.005148 0.034768 0.000010 0.314567 0.000010
0.000010 0.000010 0.000010 0.006951 0.000010 0.000010 0.000010 0.001018 0.000010 0.583899 0.000010 0.000010 0.132647 0.000010 0.000010 0.275375
0.000010 0.000010 0.575095 0.000010 0.402418 0.000010 0.000010 0.000010 0.000010 0.000010 0.000010 0.000010 0.000010 0.000010 0.022357 0.000010
0.000010 0.000010 0.000010 0.000010 0.000010 0.000010 0.000010 0.000010 0.000010 0.000010 0.000010 0.000010 0.000010 0.000010 0.999850 0.000010
0.000010 0.428054 0.064434 0.000010 0.000010 0.000010 0.000010 0.000010 0.256325 0.000010 0.000010 0.000010 0.131873 0.000010 0.000010 0.119204
0.000010 0.280573 0.000010 0.000010 0.161186 0.000010 0.000010 0.000010 0.000010 0.000010 0.000010 0.204852 0.000010 0.000010 0.353269 0.000010
0.000010 0.000010 0.000010 0.000010 0.000010 0.000010 0.000010 0.000010 0.000010 0.000010 0.000010 0.000010 0.999850 0.000010 0.000010 0.000010
0.000010 0.000010 0.000010 0.000010 0.000010 0.000010 0.000010 0.000010 0.000010 0.367930 0.000010 0.000010 0.000010 0.000010 0.000010 0.631930
0.000010 0.000010 0.182975 0.000010 0.206949 0.000010 0.000010 0.000010 0.070378 0.000010 0.000010 0.108460 0.112574 0.000010 0.318564 0.000010
0.000010 0.000010 0.000010 0.698548 0.000010 0.000010 0.000010 0.000010 0.000010 0.301312 0.000010 0.000010 0.000010 0.000010 0.000010 0.000010
0.862294 0.000010 0.000010 0.000010 0.000010 0.137566 0.000010 0.000010 0.000010 0.000010 0.000010 0.000010 0.000010 0.000010 0.000010 0.000010
0.000010 0.000010 0.000010 0.000010 0.000010 0.314983 0.000010 0.000010 0.000010 0.000010 0.424786 0.000010 0.000010 0.260101 0.000010 0.000010
0.999850 0.000010 0.000010 0.000010 0.000010 0.000010 0.000010 0.000010 0.000010 0.000010 0.000010 0.000010 0.000010 0.000010 0.000010 0.000010
0.000010 0.000010 0.000010 0.000010 0.000010 0.000010 0.000010 0.000010 0.000010 0.000010 0.000010 0.000010 0.889639 0.110221 0.000010 0.000010
0.000010 0.058716 0.000010 0.000010 0.000010 0.000010 0.132730 0.016640 0.290150 0.000010 0.000010 0.000010 0.000010 0.000010 0.297470 0.204194
0.000010 0.000010 0.000010 0.000010 0.000010 0.000010 0.000010 0.000010 0.000010 0.000010 0.000010 0.000010 0.000010 0.999850 0.000010 0.000010
0.000010 0.000010 0.000010 0.000010 0.000010 0.999850 0.000010 0.000010 0.000010 0.000010 0.000010 0.000010 0.000010 0.000010 0.000010 0.000010
0.000010 0.187839 0.075345 0.330920 0.000010 0.000010 0.000010 0.000010 0.000010 0.000010 0.000010 0.029924 0.000010 0.000010 0.148171 0.227701
0.213553 0.000010 0.000010 0.000010 0.000010 0.000010 0.000010 0.000010 0.000010 0.000010 0.230702 0.000010 0.000010 0.555616 0.000010 0.000010
0.292325 0.000010 0.034679 0.000010 0.000010 0.000010 0.000010 0.144395 0.000010 0.000010 0.000010 0.000010 0.000010 0.528480 0.000010 0.000010
0.000010 0.000010 0.129964 0.000010 0.000010 0.000010 0.460567 0.000010 0.159402 0.000010 0.000010 0.069960 0.077330 0.000010 0.000010 0.102677
0.000010 0.000010 0.000010 0.000010 0.000010 0.632197 0.000010 0.000010 0.000010 0.000010 0.367663 0.000010 0.000010 0.000010 0.000010 0.000010
0.000010 0.346086 0.340319 0.000010 0.000010 0.009867 0.000010 0.000010 0.000010 0.000010 0.000010 0.138771 0.000010 0.000010 0.000010 0.164848
0.000010 0.000010 0.000010 0.614762 0.000010 0.000010 0.000010 0.000010 0.267042 0.000010 0.000010 0.000010 0.118066 0.000010 0.000010 0.000010
0.000010 0.000010 0.000010 0.000010 0.000010 0.999850 0.000010 0.000010 0.000010 0.000010 0.000010 0.000010 0.000010 0.000010 0.000010 0.000010
0.000010 0.000010 0.000010 0.000010 0.000010 0.000010 0.457747 0.272989 0.000010 0.036042 0.000010 0.116417 0.116695 0.000010 0.000010 0.000010
0.000010 0.000010 0.000010 0.000010 0.000010 0.000010 0.000010 0.000010 0.000010 0.000010 0.000010 0.000010 0.271274 0.000010 0.728586 0.000010
0.000010 0.000010 0.000010 0.000010 0.000010 0.000010 0.000010 0.000010 0.000010 0.000010 0.999850 0.000010 0.000010 0.000010 0.000010 0.000010
0.000010 0.000010 0.264952 0.447372 0.000010 0.000010 0.163421 0.000010 0.000010 0.000010 0.000010 0.000010 0.000010 0.000010 0.124136 0.000010
0.027431 0.000010 0.102041 0.000010 0.000010 0.000010 0.462615 0.000010 0.000010 0.000010 0.000010 0.000010 0.000010 0.000010 0.407793 0.000010
0.000010 0.000010 0.000010 0.000010 0.000010 0.456252 0.000010 0.023551 0.000010 0.000010 0.000010 0.000010 0.000010 0.520067 0.000010 0.000010
0.000010 0.435168 0.000010 0.000010 0.000010 0.000010 0.000010 0.000010 0.039158 0.000010 0.000010 0.000010 0.501057 0.024496 0.000010 0.000010
0.000010 0.000010 0.000010 0.000010 0.000010 0.000010 0.000010 0.000010 0.000010 0.000010 0.000010 0.000010 0.999850 0.000010 0.000010 0.000010
0.000010 0.119696 0.000010 0.000010 0.223416 0.000010 0.217729 0.000010 0.167886 0.000010 0.000010 0.000010 0.000010 0.000010 0.271163 0.000010
0.000010 0.000010 0.141260 0.000010 0.000010 0.000010 0.000010 0.000010 0.000010 0.000010 0.000010 0.000010 0.216509 0.000010 0.642101 0.000010
0.000010 0.000010 0.000010 0.000010 0.999850 0.000010 0.000010 0.000010 0.000010 0.000010 0.000010 0.000010 0.000010 0.000010 0.000010 0.000010
0.000010 0.000010 0.243419 0.000010 0.462224 0.000010 0.000010 0.000010 0.000010 0.294227 0.000010 0.000010 0.000010 0.000010 0.000010 0.000010
0.000010 0.000010 0.000010 0.158176 0.000010 0.000010 0.184683 0.000010 0.232121 0.000010 0.000010 0.000010 0.219435 0.000010 0.000010 0.205475
0.000010 0.000010 0.384106 0.000010 0.300552 0.000010 0.000010 0.000010 0.000010 0.000010 0.000010 0.000010 0.315212 0.000010 0.000010 0.000010
0.000010 0.000010 0.000010 0.000010 0.083258 0.000010 0.000010 0.000010 0.000010 0.000010 0.000010 0.448351 0.056463 0.000010 0.194448 0.217371
0.000010 0.000010 0.000010 0.000010 0.154190 0.000010 0.000010 0.000010 0.315049 0.448832 0.000010 0.000010 0.081809 0.000010 0.000010 0.000010
0.000010 0.000010 0.000010 0.000010 0.000010 0.000010 0.000010 0.000010 0.000010 0.000010 0.595720 0.000010 0.000010 0.404140 0.000010 0.000010
0.000010 0.084587 0.000010 0.045928 0.000010 0.000010 0.000010 0.000010 0.323376 0.000010 0.000010 0.437648 0.000010 0.000010 0.000010 0.108351
0.000010 0.081087 0.232773 0.000010 0.434218 0.000010 0.092424 0.000010 0.000010 0.000010 0.000010 0.159388 0.000010 0.000010 0.000010 0.000010
0.000010 0.000010 0.000010 0.000010 0.100111 0.000010 0.000010 0.000010 0.155821 0.000010 0.000010 0.000010 0.000010 0.000010 0.000010 0.743938
0.973692 0.000010 0.000010 0.000010 0.000010 0.000010 0.000010 0.000010 0.000010 0.000010 0.000010 0.000010 0.000010 0.000010 0.026168 0.000010
0.000010 0.000010 0.000010 0.000010 0.000010 0.858641 0.000010 0.000010 0.000010 0.000010 0.000010 0.000010 0.000010 0.141219 0.000010 0.000010
0.000010 0.000010 0.000010 0.000010 0.306719 0.000010 0.299760 0.000010 0.000010 0.000010 0.000010 0.000010 0.393392 0.000010 0.000010 0.000010
0.000010 0.000010 0.000010 0.412438 0.000010 0.000010 0.000010 0.000010 0.000010 0.209077 0.000010 0.000010 0.000010 0.000010 0.018299 0.360065
0.890764 0.000010 0.000010 0.000010 0.000010 0.000010 0.000010 0.000010 0.102002 0.000010 0.000010 0.000010 0.000010 0.000010 0.000010 0.007104
0.000010 0.000010 0.000010 0.083298 0.000010 0.000010 0.000010 0.000010 0.000010 0.000010 0.000010 0.236496 0.414458 0.000010 0.069102 0.196536
0.999850 0.000010 0.000010 0.000010 0.000010 0.000010 0.000010 0.000010 0.000010 0.000010 0.000010 0.000010 0.000010 0.000010 0.000010 0.000010
0.301487 0.000010 0.000010 0.000010 0.000010 0.045793 0.000010 0.093038 0.000010 0.000010 0.337280 0.000010 0.000011 0.222292 0.000010 0.000010
0.000010 0.000010 0.262442 0.191119 0.000010 0.000010 0.000010 0.000010 0.027796 0.316099 0.000010 0.000010 0.164625 0.000010 0.037819 0.000010
0.000010 0.000010 0.000010 0.000010 0.000010 0.000010 0.000010 0.000010 0.052020 0.192937 0.000010 0.000010 0.370730 0.000010 0.384193 0.000010
0.000010 0.132040 0.116776 0.000010 0.000010 0.000010 0.000010 0.000010 0.000010 0.000010 0.000010 0.000010 0.114710 0.000010 0.636354 0.000010
0.000010 0.000010 0.000010 0.000010 0.000010 0.494479 0.000010 0.000010 0.000010 0.000010 0.000010 0.000010 0.505381 0.000010 0.000010 0.000010
0.000010 0.643639 0.356221 0.000010 0.000010 0.000010 0.000010 0.000010 0.000010 0.000010 0.000010 0.000010 0.000010 0.000010 0.000010 0.000010
0.000010 0.000010 0.000010 0.000010 0.999850 0.000010 0.000010 0.000010 0.000010 0.000010 0.000010 0.000010 0.000010 0.000010 0.000010 0.000010
0.000010 0.203635 0.000010 0.000010 0.000010 0.000010 0.000010 0.000010 0.139680 0.656555 0.000010 0.000010 0.000010 0.000010 0.000010 0.000010
0.000010 0.305333 0.000010 0.000010 0.262870 0.000010 0.000010 0.000010 0.000010 0.000010 0.000010 0.000010 0.039986 0.000010 0.218955 0.172745
0.000010 0.000010 0.198567 0.000010 0.000010 0.000010 0.000010 0.000010 0.000010 0.000010 0.000010 0.000010 0.801293 0.000010 0.000010 0.000010
0.000010 0.168066 0.000010 0.000010 0.131827 0.000010 0.000010 0.000010 0.000010 0.000010 0.000010 0.000010 0.000010 0.000010 0.621616 0.078370
0.000010 0.560339 0.000010 0.426595 0.000010 0.000010 0.000010 0.000010 0.000010 0.000010 0.000010 0.000010 0.000010 0.012936 0.000010 0.000010
0.978361 0.000010 0.000010 0.000010 0.000010 0.000010 0.000010 0.000010 0.000010 0.000010 0.000010 0.000010 0.000010 0.000010 0.021499 0.000010
0.000010 0.295019 0.000010 0.000010 0.000010 0.000010 0.000010 0.000010 0.117549 0.587302 0.000010 0.000010 0.000010 0.000010 0.000010 0.000010
0.000010 0.308935 0.194375 0.105098 0.000010 0.000010 0.077990 0.000010 0.067334 0.000010 0.000010 0.062001 0.184177 0.000010 0.000010 0.000010
0.000010 0.236223 0.259529 0.000010 0.151350 0.000010 0.057169 0.000010 0.000014 0.200617 0.000010 0.000010 0.072155 0.000010 0.022864 0.000010
0.000010 0.090786 0.000010 0.000010 0.000010 0.000010 0.000010 0.000010 0.485099 0.194290 0.000010 0.171306 0.000010 0.000010 0.058409 0.000010
0.000010 0.000010 0.000010 0.040393 0.000010 0.000010 0.538280 0.000010 0.000010 0.000010 0.000010 0.261542 0.159665 0.000010 0.000010 0.000010
0.000010 0.000010 0.312544 0.000010 0.251162 0.000010 0.000010 0.000010 0.170407 0.000010 0.000010 0.151849 0.000010 0.000010 0.042564 0.071374
0.000010 0.000010 0.000010 0.000010 0.000010 0.999850 0.000010 0.000010 0.000010 0.000010 0.000010 0.000010 0.000010 0.000010 0.000010 0.000010
0.000010 0.000010 0.000010 0.000010 0.000010 0.000010 0.000010 0.000010 0.000010 0.000010 0.000010 0.000010 0.000010 0.999850 0.000010 0.000010
0.469352 0.000010 0.000010 0.000010 0.000010 0.274148 0.000010 0.145972 0.000010 0.000010 0.000010 0.000010 0.000010 0.110408 0.000010 0.000010
0.000010 0.000010 0.000010 0.000010 0.000010 0.000010 0.000010 0.999850 0.000010 0.000010 0.000010 0.000010 0.000010 0.000010 0.000010 0.000010
0.000010 0.000010 0.000010 0.000010 0.000010 0.000010 0.000010 0.999850 0.000010 0.000010 0.000010 0.000010 0.000010 0.000010 0.000010 0.000010
0.000010 0.000010 0.000010 0.042582 0.000010 0.000010 0.000010 0.000010 0.258233 0.487684 0.000010 0.159606 0.051785 0.000010 0.000010 0.000010
0.050246 0.000010 0.000010 0.000010 0.000010 0.421875 0.000010 0.129689 0.000010 0.000010 0.000010 0.000010 0.000010 0.398070 0.000010 0.000010
0.000010 0.000010 0.000010 0.000010 0.000010 0.449628 0.000010 0.000010 0.000010 0.000010 0.000010 0.000010 0.000010 0.550232 0.000010 0.000010
0.999850 0.000010 0.000010 0.000010 0.000010 0.000010 0.000010 0.000010 0.000010 0.000010 0.000010 0.000010 0.000010 0.000010 0.000010 0.000010
0.000010 0.000010 0.000010 0.000010 0.000010 0.000010 0.000010 0.000010 0.000010 0.000010 0.999850 0.000010 0.000010 0.000010 0.000010 0.000010
0.000010 0.000010 0.000010 0.000010 0.000010 0.155645 0.000010 0.000010 0.000010 0.000010 0.061062 0.000010 0.000010 0.783163 0.000010 0.000010
0.442395 0.000010 0.000010 0.000010 0.000010 0.000010 0.000010 0.000010 0.000010 0.000010 0.270656 0.000010 0.000010 0.286819 0.000010 0.000010
0.022192 0.000010 0.000010 0.000010 0.000010 0.000010 0.000010 0.155451 0.000010 0.000010 0.000010 0.000010 0.000010 0.822227 0.000010 0.000010
0.000010 0.000010 0.000010 0.578663 0.000010 0.000010 0.000010 0.000010 0.000010 0.000010 0.000010 0.127463 0.000010 0.000010 0.293744 0.000010
0.000010 0.000010 0.000010 0.000010 0.000010 0.000010 0.000010 0.000010 0.999850 0.000010 0.000010 0.000010 0.000010 0.000010 0.000010 0.000010
0.000010 0.000010 0.000010 0.000010 0.000010 0.000010 0.607021 0.000010 0.186067 0.206782 0.000010 0.000010 0.000010 0.000010 0.000010 0.000010
0.000010 0.173170 0.208983 0.193594 0.000010 0.000010 0.000010 0.005279 0.076131 0.000010 0.000010 0.000010 0.030804 0.000010 0.311948 0.000010
0.000010 0.000010 0.663400 0.000010 0.336460 0.000010 0.000010 0.000010 0.000010 0.000010 0.000010 0.000010 0.000010 0.000010 0.000010 0.000010
0.000010 0.115377 0.000010 0.000010 0.000010 0.000010 0.650702 0.000010 0.000010 0.000010 0.000010 0.000010 0.110593 0.000010 0.123208 0.000010
0.000010 0.124652 0.000010 0.000010 0.268757 0.000010 0.260461 0.000010 0.087570 0.064582 0.000010 0.000010 0.193878 0.000010 0.000010 0.000010
0.000010 0.184170 0.000010 0.000010 0.000010 0.000010 0.000010 0.000010 0.169634 0.646066 0.000010 0.000010 0.000010 0.000010 0.000010 0.000010
0.000010 0.288772 0.041409 0.000010 0.000010 0.000010 0.000010 0.000010 0.247393 0.000010 0.000010 0.000010 0.422307 0.000010 0.000010 0.000010
0.000010 0.000010 0.194723 0.029489 0.000010 0.000010 0.257244 0.000010 0.000010 0.186248 0.000010 0.301290 0.000010 0.000010 0.000010 0.030906
0.000010 0.809924 0.000010 0.000010 0.036944 0.000010 0.000010 0.000010 0.000010 0.000010 0.000010 0.000010 0.000010 0.000010 0.153002 0.000010
0.000010 0.000010 0.000010 0.000010 0.000010 0.999850 0.000010 0.000010 0.000010 0.000010 0.000010 0.000010 0.000010 0.000010 0.000010 0.000010
0.000010 0.000010 0.000010 0.028658 0.000010 0.000010 0.399000 0.000010 0.072214 0.125352 0.000010 0.000010 0.000010 0.000010 0.374666 0.000010
0.000010 0.288723 0.000010 0.000010 0.000010 0.014645 0.000010 0.000010 0.000010 0.232795 0.000010 0.000010 0.000010 0.000010 0.463717 0.000010
0.000010 0.000010 0.593060 0.000010 0.406800 0.000010 0.000010 0.000010 0.000010 0.000010 0.000010 0.000010 0.000010 0.000010 0.000010 0.000010
0.000010 0.000010 0.000010 0.000011 0.000010 0.000010 0.000010 0.000010 0.000010 0.000010 0.000010 0.000010 0.000010 0.999849 0.000010 0.000010
0.000010 0.000010 0.000010 0.000010 0.000010 0.000010 0.000010 0.000010 0.000010 0.000010 0.000010 0.000010 0.000010 0.999850 0.000010 0.000010
0.418019 0.000010 0.000010 0.000010 0.000010 0.000010 0.000010 0.000010 0.000010 0.000010 0.562528 0.000010 0.019322 0.000010 0.000010 0.000010
0.000010 0.172137 0.374383 0.000010 0.000010 0.000010 0.081788 0.000010 0.074122 0.000010 0.000010 0.000010 0.000010 0.000010 0.070306 0.227164
0.000010 0.000010 0.000010 0.000010 0.000010 0.000010 0.000010 0.000010 0.218819 0.154171 0.000010 0.173453 0.000010 0.000010 0.000010 0.453438
0.000010 0.000010 0.000010 0.211578 0.329503 0.000010 0.000010 0.000010 0.103273 0.000010 0.000010 0.000010 0.000010 0.000010 0.000010 0.355527
0.000010 0.163404 0.033652 0.409586 0.000010 0.000010 0.000010 0.000010 0.000010 0.000010 0.000010 0.000010 0.000010 0.000010 0.000010 0.393239
0.663103 0.000010 0.000010 0.000010 0.000010 0.000010 0.000010 0.336757 0.000010 0.000010 0.000010 0.000010 0.000010 0.000010 0.000010 0.000010
0.000010 0.192066 0.000010 0.000010 0.000010 0.000010 0.034311 0.000010 0.109194 0.168158 0.002562 0.000010 0.211517 0.000010 0.221151 0.060961
0.000010 0.000010 0.000010 0.000010 0.000010 0.000010 0.000010 0.000010 0.062959 0.000010 0.000010 0.000010 0.936901 0.000010 0.000010 0.000010
0.000010 0.154462 0.035854 0.173737 0.029832 0.000010 0.221088 0.000010 0.000010 0.000010 0.000010 0.000010 0.095399 0.000010 0.283902 0.005645
0.000010 0.047407 0.101081 0.047639 0.000010 0.000010 0.350150 0.000010 0.000010 0.000010 0.000010 0.000010 0.000010 0.000010 0.282003 0.171620
0.211675 0.000010 0.000010 0.000010 0.000010 0.477639 0.000010 0.056441 0.000010 0.000010 0.254123 0.000010 0.000010 0.000013 0.000010 0.000010
0.000010 0.000010 0.000010 0.000010 0.000010 0.000010 0.000010 0.000010 0.000010 0.000010 0.999850 0.000010 0.000010 0.000010 0.000010 0.000010
0.000010 0.000010 0.315957 0.352649 0.000010 0.006111 0.000010 0.000010 0.000010 0.000010 0.000010 0.167287 0.091536 0.000010 0.000010 0.066360
0.000010 0.000010 0.104772 0.000010 0.153575 0.000010 0.308982 0.000010 0.240930 0.000010 0.000010 0.000010 0.000010 0.000010 0.000010 0.191630
0.000010 0.000010 0.000010 0.000010 0.000010 0.000010 0.000010 0.000010 0.000010 0.000010 0.000010 0.000010 0.000010 0.999850 0.000010 0.000010
0.000010 0.000010 0.184857 0.000010 0.000010 0.024703 0.000010 0.000010 0.295784 0.196799 0.000010 0.297747 0.000010 0.000010 0.000010 0.000010
0.000010 0.077143 0.000010 0.464449 0.000010 0.019146 0.000010 0.000010 0.000010 0.000010 0.000010 0.000010 0.167583 0.000010 0.088482 0.183097
0.000010 0.000010 0.298063 0.000010 0.230951 0.000010 0.000010 0.004300 0.000010 0.000010 0.000010 0.000010 0.120936 0.000010 0.345640 0.000010
0.000010 0.000010 0.000010 0.000010 0.000010 0.000010 0.000010 0.999850 0.000010 0.000010 0.000010 0.000010 0.000010 0.000010 0.000010 0.000010
0.000010 0.000010 0.999850 0.000010 0.000010 0.000010 0.000010 0.000010 0.000010 0.000010 0.000010 0.000010 0.000010 0.000010 0.000010 0.000010
0.000010 0.346846 0.064223 0.000010 0.000010 0.000010 0.221373 0.000010 0.000010 0.069458 0.000010 0.022869 0.000010 0.000010 0.000010 0.275130
0.000010 0.000010 0.349890 0.042202 0.289608 0.000010 0.000010 0.000010 0.000010 0.000010 0.000010 0.000010 0.000010 0.000010 0.318180 0.000010
0.000010 0.124943 0.583032 0.000010 0.053126 0.000010 0.000010 0.000010 0.000010 0.216052 0.000010 0.000010 0.000010 0.022737 0.000010 0.000010
0.866980 0.000010 0.000010 0.000010 0.000010 0.000010 0.000010 0.000010 0.000010 0.000010 0.132880 0.000010 0.000010 0.000010 0.000010 0.000010
0.000010 0.000010 0.000010 0.000010 0.000010 0.000010 0.000010 0.000010 0.000010 0.000010 0.000010 0.000010 0.000010 0.999850 0.000010 0.000010
0.000010 0.000010 0.000010 0.000010 0.026053 0.000010 0.000010 0.000010 0.000010 0.000010 0.973807 0.000010 0.000010 0.000010 0.000010 0.000010
0.000010 0.192955 0.000010 0.585561 0.000010 0.000010 0.000010 0.000010 0.000010 0.000010 0.000010 0.221350 0.000010 0.000010 0.000014 0.000010
0.000010 0.504743 0.202629 0.000010 0.020327 0.000010 0.000010 0.000010 0.000010 0.000010 0.000010 0.000010 0.272182 0.000010 0.000010 0.000010
0.000010 0.045896 0.690676 0.000010 0.000010 0.000010 0.000010 0.000010 0.000010 0.000010 0.000010 0.000010 0.000010 0.000010 0.000010 0.263298
0.000010 0.000010 0.001045 0.000010 0.998815 0.000010 0.000010 0.000010 0.000010 0.000010 0.000010 0.000010 0.000010 0.000010 0.000010 0.000010
0.000010 0.000010 0.000010 0.486360 0.000010 0.000010 0.000010 0.000010 0.311457 0.202053 0.000010 0.000010 0.000010 0.000010 0.000010 0.000010
0.000010 0.605563 0.292353 0.000010 0.000010 0.000010 0.101954 0.000010 0.000010 0.000010 0.000010 0.000010 0.000010 0.000010 0.000010 0.000010
0.000010 0.000010 0.000010 0.197303 0.000010 0.353897 0.000010 0.000010 0.270407 0.059940 0.030164 0.000010 0.000010 0.056075 0.000010 0.032125
0.000010 0.381398 0.240704 0.000010 0.072956 0.005676 0.157499 0.000010 0.000010 0.141667 0.000010 0.000010 0.000010 0.000010 0.000010 0.000010
0.000010 0.267035 0.119113 0.068220 0.000010 0.000010 0.132101 0.000010 0.097180 0.000010 0.000010 0.168504 0.037360 0.000010 0.000010 0.110407
0.000010 0.000010 0.000010 0.000010 0.000010 0.000010 0.000010 0.000010 0.000010 0.000010 0.000010 0.000010 0.999850 0.000010 0.000010 0.000010
0.000010 0.265398 0.177473 0.000010 0.000010 0.000010 0.000010 0.000010 0.000010 0.000010 0.000010 0.192840 0.000010 0.000010 0.326848 0.037331
0.000010 0.208357 0.000010 0.085034 0.070636 0.000010 0.000010 0.000010 0.000010 0.000010 0.000010 0.056036 0.000010 0.000010 0.381196 0.198640
0.000010 0.000010 0.212137 0.134915 0.000010 0.000010 0.000010 0.000010 0.000010 0.000010 0.000010 0.000010 0.425294 0.000010 0.227534 0.000010
0.000010 0.057497 0.000010 0.000010 0.312040 0.000010 0.050533 0.000010 0.000010 0.451317 0.000010 0.000010 0.000010 0.000010 0.000010 0.128503
0.000010 0.287179 0.024062 0.050508 0.000010 0.000010 0.000010 0.000010 0.000010 0.000010 0.000010 0.000010 0.314917 0.000010 0.323223 0.000010
0.000010 0.195863 0.088388 0.196877 0.000010 0.000010 0.223438 0.000010 0.000010 0.000010 0.000010 0.000010 0.000010 0.000010 0.295324 0.000010
0.000010 0.114225 0.320072 0.128466 0.000010 0.000010 0.000010 0.000010 0.159335 0.277792 0.000010 0.000010 0.000010 0.000010 0.000010 0.000010
0.000010 0.424541 0.227719 0.000010 0.000010 0.000010 0.259604 0.000010 0.000010 0.000010 0.000010 0.000010 0.000010 0.088016 0.000010 0.000010
0.000010 0.755815 0.000010 0.244045 0.000010 0.000010 0.000010 0.000010 0.000010 0.000010 0.000010 0.000010 0.000010 0.000010 0.000010 0.000010
0.651019 0.000010 0.000010 0.000010 0.000010 0.000010 0.000010 0.006386 0.000010 0.000010 0.000010 0.000010 0.000010 0.315392 0.000010 0.027084
0.634194 0.000010 0.000010 0.000010 0.000010 0.365666 0.000010 0.000010 0.000010 0.000010 0.000010 0.000010 0.000010 0.000010 0.000010 0.000010
0.000010 0.294574 0.000010 0.000010 0.000010 0.000010 0.000010 0.000010 0.000010 0.000010 0.000010 0.153432 0.000010 0.000010 0.511502 0.040371
0.000010 0.000010 0.000010 0.000010 0.000010 0.000010 0.000010 0.000010 0.000010 0.999850 0.000010 0.000010 0.000010 0.000010 0.000010 0.000010
0.000010 0.000010 0.000010 0.000010 0.340021 0.000010 0.000010 0.000010 0.000010 0.546521 0.000010 0.000010 0.113328 0.000010 0.000010 0.000010
0.000010 0.165947 0.000010 0.087942 0.093194 0.000010 0.189030 0.000010 0.000010 0.000010 0.000010 0.000010 0.255242 0.000010 0.199994 0.008562
0.000010 0.212839 0.000010 0.000010 0.000010 0.000010 0.000010 0.000010 0.000010 0.000010 0.000010 0.787021 0.000010 0.000010 0.000010 0.000010
0.000010 0.000010 0.000010 0.000010 0.000010 0.000010 0.774600 0.000010 0.000010 0.000010 0.000010 0.000010 0.225260 0.000010 0.000010 0.000010
0.000010 0.000010 0.289385 0.324867 0.000010 0.000010 0.000010 0.000010 0.000010 0.067565 0.000010 0.000010 0.000010 0.000010 0.318064 0.000010
0.000010 0.474903 0.411551 0.000010 0.000010 0.000010 0.000010 0.000010 0.000010 0.000010 0.000010 0.000010 0.000010 0.000010 0.113417 0.000010
0.000010 0.000010 0.000010 0.999847 0.000010 0.000010 0.000010 0.000010 0.000010 0.000010 0.000010 0.000013 0.000010 0.000010 0.000010 0.000010
0.000010 0.000010 0.000010 0.000010 0.000010 0.000010 0.346882 0.000010 0.000010 0.000010 0.000010 0.000010 0.000010 0.000010 0.000010 0.652978
0.000010 0.000010 0.182290 0.000010 0.000010 0.000010 0.000010 0.000010 0.000010 0.752520 0.000010 0.000010 0.065060 0.000010 0.000010 0.000010
0.796777 0.000010 0.000010 0.000010 0.000010 0.000010 0.000010 0.203083 0.000010 0.000010 0.000010 0.000010 0.000010 0.000010 0.000010 0.000010
0.000010 0.000010 0.000010 0.000010 0.000010 0.000010 0.000010 0.000010 0.027993 0.000010 0.000010 0.217206 0.000010 0.000010 0.487878 0.266803
0.000010 0.000010 0.208547 0.233010 0.000010 0.000010 0.000010 0.000010 0.558313 0.000010 0.000010 0.000010 0.000010 0.000010 0.000010 0.000010
0.437089 0.000010 0.000010 0.000010 0.000010 0.000010 0.000010 0.370637 0.000010 0.000010 0.160115 0.000010 0.032039 0.000010 0.000010 0.000010
0.000010 0.269082 0.161678 0.175702 0.000010 0.000010 0.180921 0.000010 0.212507 0.000010 0.000010 0.000010 0.000010 0.000010 0.000010 0.000010
0.000010 0.000010 0.000010 0.000010 0.216793 0.000010 0.024613 0.000010 0.000010 0.000010 0.000010 0.424811 0.000010 0.000010 0.333664 0.000010
0.000010 0.000010 0.000010 0.763861 0.000010 0.000010 0.000010 0.000010 0.000010 0.000010 0.000010 0.000010 0.235999 0.000010 0.000010 0.000010
0.000010 0.000010 0.000010 0.000010 0.000010 0.000010 0.000010 0.000010 0.000010 0.000010 0.654991 0.000010 0.000010 0.344869 0.000010 0.000010
0.000010 0.000010 0.000010 0.000010 0.109319 0.000010 0.000010 0.000010 0.890541 0.000010 0.000010 0.000010 0.000010 0.000010 0.000010 0.000010
0.000010 0.401863 0.244247 0.000010 0.000010 0.000010 0.000010 0.005109 0.183765 0.000010 0.000010 0.164906 0.000010 0.000010 0.000010 0.000010
0.000010 0.000010 0.000010 0.000010 0.480522 0.000010 0.000010 0.000010 0.000010 0.000010 0.000010 0.000010 0.000010 0.000010 0.519338 0.000010
0.000010 0.000010 0.073573 0.000010 0.000010 0.000010 0.000010 0.000010 0.000010 0.926287 0.000010 0.000010 0.000010 0.000010 0.000010 0.000010
0.000010 0.000010 0.000010 0.156165 0.492715 0.000010 0.067861 0.000010 0.000010 0.000010 0.000010 0.000010 0.000010 0.000010 0.283139 0.000010
0.000010 0.000010 0.000010 0.000010 0.000010 0.238506 0.000010 0.000010 0.000010 0.000010 0.559099 0.000010 0.000010 0.202265 0.000010 0.000010
0.487934 0.000010 0.000010 0.000010 0.000010 0.511926 0.000010 0.000010 0.000010 0.000010 0.000010 0.000010 0.000010 0.000010 0.000010 0.000010
0.604276 0.000010 0.000010 0.000010 0.000010 0.127805 0.000010 0.000010 0.000010 0.000010 0.000010 0.000010 0.000010 0.267789 0.000010 0.000010
0.527211 0.000010 0.000010 0.000010 0.000010 0.135472 0.000010 0.149993 0.000010 0.000010 0.187204 0.000010 0.000010 0.000010 0.000010 0.000010
0.000010 0.000010 0.523964 0.282076 0.000010 0.000010 0.000010 0.000010 0.000010 0.000010 0.000010 0.000010 0.000010 0.000010 0.000010 0.193830
0.000010 0.000010 0.000010 0.000010 0.000010 0.000010 0.000010 0.000011 0.000010 0.000010 0.507564 0.000010 0.000010 0.492296 0.000010 0.000010
0.000010 0.000010 0.000010 0.000010 0.000010 0.397123 0.000010 0.602737 0.000010 0.000010 0.000010 0.000010 0.000010 0.000010 0.000010 0.000010
0.018493 0.089359 0.134613 0.000010 0.000010 0.000010 0.000010 0.000010 0.000010 0.000010 0.000010 0.290540 0.000010 0.000010 0.466885 0.000010
0.000010 0.000010 0.151002 0.057873 0.598534 0.000010 0.000010 0.000010 0.192462 0.000010 0.000010 0.000013 0.000010 0.000010 0.000016 0.000010
0.000010 0.000010 0.371426 0.000010 0.240148 0.000010 0.000010 0.016475 0.043929 0.098028 0.000010 0.000010 0.000010 0.000010 0.229894 0.000010
0.000010 0.163727 0.106243 0.000010 0.366809 0.000010 0.017712 0.000010 0.000619 0.000010 0.000010 0.331984 0.000010 0.012815 0.000010 0.000010
0.000010 0.000010 0.000010 0.000010 0.120667 0.000010 0.000010 0.000010 0.217837 0.415753 0.000010 0.046886 0.157400 0.000010 0.000010 0.041356
0.000010 0.111722 0.590992 0.000010 0.186282 0.000010 0.000010 0.000010 0.000010 0.000010 0.000010 0.000010 0.110884 0.000010 0.000010 0.000010
0.000010 0.000010 0.000010 0.000010 0.000010 0.000010 0.999850 0.000010 0.000010 0.000010 0.000010 0.000010 0.000010 0.000010 0.000010 0.000010
0.000010 0.234641 0.000010 0.210332 0.000010 0.000010 0.000010 0.000010 0.025434 0.000010 0.000010 0.000010 0.318442 0.000010 0.000010 0.211041
0.000010 0.000010 0.000010 0.000010 0.000010 0.000010 0.000010 0.000010 0.302459 0.212082 0.000010 0.000010 0.000010 0.000010 0.354577 0.130762
0.000010 0.000010 0.000010 0.000010 0.000010 0.000010 0.000010 0.000010 0.082768 0.000010 0.000010 0.536721 0.380381 0.000010 0.000010 0.000010
0.000010 0.590370 0.185792 0.000010 0.000010 0.000010 0.028101 0.000010 0.000010 0.000010 0.013372 0.000010 0.000010 0.000010 0.000010 0.182255
0.000010 0.243834 0.330353 0.260333 0.000010 0.000010 0.000010 0.000010 0.000010 0.165360 0.000010 0.000010 0.000010 0.000010 0.000010 0.000010
0.000010 0.247857 0.257964 0.285185 0.000010 0.000010 0.000010 0.000010 0.000010 0.000010 0.000010 0.000010 0.000010 0.000010 0.208874 0.000010
0.000010 0.000010 0.418442 0.000010 0.000010 0.000010 0.000010 0.000010 0.000010 0.000010 0.000010 0.000010 0.261871 0.000010 0.000010 0.319557
0.020239 0.000010 0.000010 0.000010 0.000010 0.000010 0.000010 0.000010 0.000010 0.000010 0.000010 0.000010 0.000010 0.000010 0.000010 0.979621
0.000010 0.000010 0.361291 0.000010 0.342825 0.000010 0.000010 0.000010 0.219565 0.000010 0.000010 0.000010 0.000010 0.005518 0.000010 0.070690
0.000010 0.000010 0.234409 0.080500 0.454681 0.000010 0.000010 0.000010 0.125062 0.000010 0.000010 0.000010 0.000010 0.000010 0.000010 0.105239
0.000010 0.000010 0.000010 0.000010 0.000010 0.000010 0.060867 0.000010 0.402350 0.000010 0.000010 0.000010 0.000010 0.000010 0.477485 0.059179
0.000010 0.448257 0.000010 0.014627 0.000010 0.000010 0.332856 0.000010 0.000010 0.131986 0.000010 0.072163 0.000010 0.000010 0.000010 0.000010
0.000010 0.000010 0.000010 0.000010 0.000010 0.000010 0.000010 0.180953 0.000010 0.000010 0.000010 0.000010 0.818907 0.000010 0.000010 0.000010
0.000010 0.339947 0.154035 0.000010 0.000010 0.000010 0.237550 0.000010 0.045640 0.000010 0.000010 0.056576 0.000010 0.000010 0.166152 0.000010
0.000010 0.000010 0.261459 0.000010 0.000010 0.000010 0.000010 0.000010 0.000010 0.000010 0.000010 0.388833 0.000010 0.000010 0.260317 0.089271
0.000010 0.000010 0.246351 0.000010 0.304381 0.000010 0.000010 0.000010 0.000010 0.000010 0.000010 0.000010 0.449138 0.000010 0.000010 0.000010
0.000010 0.000010 0.000010 0.000010 0.000010 0.000010 0.000010 0.000010 0.000010 0.000010 0.000010 0.755747 0.000010 0.000010 0.244113 0.000010
0.000010 0.000010 0.111232 0.110039 0.000010 0.000010 0.000010 0.000010 0.000010 0.000010 0.000010 0.291668 0.000010 0.000010 0.486940 0.000010
0.000010 0.000010 0.000010 0.000010 0.000010 0.000010 0.000010 0.000010 0.056955 0.637862 0.000010 0.000010 0.000010 0.000010 0.000010 0.305053
0.000010 0.000010 0.000010 0.096819 0.000010 0.000010 0.000010 0.000010 0.000010 0.000010 0.000010 0.000010 0.000010 0.000010 0.523058 0.379993
0.000010 0.000010 0.000010 0.000010 0.000010 0.000010 0.808953 0.000010 0.000010 0.000010 0.000010 0.000010 0.190907 0.000010 0.000010 0.000010
0.000010 0.000010 0.000010 0.082660 0.000011 0.000010 0.000010 0.000010 0.015301 0.254993 0.000010 0.163705 0.269657 0.000010 0.128615 0.084977
0.000010 0.246305 0.000010 0.140264 0.271259 0.000010 0.000010 0.000010 0.000010 0.080579 0.000010 0.000010 0.000010 0.000010 0.261482 0.000010
0.000010 0.073810 0.000010 0.000010 0.000010 0.000010 0.488669 0.000010 0.000010 0.000010 0.000010 0.437391 0.000010 0.000010 0.000010 0.000010
0.000010 0.471638 0.000010 0.000010 0.000010 0.000010 0.000010 0.000010 0.000010 0.000010 0.000010 0.000010 0.267732 0.000010 0.031550 0.228959
