0.000010 0.000010 0.000010 0.139207 0.000010 0.000010 0.000010 0.000010 0.191000 0.024741 0.366236 0.000010 0.000010 0.000010 0.000010 0.000010 0.000010 0.000010 0.000010 0.000010 0.278657
0.000010 0.000010 0.000010 0.161578 0.000010 0.000010 0.000010 0.116426 0.000010 0.021997 0.000010 0.699829 0.000010 0.000010 0.000010 0.000010 0.000010 0.000010 0.000010 0.000010 0.000010
0.000010 0.000010 0.000010 0.000010 0.000010 0.000010 0.000010 0.000010 0.000012 0.000010 0.000010 0.049316 0.000010 0.000010 0.000010 0.153407 0.098169 0.000010 0.299089 0.399857 0.000010
0.000010 0.000012 0.000010 0.000010 0.000010 0.000010 0.000010 0.150028 0.000010 0.000010 0.000010 0.000010 0.000010 0.000010 0.000010 0.849780 0.000010 0.000010 0.000010 0.000010 0.000010
0.000010 0.203412 0.000010 0.000010 0.000010 0.000010 0.000010 0.000010 0.000010 0.000010 0.000010 0.000010 0.000010 0.000010 0.000010 0.400030 0.000010 0.000010 0.000010 0.320049 0.076340
0.000010 0.000010 0.000010 0.310968 0.000010 0.000010 0.000010 0.136517 0.298234 0.000010 0.000010 0.000010 0.000010 0.000010 0.000010 0.000010 0.000010 0.000010 0.000010 0.254111 0.000010
0.000010 0.000010 0.031196 0.000010 0.000010 0.000010 0.000010 0.000010 0.000010 0.000010 0.000010 0.602939 0.000010 0.000010 0.000010 0.000010 0.000010 0.000010 0.000010 0.365685 0.000010
0.000010 0.000010 0.000010 0.220333 0.000010 0.000010 0.000010 0.000010 0.000010 0.000010 0.000010 0.000010 0.000010 0.000010 0.000010 0.369013 0.326744 0.000010 0.000010 0.083740 0.000010
0.000010 0.000010 0.000010 0.000010 0.000010 0.000010 0.000010 0.000010 0.094695 0.000010 0.000010 0.367592 0.000010 0.000010 0.000010 0.000010 0.000010 0.537533 0.000010 0.000010 0.000010
0.000010 0.000010 0.331962 0.000010 0.000010 0.000010 0.024348 0.000010 0.000010 0.000010 0.042883 0.102972 0.390027 0.000010 0.000010 0.107658 0.000010 0.000010 0.000010 0.000010 0.000010
0.000010 0.000010 0.000010 0.000010 0.696713 0.000010 0.000010 0.000010 0.000010 0.000010 0.000010 0.000010 0.000010 0.000010 0.303097 0.000010 0.000010 0.000010 0.000010 0.000010 0.000010
0.000010 0.000010 0.000010 0.000010 0.000010 0.000010 0.000010 0.000010 0.000010 0.000010 0.000010 0.000010 0.000010 0.000010 0.000010 0.000010 0.000010 0.000010 0.000010 0.000010 0.999800
0.100159 0.000010 0.000010 0.000010 0.000010 0.192134 0.000010 0.000010 0.000010 0.214027 0.008146 0.160204 0.000010 0.000010 0.000010 0.144312 0.124517 0.000010 0.000010 0.000010 0.056371
0.000010 0.065699 0.000010 0.000010 0.000010 0.000010 0.000010 0.000010 0.514854 0.000010 0.419267 0.000010 0.000010 0.000010 0.000010 0.000010 0.000010 0.000010 0.000010 0.000010 0.000010
0.000010 0.152645 0.000010 0.219952 0.000010 0.093213 0.000010 0.000010 0.000010 0.018711 0.000010 0.285446 0.000010 0.000010 0.000010 0.000010 0.000010 0.000010 0.172815 0.057078 0.000010
0.000010 0.000010 0.000010 0.000010 0.000010 0.000010 0.000010 0.000010 0.719335 0.000010 0.000010 0.000010 0.000010 0.000010 0.000010 0.000010 0.000010 0.000010 0.000010 0.115179 0.165306
0.000010 0.000010 0.247577 0.000010 0.000010 0.000010 0.000010 0.000010 0.000010 0.000010 0.000010 0.000010 0.164182 0.588061 0.000010 0.000010 0.000010 0.000010 0.000010 0.000010 0.000010
0.000010 0.000010 0.000010 0.000010 0.000010 0.000010 0.000010 0.000010 0.000010 0.000010 0.000010 0.000010 0.000010 0.999800 0.000010 0.000010 0.000010 0.000010 0.000010 0.000010 0.000010
0.000010 0.000010 0.000010 0.000010 0.000010 0.000010 0.000010 0.000010 0.000010 0.999800 0.000010 0.000010 0.000010 0.000010 0.000010 0.000010 0.000010 0.000010 0.000010 0.000010 0.000010
0.000010 0.000010 0.000010 0.000010 0.288110 0.000010 0.000010 0.000010 0.000010 0.000010 0.000010 0.000010 0.450883 0.260827 0.000010 0.000010 0.000010 0.000010 0.000010 0.000010 0.000010
0.414476 0.000010 0.000010 0.000010 0.000010 0.000010 0.422206 0.000010 0.000010 0.000010 0.000010 0.000010 0.082869 0.000010 0.000010 0.000010 0.000010 0.000010 0.000010 0.000010 0.080279
0.000010 0.000010 0.000010 0.283072 0.000010 0.000010 0.000010 0.311820 0.404927 0.000010 0.000010 0.000010 0.000010 0.000010 0.000010 0.000010 0.000011 0.000010 0.000010 0.000010 0.000010
0.000010 0.000010 0.000010 0.000010 0.528038 0.000010 0.000010 0.000010 0.000010 0.000010 0.000010 0.000010 0.000010 0.471772 0.000010 0.000010 0.000010 0.000010 0.000010 0.000010 0.000010
0.000010 0.000010 0.368249 0.000010 0.404162 0.000010 0.214717 0.000010 0.000010 0.000010 0.000010 0.000010 0.012702 0.000010 0.000010 0.000010 0.000010 0.000010 0.000010 0.000010 0.000010
0.000010 0.000010 0.000010 0.000010 0.999800 0.000010 0.000010 0.000010 0.000010 0.000010 0.000010 0.000010 0.000010 0.000010 0.000010 0.000010 0.000010 0.000010 0.000010 0.000010 0.000010
0.000010 0.000010 0.000010 0.136878 0.000010 0.000010 0.000010 0.157973 0.014572 0.000010 0.000010 0.000010 0.000010 0.000010 0.000010 0.000010 0.000010 0.119374 0.000010 0.568355 0.002698
0.103281 0.000010 0.000010 0.191940 0.000010 0.000010 0.000010 0.000010 0.000010 0.545355 0.000010 0.000010 0.000010 0.000010 0.000010 0.000010 0.000010 0.000010 0.078493 0.000010 0.080770
0.107405 0.000010 0.000010 0.000010 0.000010 0.000010 0.000010 0.000010 0.086877 0.000010 0.148047 0.422128 0.000010 0.016253 0.000010 0.000010 0.000010 0.000010 0.219140 0.000010 0.000010
0.206638 0.000010 0.000010 0.000010 0.000010 0.000010 0.000010 0.189956 0.218997 0.000010 0.000010 0.000010 0.000010 0.000010 0.000010 0.000010 0.000010 0.045624 0.244902 0.000010 0.093734
0.000010 0.000010 0.783629 0.000010 0.216181 0.000010 0.000010 0.000010 0.000010 0.000010 0.000010 0.000010 0.000010 0.000010 0.000010 0.000010 0.000010 0.000010 0.000010 0.000010 0.000010
0.000010 0.000010 0.655033 0.000010 0.344777 0.000010 0.000010 0.000010 0.000010 0.000010 0.000010 0.000010 0.000010 0.000010 0.000010 0.000010 0.000010 0.000010 0.000010 0.000010 0.000010
0.000010 0.000010 0.000010 0.000010 0.000010 0.000010 0.000010 0.000010 0.000010 0.000010 0.000010 0.000010 0.000010 0.000010 0.000010 0.999800 0.000010 0.000010 0.000010 0.000010 0.000010
0.000010 0.000010 0.000010 0.000010 0.000010 0.000010 0.999800 0.000010 0.000010 0.000010 0.000010 0.000010 0.000010 0.000010 0.000010 0.000010 0.000010 0.000010 0.000010 0.000010 0.000010
0.000010 0.000010 0.000010 0.000010 0.000010 0.000010 0.000010 0.000010 0.000010 0.000010 0.000010 0.000010 0.000010 0.177903 0.000010 0.000010 0.821907 0.000010 0.000010 0.000010 0.000010
0.000010 0.000010 0.000010 0.000010 0.000010 0.000010 0.016417 0.000010 0.000010 0.000010 0.000010 0.000010 0.000010 0.000010 0.000010 0.983393 0.000010 0.000010 0.000010 0.000010 0.000010
0.154809 0.000010 0.000010 0.000010 0.000010 0.000010 0.000010 0.000010 0.000010 0.000010 0.000010 0.000010 0.000010 0.000010 0.000010 0.000010 0.000010 0.118270 0.433285 0.293466 0.000010
0.000010 0.000010 0.000010 0.000010 0.207340 0.000010 0.192239 0.000010 0.000010 0.000010 0.000010 0.000010 0.000010 0.372480 0.227770 0.000010 0.000010 0.000010 0.000010 0.000010 0.000010
0.000010 0.000010 0.064075 0.000010 0.000010 0.000010 0.482403 0.000010 0.000010 0.000010 0.000010 0.000010 0.000010 0.176278 0.277074 0.000010 0.000010 0.000010 0.000010 0.000010 0.000010
0.147151 0.107491 0.000010 0.000010 0.000010 0.119425 0.000010 0.000010 0.000010 0.000010 0.000010 0.000010 0.000010 0.000010 0.000010 0.039875 0.144640 0.164371 0.000010 0.204030 0.072887
0.087448 0.000010 0.000010 0.000010 0.000010 0.000010 0.000010 0.000010 0.240279 0.000010 0.309852 0.310770 0.000010 0.000010 0.000010 0.051491 0.000010 0.000010 0.000010 0.000010 0.000010
0.000010 0.000010 0.000010 0.000010 0.000010 0.095859 0.000010 0.000010 0.000010 0.000010 0.100100 0.000010 0.000010 0.000010 0.000010 0.678484 0.000010 0.000010 0.000010 0.125387 0.000010
0.612432 0.320035 0.000010 0.000010 0.000010 0.000010 0.000010 0.000010 0.000010 0.000010 0.000010 0.000010 0.000010 0.000010 0.000010 0.000010 0.033445 0.000010 0.000010 0.000010 0.033918
0.000010 0.000010 0.000010 0.000010 0.000010 0.000010 0.000010 0.000010 0.000010 0.000010 0.000010 0.000010 0.916781 0.000010 0.000010 0.000010 0.000010 0.082134 0.000010 0.000905 0.000010
0.000010 0.000010 0.000010 0.000010 0.000010 0.017627 0.000010 0.000010 0.408588 0.000010 0.240918 0.289326 0.000010 0.000010 0.000010 0.043381 0.000010 0.000010 0.000010 0.000010 0.000010
0.000010 0.000010 0.282496 0.000010 0.421668 0.000010 0.000010 0.000010 0.000010 0.000010 0.000010 0.000010 0.000010 0.295656 0.000010 0.000010 0.000010 0.000010 0.000010 0.000010 0.000010
0.000010 0.000010 0.000010 0.000010 0.000010 0.000010 0.000010 0.000010 0.000010 0.000010 0.000010 0.168250 0.000010 0.051582 0.000010 0.128471 0.070723 0.000010 0.469019 0.000010 0.111805
0.000010 0.116732 0.000010 0.000010 0.000010 0.000010 0.000010 0.000010 0.000010 0.284801 0.000010 0.000010 0.000010 0.000010 0.000010 0.000010 0.501013 0.000010 0.000010 0.097285 0.000010
0.000010 0.000010 0.999800 0.000010 0.000010 0.000010 0.000010 0.000010 0.000010 0.000010 0.000010 0.000010 0.000010 0.000010 0.000010 0.000010 0.000010 0.000010 0.000010 0.000010 0.000010
0.000010 0.000010 0.000010 0.000010 0.000010 0.000010 0.999800 0.000010 0.000010 0.000010 0.000010 0.000010 0.000010 0.000010 0.000010 0.000010 0.000010 0.000010 0.000010 0.000010 0.000010
0.000010 0.000010 0.000010 0.000010 0.000010 0.000010 0.000010 0.000010 0.000010 0.000010 0.000010 0.999800 0.000010 0.000010 0.000010 0.000010 0.000010 0.000010 0.000010 0.000010 0.000010
0.000010 0.000010 0.000010 0.000010 0.000010 0.999800 0.000010 0.000010 0.000010 0.000010 0.000010 0.000010 0.000010 0.000010 0.000010 0.000010 0.000010 0.000010 0.000010 0.000010 0.000010
0.000010 0.000010 0.000010 0.000010 0.000010 0.197173 0.000010 0.000010 0.000010 0.000010 0.000010 0.000010 0.000010 0.000010 0.000010 0.076386 0.000010 0.127076 0.394464 0.000010 0.204741
0.000010 0.000010 0.000010 0.000010 0.000010 0.000010 0.910889 0.000010 0.000010 0.000010 0.000010 0.000010 0.000010 0.000010 0.000010 0.000010 0.000010 0.000010 0.000010 0.000010 0.088921
0.000010 0.000014 0.000010 0.000010 0.000010 0.076563 0.000010 0.061798 0.348920 0.123582 0.000010 0.000010 0.000010 0.000010 0.000010 0.121388 0.000010 0.000571 0.267034 0.000010 0.000010
0.318896 0.000010 0.000010 0.000010 0.000010 0.221750 0.000010 0.000010 0.000010 0.195854 0.000010 0.024072 0.000010 0.000010 0.000010 0.239268 0.000010 0.000010 0.000010 0.000010 0.000010
0.000010 0.000010 0.000010 0.123692 0.000010 0.000010 0.828642 0.000010 0.000010 0.000010 0.000010 0.000010 0.047486 0.000010 0.000010 0.000010 0.000010 0.000010 0.000010 0.000010 0.000010
0.079780 0.202713 0.000010 0.000010 0.000010 0.142903 0.000010 0.000010 0.013454 0.000010 0.000010 0.211768 0.000010 0.000010 0.000010 0.000010 0.117798 0.000010 0.231443 0.000010 0.000010
0.000010 0.000010 0.000010 0.000010 0.000010 0.000010 0.000010 0.000010 0.000010 0.576087 0.000010 0.000010 0.000010 0.000010 0.000010 0.000010 0.000010 0.000010 0.000010 0.423723 0.000010
0.092884 0.000010 0.000010 0.107010 0.000010 0.000010 0.000010 0.000010 0.000010 0.000010 0.180027 0.000010 0.000010 0.000010 0.000010 0.055146 0.000010 0.222398 0.342385 0.000010 0.000010
0.000010 0.000010 0.000010 0.000010 0.000010 0.000010 0.000010 0.000010 0.054886 0.000010 0.126887 0.132231 0.000010 0.000010 0.000010 0.113875 0.072452 0.242919 0.096921 0.159699 0.000010
0.000010 0.105465 0.000010 0.000010 0.000010 0.462848 0.000010 0.013746 0.268229 0.000010 0.000010 0.000010 0.000010 0.000010 0.000010 0.116256 0.033306 0.000010 0.000010 0.000010 0.000010
0.236836 0.155158 0.000010 0.000010 0.000010 0.195839 0.000010 0.000010 0.190350 0.106359 0.000010 0.000010 0.000010 0.000010 0.000010 0.000010 0.000010 0.000010 0.115308 0.000010 0.000010
0.000010 0.000010 0.000010 0.000010 0.000010 0.000010 0.000010 0.000010 0.000010 0.000010 0.508061 0.000010 0.000010 0.000010 0.000010 0.017768 0.000010 0.316520 0.000010 0.157482 0.000010
0.000010 0.000010 0.000010 0.000010 0.000010 0.000010 0.000010 0.000010 0.076460 0.000010 0.000010 0.314397 0.000010 0.000010 0.000010 0.061953 0.032627 0.514403 0.000010 0.000010 0.000010
0.000010 0.000010 0.000010 0.000010 0.000010 0.000010 0.000010 0.514438 0.000010 0.000010 0.000010 0.000010 0.000010 0.000010 0.000010 0.000010 0.000010 0.000010 0.000010 0.000010 0.485372
0.000010 0.000010 0.000010 0.000010 0.000010 0.000010 0.504859 0.000010 0.000010 0.000010 0.000010 0.000010 0.000010 0.345548 0.149413 0.000010 0.000010 0.000010 0.000010 0.000010 0.000010
0.152825 0.000010 0.000010 0.000010 0.000010 0.047065 0.000010 0.353743 0.000010 0.091752 0.024230 0.000010 0.000010 0.000010 0.000010 0.000010 0.000010 0.000010 0.279676 0.000010 0.050569
0.000010 0.106768 0.000010 0.000010 0.000010 0.198102 0.008828 0.000010 0.000010 0.020134 0.000010 0.303876 0.000010 0.000010 0.000010 0.000010 0.079803 0.264194 0.000010 0.000010 0.018165
0.000010 0.000010 0.000010 0.000010 0.000010 0.000010 0.000010 0.000010 0.000010 0.000010 0.999800 0.000010 0.000010 0.000010 0.000010 0.000010 0.000010 0.000010 0.000010 0.000010 0.000010
0.000010 0.000010 0.000010 0.000010 0.000010 0.572619 0.000010 0.000010 0.000010 0.000010 0.000010 0.000010 0.000010 0.000010 0.000010 0.000010 0.000010 0.000010 0.427191 0.000010 0.000010
0.000010 0.000010 0.000010 0.241676 0.000010 0.000010 0.000010 0.169825 0.000010 0.060385 0.000010 0.163982 0.000010 0.000010 0.000010 0.018666 0.345317 0.000010 0.000010 0.000010 0.000010
0.218249 0.000010 0.000010 0.000010 0.000010 0.194588 0.000010 0.188300 0.000010 0.014816 0.234658 0.000010 0.000010 0.000010 0.000010 0.021313 0.000010 0.000010 0.127935 0.000010 0.000010
0.000010 0.000010 0.000010 0.000010 0.000010 0.000010 0.000010 0.000010 0.000010 0.000010 0.000010 0.000010 0.000010 0.000010 0.000010 0.000010 0.000010 0.000010 0.000010 0.000010 0.999800
0.000010 0.180350 0.000010 0.000010 0.000010 0.225501 0.000010 0.000010 0.127301 0.000010 0.000010 0.000010 0.000010 0.000010 0.000010 0.298697 0.000010 0.000010 0.000010 0.167991 0.000010
0.000010 0.000010 0.000010 0.107153 0.000010 0.000010 0.000010 0.000010 0.000010 0.000010 0.337867 0.000010 0.000010 0.000010 0.000010 0.023435 0.000010 0.000010 0.000010 0.145753 0.385632
0.200738 0.000010 0.000010 0.426398 0.000010 0.093052 0.000010 0.000010 0.000010 0.000010 0.000010 0.000010 0.000010 0.000010 0.000010 0.279642 0.000010 0.000010 0.000010 0.000010 0.000010
0.000010 0.000010 0.000010 0.000010 0.704595 0.000010 0.141220 0.000010 0.000010 0.000010 0.000010 0.000010 0.154005 0.000010 0.000010 0.000010 0.000010 0.000010 0.000010 0.000010 0.000010
0.000010 0.000010 0.380686 0.000010 0.000010 0.000010 0.101812 0.000010 0.000010 0.000010 0.000010 0.000010 0.330067 0.000010 0.187265 0.000010 0.000010 0.000010 0.000010 0.000010 0.000010
0.000010 0.000010 0.000010 0.000010 0.000010 0.000010 0.000010 0.000010 0.000010 0.000010 0.000010 0.000010 0.000010 0.000010 0.999800 0.000010 0.000010 0.000010 0.000010 0.000010 0.000010
0.000010 0.000010 0.085554 0.000010 0.000010 0.000010 0.000010 0.000010 0.000010 0.000010 0.000010 0.000010 0.000010 0.000010 0.000010 0.000010 0.000010 0.000010 0.000010 0.000010 0.914256
0.000010 0.212475 0.000010 0.000010 0.000010 0.297281 0.013430 0.000010 0.000010 0.000010 0.000010 0.000010 0.000010 0.000010 0.000010 0.189786 0.178001 0.108876 0.000010 0.000010 0.000010
0.000010 0.000010 0.000010 0.000010 0.000010 0.000010 0.000010 0.000010 0.000010 0.000010 0.000010 0.000010 0.000010 0.999800 0.000010 0.000010 0.000010 0.000010 0.000010 0.000010 0.000010
0.000010 0.000010 0.295225 0.000010 0.000010 0.000010 0.000010 0.000010 0.000010 0.000010 0.000010 0.000010 0.000010 0.000010 0.704585 0.000010 0.000010 0.000010 0.000010 0.000010 0.000010
0.405027 0.000010 0.000010 0.000010 0.000010 0.000010 0.000010 0.000010 0.162378 0.000010 0.000010 0.304490 0.000010 0.000010 0.000010 0.000010 0.000010 0.000010 0.000010 0.127935 0.000010
0.000010 0.000010 0.246598 0.000010 0.000010 0.000010 0.000010 0.000010 0.000010 0.000010 0.000010 0.000010 0.082957 0.410522 0.259752 0.000010 0.000010 0.000010 0.000010 0.000010 0.000010
0.000010 0.000010 0.126542 0.000010 0.220377 0.000010 0.242183 0.000010 0.000010 0.000010 0.000010 0.032835 0.000010 0.201696 0.176218 0.000010 0.000010 0.000010 0.000010 0.000010 0.000010
0.000010 0.319775 0.000010 0.162751 0.000010 0.000010 0.000010 0.000010 0.000010 0.000010 0.305654 0.000010 0.000010 0.000010 0.000010 0.150312 0.061348 0.000010 0.000010 0.000010 0.000010
0.000010 0.000010 0.000010 0.000010 0.163960 0.000010 0.000010 0.000010 0.000010 0.000010 0.000010 0.000010 0.608792 0.227068 0.000010 0.000010 0.000010 0.000010 0.000010 0.000010 0.000010
0.000010 0.000010 0.000010 0.000010 0.000010 0.000010 0.000010 0.000010 0.000010 0.000010 0.000010 0.000010 0.000010 0.000010 0.000010 0.000010 0.109793 0.890017 0.000010 0.000010 0.000010
0.000010 0.000010 0.000010 0.000010 0.000010 0.000010 0.000010 0.000010 0.000010 0.249706 0.000010 0.000010 0.000010 0.000010 0.000010 0.604648 0.000010 0.000010 0.000010 0.000010 0.145466
0.000010 0.000010 0.000010 0.000010 0.000010 0.000010 0.000010 0.000010 0.000010 0.000010 0.000010 0.000010 0.999800 0.000010 0.000010 0.000010 0.000010 0.000010 0.000010 0.000010 0.000010
0.000010 0.000010 0.000010 0.000010 0.000010 0.000010 0.000010 0.172533 0.000010 0.000010 0.000010 0.357233 0.252444 0.000010 0.000010 0.006352 0.186335 0.000010 0.024952 0.000010 0.000010
0.000010 0.000010 0.000010 0.000010 0.000010 0.764907 0.000010 0.000010 0.218416 0.000010 0.000010 0.000010 0.000010 0.000010 0.000010 0.000010 0.000010 0.000010 0.016498 0.000010 0.000010
0.000010 0.000010 0.999800 0.000010 0.000010 0.000010 0.000010 0.000010 0.000010 0.000010 0.000010 0.000010 0.000010 0.000010 0.000010 0.000010 0.000010 0.000010 0.000010 0.000010 0.000010
0.000010 0.097487 0.000010 0.298233 0.000010 0.000010 0.000010 0.000010 0.190669 0.000010 0.000010 0.119455 0.000010 0.000010 0.000010 0.000010 0.000010 0.000010 0.000010 0.000010 0.293997
0.000010 0.029155 0.000010 0.000010 0.018097 0.000010 0.000010 0.122454 0.000010 0.000010 0.164529 0.078630 0.000010 0.000010 0.000010 0.000010 0.000010 0.017528 0.129253 0.440224 0.000010
0.000010 0.000010 0.000010 0.000010 0.000010 0.000010 0.000010 0.000010 0.000010 0.000010 0.000010 0.000010 0.303078 0.696732 0.000010 0.000010 0.000010 0.000010 0.000010 0.000010 0.000010
0.000010 0.000010 0.018243 0.093581 0.000010 0.101745 0.000010 0.378237 0.000010 0.000010 0.000010 0.000010 0.000010 0.000010 0.000010 0.157413 0.043835 0.000010 0.000010 0.035661 0.171155
0.000010 0.000010 0.000010 0.000010 0.000010 0.310532 0.000010 0.000010 0.000010 0.000010 0.000010 0.000010 0.000010 0.000010 0.000010 0.000010 0.000010 0.000010 0.000010 0.000010 0.689278
0.000010 0.000010 0.000010 0.000010 0.000010 0.000010 0.000010 0.000010 0.000010 0.309040 0.000010 0.000010 0.000010 0.000010 0.000010 0.000010 0.000010 0.000010 0.429392 0.234898 0.026500
0.519592 0.000010 0.000010 0.063271 0.000010 0.191197 0.000010 0.000010 0.000010 0.000010 0.000010 0.000010 0.000010 0.000010 0.000010 0.225769 0.000010 0.000010 0.000010 0.000010 0.000010
0.000010 0.000010 0.000010 0.000010 0.000010 0.158364 0.000010 0.000010 0.000010 0.000010 0.426350 0.000010 0.000010 0.000010 0.000010 0.000010 0.000010 0.000010 0.000010 0.415106 0.000010
0.000010 0.000010 0.000010 0.160156 0.000010 0.000010 0.000010 0.176067 0.000010 0.173831 0.000010 0.000010 0.000010 0.000010 0.000010 0.000010 0.000010 0.000010 0.135749 0.354037 0.000010
0.000010 0.000010 0.000010 0.000010 0.000010 0.000010 0.000010 0.000010 0.000010 0.000010 0.034677 0.163977 0.000010 0.000010 0.000010 0.340927 0.000010 0.000010 0.219455 0.000010 0.240804
0.000010 0.000010 0.000010 0.000010 0.000010 0.000010 0.000010 0.000010 0.000010 0.999800 0.000010 0.000010 0.000010 0.000010 0.000010 0.000010 0.000010 0.000010 0.000010 0.000010 0.000010
0.000010 0.619635 0.000010 0.101657 0.000010 0.000010 0.000010 0.000010 0.170335 0.000010 0.000010 0.000010 0.000010 0.000010 0.000010 0.000010 0.000010 0.076938 0.000010 0.000010 0.031276
0.000010 0.000010 0.000010 0.000010 0.000010 0.126745 0.000010 0.151165 0.000010 0.311125 0.159015 0.251791 0.000010 0.000010 0.000010 0.000010 0.000010 0.000010 0.000010 0.000010 0.000010
0.000010 0.000010 0.023335 0.000010 0.737671 0.000010 0.000010 0.000010 0.000010 0.000010 0.000010 0.000010 0.000010 0.000010 0.238814 0.000010 0.000010 0.000010 0.000010 0.000010 0.000010
0.073263 0.000010 0.000010 0.000010 0.000010 0.000010 0.000010 0.059778 0.212757 0.000010 0.000010 0.298342 0.000010 0.000010 0.000010 0.000010 0.000010 0.355701 0.000010 0.000010 0.000010
0.103845 0.000010 0.000010 0.038845 0.000010 0.039403 0.000010 0.000010 0.000012 0.047152 0.390189 0.000010 0.000010 0.000010 0.000010 0.000010 0.020376 0.000010 0.000010 0.260089 0.099968
0.000010 0.000010 0.000010 0.000010 0.000010 0.000010 0.000010 0.000010 0.000010 0.570923 0.000010 0.186035 0.000010 0.000010 0.000010 0.000010 0.176250 0.000010 0.000010 0.066622 0.000010
0.000010 0.000010 0.000010 0.000010 0.973553 0.000010 0.000010 0.000010 0.000010 0.000010 0.026257 0.000010 0.000010 0.000010 0.000010 0.000010 0.000010 0.000010 0.000010 0.000010 0.000010
0.000010 0.000010 0.000010 0.000010 0.000010 0.000010 0.000010 0.000010 0.000010 0.000010 0.000010 0.000010 0.000010 0.000010 0.999800 0.000010 0.000010 0.000010 0.000010 0.000010 0.000010
0.000010 0.000010 0.000010 0.636336 0.000010 0.000010 0.000010 0.000010 0.000010 0.000010 0.089709 0.000010 0.000010 0.000010 0.000010 0.000010 0.000010 0.273775 0.000010 0.000010 0.000010
0.000010 0.233050 0.000010 0.004091 0.000010 0.250413 0.000010 0.000010 0.000010 0.000010 0.000010 0.000010 0.000010 0.000010 0.000010 0.000010 0.130052 0.000010 0.069726 0.312516 0.000010
0.000010 0.000010 0.000010 0.000010 0.883634 0.000010 0.000010 0.000010 0.000010 0.000010 0.000010 0.116176 0.000010 0.000010 0.000010 0.000010 0.000010 0.000010 0.000010 0.000010 0.000010
0.291399 0.008116 0.000010 0.000010 0.000010 0.000010 0.000010 0.000010 0.183474 0.000010 0.065043 0.000010 0.000010 0.000010 0.000010 0.000010 0.137819 0.000010 0.000010 0.113015 0.200993
0.000010 0.000010 0.000010 0.000010 0.000010 0.000010 0.999800 0.000010 0.000010 0.000010 0.000010 0.000010 0.000010 0.000010 0.000010 0.000010 0.000010 0.000010 0.000010 0.000010 0.000010
0.000010 0.000010 0.239317 0.000010 0.000010 0.000010 0.111392 0.000010 0.000010 0.000010 0.000010 0.000010 0.000010 0.649112 0.000010 0.000010 0.000010 0.000010 0.000010 0.000010 0.000010
0.272115 0.000010 0.000010 0.000010 0.000010 0.436093 0.000010 0.000010 0.000010 0.000010 0.000010 0.000010 0.000010 0.000010 0.000010 0.027506 0.000010 0.264116 0.000010 0.000010 0.000010
0.196204 0.000010 0.000010 0.000010 0.000010 0.000010 0.000010 0.000010 0.000010 0.279850 0.000010 0.000010 0.000010 0.000010 0.000010 0.000010 0.000010 0.000010 0.523766 0.000010 0.000010
0.000010 0.000010 0.000010 0.000010 0.000010 0.576475 0.000010 0.000010 0.000010 0.000010 0.000010 0.156321 0.000010 0.000010 0.000010 0.000010 0.000010 0.000010 0.000010 0.098620 0.168413
0.000010 0.000010 0.000010 0.000010 0.000010 0.000010 0.000010 0.000010 0.000010 0.000010 0.000010 0.000010 0.000010 0.466728 0.000010 0.000010 0.000010 0.000010 0.000010 0.000010 0.533082
0.000010 0.000010 0.000010 0.000010 0.000010 0.000010 0.000010 0.000010 0.000010 0.000010 0.000010 0.000010 0.000010 0.000010 0.000010 0.000010 0.000010 0.000010 0.999800 0.000010 0.000010
0.000010 0.000010 0.000010 0.000010 0.000010 0.000010 0.000010 0.000010 0.000010 0.000010 0.000010 0.000010 0.000010 0.000010 0.000010 0.000010 0.000010 0.000010 0.000010 0.999800 0.000010
0.000010 0.000010 0.000010 0.000010 0.000010 0.000010 0.000010 0.000010 0.000010 0.219272 0.000010 0.147032 0.000010 0.000010 0.000010 0.244008 0.000010 0.041270 0.287441 0.000010 0.060828
0.000010 0.000010 0.000010 0.141486 0.000010 0.108937 0.000010 0.000010 0.000010 0.000010 0.000010 0.117640 0.000010 0.000010 0.000010 0.037461 0.000010 0.000010 0.000010 0.594316 0.000010
0.000010 0.000010 0.000010 0.000010 0.000010 0.435082 0.000010 0.000010 0.000010 0.000010 0.000010 0.000010 0.000010 0.000010 0.000010 0.097794 0.000010 0.000010 0.000010 0.000010 0.466944
0.302684 0.181956 0.000010 0.000010 0.000010 0.000010 0.000010 0.000010 0.000010 0.395502 0.000010 0.000010 0.000010 0.000010 0.000010 0.000010 0.000010 0.000010 0.000010 0.119688 0.000010
0.000010 0.094335 0.000010 0.000010 0.000010 0.000010 0.000010 0.000010 0.000010 0.000010 0.000010 0.000010 0.000010 0.000010 0.000010 0.000010 0.792678 0.000010 0.000010 0.000010 0.112808
0.000010 0.000010 0.000010 0.000010 0.000010 0.000010 0.000010 0.000010 0.000010 0.000010 0.000010 0.000010 0.000010 0.000010 0.999800 0.000010 0.000010 0.000010 0.000010 0.000010 0.000010
0.000010 0.391963 0.000010 0.000010 0.000010 0.000010 0.000010 0.000010 0.000010 0.000010 0.000010 0.000010 0.000010 0.000010 0.000010 0.180246 0.000010 0.000010 0.427611 0.000010 0.000010
0.000010 0.000010 0.000010 0.000010 0.000010 0.008487 0.000010 0.000010 0.000010 0.000010 0.000010 0.115236 0.000010 0.000010 0.000010 0.000010 0.279631 0.331024 0.225944 0.000010 0.039527
0.000010 0.000010 0.000010 0.000010 0.000010 0.000010 0.000010 0.000010 0.000010 0.000010 0.000010 0.793251 0.000010 0.000010 0.000010 0.000010 0.000010 0.149606 0.056963 0.000010 0.000010
0.000010 0.038136 0.000010 0.000010 0.000010 0.000010 0.000010 0.000010 0.000010 0.000010 0.000010 0.000010 0.000010 0.000010 0.000010 0.638907 0.000010 0.000010 0.322778 0.000010 0.000010
0.000010 0.000010 0.000010 0.297008 0.000010 0.000010 0.000010 0.073118 0.087505 0.000010 0.000010 0.000010 0.000010 0.000010 0.000010 0.000010 0.000010 0.235674 0.306535 0.000010 0.000010
0.000010 0.000010 0.000010 0.212558 0.000010 0.263428 0.000010 0.121455 0.000010 0.000010 0.028945 0.000010 0.000010 0.000010 0.000010 0.000010 0.000010 0.000010 0.373454 0.000010 0.000010
0.000010 0.000010 0.000010 0.000010 0.000010 0.000010 0.000010 0.000010 0.000010 0.000010 0.000010 0.000010 0.999800 0.000010 0.000010 0.000010 0.000010 0.000010 0.000010 0.000010 0.000010
0.000010 0.000010 0.000010 0.000010 0.000010 0.000010 0.000010 0.000010 0.000010 0.000010 0.000010 0.000010 0.000010 0.238335 0.761475 0.000010 0.000010 0.000010 0.000010 0.000010 0.000010
0.000010 0.000010 0.000010 0.000010 0.000010 0.000010 0.000010 0.000010 0.000010 0.000010 0.000010 0.000010 0.000010 0.753554 0.246256 0.000010 0.000010 0.000010 0.000010 0.000010 0.000010
0.000010 0.000010 0.000010 0.000010 0.000010 0.000010 0.923245 0.000010 0.000010 0.000010 0.076565 0.000010 0.000010 0.000010 0.000010 0.000010 0.000010 0.000010 0.000010 0.000010 0.000010
0.000010 0.000010 0.000010 0.000010 0.246713 0.000010 0.000010 0.000010 0.000010 0.000010 0.016839 0.000010 0.736268 0.000010 0.000010 0.000010 0.000010 0.000010 0.000010 0.000010 0.000010
0.000010 0.000010 0.000010 0.000010 0.000010 0.000010 0.000010 0.114565 0.167113 0.508573 0.000010 0.120180 0.000010 0.000010 0.000010 0.037486 0.000010 0.000010 0.051933 0.000010 0.000010
0.000010 0.000010 0.000010 0.000010 0.403556 0.000010 0.000010 0.000010 0.000010 0.000010 0.000010 0.000010 0.000010 0.000010 0.596254 0.000010 0.000010 0.000010 0.000010 0.000010 0.000010
0.000010 0.000010 0.000010 0.000010 0.000010 0.000010 0.000010 0.000010 0.000010 0.000010 0.000010 0.000010 0.072444 0.708345 0.219031 0.000010 0.000010 0.000010 0.000010 0.000010 0.000010
0.000010 0.000010 0.000010 0.000010 0.000010 0.000010 0.999800 0.000010 0.000010 0.000010 0.000010 0.000010 0.000010 0.000010 0.000010 0.000010 0.000010 0.000010 0.000010 0.000010 0.000010
0.000010 0.000010 0.000010 0.000010 0.000010 0.000010 0.000010 0.000010 0.000010 0.000010 0.000010 0.000010 0.000010 0.999800 0.000010 0.000010 0.000010 0.000010 0.000010 0.000010 0.000010
0.000010 0.000010 0.416843 0.000010 0.000010 0.000010 0.000010 0.000010 0.000010 0.000010 0.000010 0.000010 0.000010 0.150350 0.432628 0.000010 0.000010 0.000010 0.000010 0.000010 0.000010
0.000010 0.000010 0.375286 0.000010 0.000010 0.000010 0.390720 0.000010 0.000010 0.000010 0.000010 0.000010 0.000010 0.000010 0.233813 0.000010 0.000010 0.000010 0.000010 0.000010 0.000010
0.000010 0.000010 0.000010 0.000010 0.000010 0.000010 0.000010 0.000010 0.000010 0.000010 0.000010 0.000010 0.000010 0.000010 0.999800 0.000010 0.000010 0.000010 0.000010 0.000010 0.000010
0.000010 0.000010 0.000010 0.670398 0.000010 0.000010 0.000010 0.000010 0.000010 0.000010 0.329412 0.000010 0.000010 0.000010 0.000010 0.000010 0.000010 0.000010 0.000010 0.000010 0.000010
0.000010 0.000010 0.000010 0.000010 0.000010 0.000010 0.000010 0.000010 0.000010 0.213424 0.000010 0.000010 0.000010 0.000010 0.000010 0.000010 0.000010 0.000010 0.000010 0.000010 0.786386
0.000010 0.000010 0.000010 0.000010 0.000010 0.000010 0.000010 0.000010 0.000010 0.000010 0.000010 0.000010 0.000010 0.000010 0.000010 0.000010 0.000010 0.000010 0.999800 0.000010 0.000010
0.136035 0.000010 0.000010 0.000010 0.000010 0.716004 0.000010 0.000010 0.000010 0.000010 0.000010 0.000010 0.000010 0.000010 0.000010 0.000010 0.147781 0.000010 0.000010 0.000010 0.000010
0.000010 0.000010 0.000010 0.000010 0.000010 0.000010 0.000010 0.000010 0.000010 0.999800 0.000010 0.000010 0.000010 0.000010 0.000010 0.000010 0.000010 0.000010 0.000010 0.000010 0.000010
0.000010 0.000010 0.000010 0.355409 0.000010 0.000010 0.000010 0.000010 0.176978 0.072696 0.000010 0.024908 0.000010 0.000010 0.000010 0.000010 0.000010 0.000010 0.097774 0.000010 0.272085
0.144156 0.145030 0.000010 0.033400 0.000010 0.000010 0.000010 0.043303 0.000010 0.000010 0.075427 0.000010 0.000010 0.000010 0.000010 0.000010 0.000010 0.200381 0.155769 0.000010 0.202404
0.000010 0.000010 0.000010 0.000010 0.000010 0.000010 0.000010 0.000010 0.000010 0.085770 0.000010 0.196546 0.000010 0.000010 0.000010 0.266280 0.000010 0.000010 0.451234 0.000010 0.000010
0.000010 0.000010 0.000010 0.000010 0.000010 0.000010 0.000010 0.000010 0.000010 0.033755 0.000010 0.000010 0.000010 0.000010 0.000010 0.398545 0.000010 0.116452 0.087514 0.000010 0.363574
0.162672 0.000010 0.000010 0.000010 0.000010 0.025901 0.000010 0.000010 0.052407 0.205242 0.332510 0.181836 0.000010 0.000010 0.000010 0.000010 0.000010 0.039292 0.000010 0.000010 0.000010
0.000010 0.000010 0.000010 0.000010 0.000010 0.999800 0.000010 0.000010 0.000010 0.000010 0.000010 0.000010 0.000010 0.000010 0.000010 0.000010 0.000010 0.000010 0.000010 0.000010 0.000010
0.000010 0.000010 0.000010 0.000010 0.195168 0.000010 0.000010 0.000010 0.000010 0.000010 0.000010 0.000010 0.414472 0.172443 0.217746 0.000010 0.000010 0.000010 0.000010 0.000010 0.000010
0.000010 0.000010 0.000010 0.000010 0.000010 0.219112 0.000010 0.308393 0.000010 0.000010 0.000010 0.398301 0.000010 0.000010 0.000010 0.000010 0.000010 0.074025 0.000010 0.000010 0.000010
0.000010 0.000010 0.000010 0.000010 0.000010 0.000010 0.000010 0.000010 0.000010 0.000010 0.000010 0.270439 0.000010 0.019024 0.000010 0.000010 0.000010 0.000010 0.131387 0.578980 0.000010
0.000010 0.000010 0.000010 0.000010 0.000010 0.000010 0.000010 0.000010 0.000010 0.000010 0.000010 0.000010 0.000010 0.000010 0.000010 0.000010 0.000010 0.534387 0.000010 0.000010 0.465423
0.000010 0.000010 0.000010 0.000010 0.000010 0.000010 0.393238 0.000010 0.000010 0.000010 0.000010 0.000010 0.488890 0.117692 0.000010 0.000011 0.000010 0.000010 0.000010 0.000010 0.000010
0.000010 0.000010 0.000010 0.000010 0.000010 0.000010 0.000010 0.000010 0.000010 0.000010 0.000010 0.000010 0.000010 0.263034 0.736776 0.000010 0.000010 0.000010 0.000010 0.000010 0.000010
0.000010 0.000010 0.309168 0.000010 0.000010 0.000010 0.690642 0.000010 0.000010 0.000010 0.000010 0.000010 0.000010 0.000010 0.000010 0.000010 0.000010 0.000010 0.000010 0.000010 0.000010
0.106025 0.000010 0.000010 0.000010 0.000010 0.059634 0.000010 0.000010 0.000010 0.000010 0.076250 0.000010 0.000010 0.000010 0.000010 0.372689 0.000010 0.189021 0.000010 0.000010 0.196231
0.000010 0.000010 0.000010 0.000010 0.000010 0.637420 0.000010 0.000010 0.213972 0.000010 0.000010 0.000010 0.000010 0.000010 0.000010 0.000010 0.000010 0.148428 0.000010 0.000010 0.000010
0.000010 0.413228 0.000010 0.000010 0.000010 0.000010 0.000010 0.000010 0.000010 0.000010 0.202029 0.086780 0.000010 0.000010 0.000010 0.052011 0.000010 0.000010 0.000010 0.177477 0.068326
0.000010 0.483424 0.000010 0.000010 0.000010 0.000010 0.000010 0.000010 0.000010 0.000010 0.000010 0.000010 0.000010 0.000010 0.000010 0.000010 0.200190 0.000010 0.000010 0.000010 0.316206
0.000010 0.000010 0.000010 0.000010 0.000010 0.000010 0.999800 0.000010 0.000010 0.000010 0.000010 0.000010 0.000010 0.000010 0.000010 0.000010 0.000010 0.000010 0.000010 0.000010 0.000010
0.457396 0.000010 0.000010 0.115855 0.000010 0.000010 0.000010 0.000010 0.000010 0.000010 0.000010 0.285453 0.000010 0.000010 0.000010 0.000010 0.000010 0.000010 0.141126 0.000010 0.000010
0.000010 0.000010 0.000010 0.000010 0.000010 0.000010 0.000010 0.000010 0.000010 0.000010 0.000010 0.244006 0.000010 0.000010 0.000010 0.000010 0.000010 0.000010 0.000010 0.000010 0.755804
0.000010 0.000010 0.000010 0.000010 0.000010 0.581027 0.000010 0.000010 0.000010 0.000010 0.211653 0.000010 0.000010 0.000010 0.000010 0.000010 0.000010 0.000010 0.000010 0.000010 0.207139
0.000010 0.000010 0.000010 0.000010 0.000010 0.000010 0.000010 0.000010 0.000010 0.000010 0.295203 0.341722 0.000010 0.000010 0.000010 0.048019 0.000010 0.152654 0.000010 0.162243 0.000010
0.000010 0.000010 0.000010 0.000010 0.355403 0.000010 0.000010 0.000010 0.000010 0.000010 0.000010 0.000010 0.000010 0.644407 0.000010 0.000010 0.000010 0.000010 0.000010 0.000010 0.000010
0.000010 0.000010 0.999800 0.000010 0.000010 0.000010 0.000010 0.000010 0.000010 0.000010 0.000010 0.000010 0.000010 0.000010 0.000010 0.000010 0.000010 0.000010 0.000010 0.000010 0.000010
0.503288 0.000010 0.000010 0.000010 0.000010 0.000010 0.000010 0.000010 0.000010 0.000010 0.198318 0.000010 0.000010 0.000010 0.000010 0.167212 0.000010 0.000010 0.000010 0.000010 0.131012
0.000010 0.119796 0.000010 0.308893 0.000010 0.000010 0.000010 0.000010 0.000010 0.000010 0.246946 0.000010 0.000010 0.000010 0.000010 0.000010 0.000010 0.324195 0.000010 0.000010 0.000010
0.000010 0.000010 0.000010 0.000010 0.000010 0.000010 0.271003 0.000010 0.000010 0.000010 0.000010 0.000010 0.000010 0.728807 0.000010 0.000010 0.000010 0.000010 0.000010 0.000010 0.000010
0.276972 0.027732 0.000010 0.000010 0.000010 0.000010 0.000010 0.174083 0.057213 0.162952 0.000010 0.278748 0.022159 0.000010 0.000010 0.000010 0.000010 0.000010 0.000010 0.000010 0.000010
0.000010 0.000010 0.000010 0.232871 0.000014 0.140904 0.000010 0.000010 0.339746 0.000010 0.000010 0.267160 0.019155 0.000010 0.000010 0.000010 0.000010 0.000010 0.000010 0.000010 0.000010
0.475192 0.000010 0.000010 0.000010 0.000010 0.178411 0.000010 0.000010 0.000010 0.000010 0.000010 0.000010 0.000010 0.000010 0.000010 0.000010 0.000010 0.000010 0.346216 0.000010 0.000010
0.000010 0.000010 0.000010 0.000010 0.000010 0.000010 0.999800 0.000010 0.000010 0.000010 0.000010 0.000010 0.000010 0.000010 0.000010 0.000010 0.000010 0.000010 0.000010 0.000010 0.000010
0.000010 0.091679 0.000010 0.000010 0.000010 0.000010 0.000010 0.000010 0.000010 0.458568 0.151569 0.000010 0.000010 0.000010 0.000010 0.000010 0.264826 0.000010 0.033198 0.000010 0.000010
0.000010 0.006581 0.000010 0.000010 0.000010 0.000010 0.000010 0.000010 0.000010 0.000010 0.000010 0.000010 0.000010 0.000010 0.000010 0.110769 0.176529 0.244286 0.364761 0.096924 0.000010
0.554911 0.216989 0.000010 0.000010 0.000010 0.000010 0.000010 0.000010 0.000010 0.000010 0.032231 0.000010 0.000010 0.000010 0.000010 0.000010 0.000010 0.009094 0.000010 0.096263 0.090362
0.000010 0.000010 0.000010 0.144122 0.000010 0.000010 0.000010 0.000010 0.064352 0.000010 0.681858 0.000010 0.000010 0.022011 0.000010 0.000010 0.000010 0.000010 0.000010 0.047414 0.040093
0.000010 0.000010 0.000010 0.000010 0.566977 0.000010 0.432833 0.000010 0.000010 0.000010 0.000010 0.000010 0.000010 0.000010 0.000010 0.000010 0.000010 0.000010 0.000010 0.000010 0.000010
0.000010 0.000010 0.000010 0.000010 0.000010 0.000010 0.000010 0.000010 0.000010 0.000010 0.000010 0.000010 0.000010 0.000010 0.999800 0.000010 0.000010 0.000010 0.000010 0.000010 0.000010
0.000010 0.000010 0.250706 0.027000 0.000010 0.000010 0.218687 0.000010 0.000010 0.000010 0.000010 0.000010 0.102581 0.000010 0.400865 0.000010 0.000010 0.000010 0.000010 0.000010 0.000010
0.000010 0.000010 0.000010 0.000010 0.000010 0.000010 0.000010 0.000010 0.066854 0.145680 0.080967 0.000010 0.000010 0.000010 0.000010 0.077469 0.194435 0.130244 0.000010 0.000010 0.304211
0.000010 0.000010 0.000010 0.000010 0.000010 0.000010 0.000010 0.278675 0.000010 0.000010 0.294027 0.000010 0.000010 0.000010 0.000010 0.353698 0.073430 0.000010 0.000010 0.000010 0.000010
0.000010 0.000010 0.000010 0.000010 0.000010 0.000010 0.000010 0.000010 0.000010 0.176960 0.322250 0.000010 0.000010 0.000010 0.000010 0.367781 0.000010 0.000010 0.090742 0.042107 0.000010
0.288199 0.000010 0.000010 0.000010 0.000010 0.000010 0.000010 0.000010 0.000010 0.000010 0.000010 0.000010 0.000010 0.000010 0.000010 0.000010 0.000010 0.711611 0.000010 0.000010 0.000010
0.000010 0.000010 0.000010 0.000010 0.000010 0.000010 0.000010 0.105077 0.732879 0.000010 0.000010 0.000010 0.000010 0.000010 0.000010 0.161864 0.000010 0.000010 0.000010 0.000010 0.000010
0.000010 0.000010 0.000010 0.999800 0.000010 0.000010 0.000010 0.000010 0.000010 0.000010 0.000010 0.000010 0.000010 0.000010 0.000010 0.000010 0.000010 0.000010 0.000010 0.000010 0.000010
0.000010 0.000010 0.000010 0.000010 0.000010 0.030724 0.000010 0.000010 0.290945 0.000010 0.000010 0.011833 0.451894 0.000010 0.000010 0.214444 0.000010 0.000010 0.000010 0.000010 0.000010
0.000010 0.000010 0.000010 0.000010 0.000010 0.000010 0.000010 0.000010 0.000010 0.000010 0.000010 0.167692 0.000010 0.000010 0.000010 0.000010 0.588735 0.000010 0.000010 0.243393 0.000010
0.000010 0.000010 0.000010 0.000010 0.000010 0.000010 0.000010 0.085109 0.000010 0.000010 0.000010 0.000013 0.000010 0.000010 0.000010 0.000010 0.766486 0.118814 0.000010 0.000010 0.029418
0.000010 0.000010 0.000010 0.000010 0.000010 0.000010 0.000010 0.000010 0.000010 0.000010 0.000010 0.000010 0.000010 0.000010 0.000010 0.000010 0.000010 0.000010 0.294268 0.000010 0.705542
0.182144 0.000010 0.000010 0.120162 0.000010 0.000010 0.000010 0.000010 0.226868 0.000010 0.000010 0.182457 0.000010 0.000010 0.000010 0.000010 0.000010 0.230120 0.000010 0.058098 0.000010
0.262223 0.000010 0.000010 0.000010 0.000010 0.082406 0.000010 0.000010 0.000010 0.000010 0.000010 0.193285 0.000010 0.000010 0.000010 0.154107 0.000010 0.000010 0.112530 0.195298 0.000010
0.000010 0.000010 0.000010 0.000010 0.000010 0.000010 0.000010 0.000010 0.374766 0.000010 0.000010 0.625044 0.000010 0.000010 0.000010 0.000010 0.000010 0.000010 0.000010 0.000010 0.000010
0.033935 0.000010 0.000010 0.000010 0.000010 0.000010 0.000010 0.079158 0.000010 0.000010 0.231421 0.000010 0.000010 0.000010 0.000010 0.098467 0.000010 0.173704 0.302652 0.080523 0.000010
0.154126 0.000010 0.000010 0.000010 0.000010 0.094709 0.000010 0.000010 0.000010 0.000010 0.000010 0.000010 0.000010 0.000010 0.000010 0.000010 0.515300 0.000010 0.124208 0.111496 0.000010
0.000010 0.000010 0.000010 0.000010 0.000010 0.254958 0.000010 0.000010 0.081260 0.000010 0.213446 0.000010 0.000010 0.000010 0.000010 0.000010 0.103691 0.129316 0.000010 0.043855 0.173334
0.000010 0.029496 0.000010 0.152822 0.000010 0.198108 0.000010 0.041575 0.000010 0.000010 0.000010 0.387809 0.000010 0.000010 0.000010 0.131952 0.000010 0.000010 0.058097 0.000010 0.000010
0.000010 0.000010 0.000010 0.000010 0.000010 0.000010 0.000010 0.000010 0.000010 0.000010 0.000010 0.092680 0.000010 0.072518 0.000010 0.000010 0.832529 0.002104 0.000010 0.000010 0.000010
