0.470484 0.529496 0.000010 0.000010
0.639425 0.352579 0.007986 0.000010
0.000010 0.000010 0.000010 0.999970
0.000010 0.999970 0.000010 0.000010
0.000010 0.199875 0.000010 0.800105
0.847712 0.152268 0.000010 0.000010
0.492521 0.471525 0.035944 0.000010
0.000010 0.000010 0.000010 0.999970
0.880262 0.119718 0.000010 0.000010
0.000010 0.133395 0.743892 0.122703
0.000010 0.000010 0.999970 0.000010
0.000010 0.985388 0.014592 0.000010
0.000010 0.392369 0.000010 0.607611
0.154153 0.000010 0.003301 0.842536
0.183301 0.478511 0.000010 0.338178
0.093306 0.276488 0.000010 0.630197
0.000010 0.000010 0.999970 0.000010
0.000010 0.000010 0.999970 0.000010
0.999970 0.000010 0.000010 0.000010
0.000010 0.000010 0.999970 0.000010
0.000010 0.518223 0.481757 0.000010
0.429572 0.196011 0.000010 0.374407
0.000010 0.000010 0.999970 0.000010
0.000010 0.000010 0.999970 0.000010
0.000010 0.000010 0.999970 0.000010
0.238961 0.460777 0.000010 0.300252
0.624533 0.375447 0.000010 0.000010
0.000010 0.300275 0.015152 0.684563
0.197103 0.000010 0.000010 0.802877
0.011709 0.000010 0.988271 0.000010
0.000010 0.000010 0.999970 0.000010
0.000010 0.000010 0.027070 0.972910
0.000010 0.000010 0.999970 0.000010
0.000010 0.834462 0.165518 0.000010
0.000010 0.000010 0.013180 0.986800
0.250284 0.000010 0.004291 0.745414
0.000010 0.000010 0.999970 0.000010
0.000010 0.000010 0.999970 0.000010
0.164946 0.175011 0.000010 0.660032
0.228261 0.406738 0.000010 0.364991
0.000010 0.000010 0.000010 0.999970
0.137456 0.316855 0.000010 0.545679
0.000010 0.000010 0.903806 0.096174
0.403929 0.593720 0.002341 0.000010
0.000010 0.000010 0.999970 0.000010
0.457486 0.175372 0.048674 0.318468
0.189732 0.466844 0.010674 0.332750
0.008139 0.000010 0.991841 0.000010
0.000010 0.000010 0.999970 0.000010
0.802311 0.197669 0.000010 0.000010
0.368270 0.000010 0.000010 0.631710
0.519646 0.121507 0.000010 0.358837
0.000010 0.000010 0.913879 0.086101
0.489995 0.134930 0.000010 0.375065
0.255289 0.422584 0.000010 0.322118
0.000010 0.115739 0.884241 0.000010
0.000010 0.999970 0.000010 0.000010
0.999970 0.000010 0.000010 0.000010
0.999970 0.000010 0.000010 0.000010
0.448338 0.000010 0.000010 0.551642
0.383579 0.134523 0.000010 0.481888
0.295273 0.222165 0.000010 0.482553
0.000010 0.048892 0.000010 0.951088
0.512195 0.352262 0.009637 0.125906
0.000010 0.477568 0.000010 0.522412
0.000010 0.008703 0.991277 0.000010
0.373974 0.156663 0.000010 0.469353
0.356899 0.000010 0.008024 0.635067
0.947832 0.000010 0.000010 0.052148
0.000010 0.000010 0.000010 0.999970
0.188950 0.359568 0.000010 0.451473
0.180223 0.000010 0.000010 0.819757
0.999970 0.000010 0.000010 0.000010
0.000010 0.102308 0.000010 0.897672
0.222274 0.279454 0.000010 0.498262
0.000010 0.492632 0.000010 0.507348
0.000010 0.000010 0.999970 0.000010
0.000010 0.000010 0.999970 0.000010
0.005426 0.000010 0.994554 0.000010
0.544761 0.273200 0.115478 0.066561
0.292321 0.000010 0.021171 0.686497
0.000010 0.000010 0.999970 0.000010
0.000010 0.000010 0.999970 0.000010
0.000010 0.416055 0.000010 0.583925
0.000010 0.000010 0.999970 0.000010
0.000010 0.000010 0.966031 0.033949
0.000010 0.189540 0.000010 0.810440
0.000010 0.000010 0.999970 0.000010
0.000010 0.965158 0.007607 0.027225
0.330179 0.669801 0.000010 0.000010
0.000010 0.000010 0.999970 0.000010
0.290584 0.291289 0.250646 0.167481
0.346094 0.124588 0.000010 0.529308
0.000010 0.000010 0.999970 0.000010
0.264136 0.735844 0.000010 0.000010
0.593045 0.000010 0.023319 0.383625
0.000010 0.000010 0.999970 0.000010
0.462238 0.515497 0.022255 0.000010
0.000010 0.999970 0.000010 0.000010
0.703519 0.000010 0.000010 0.296461
0.000010 0.188964 0.000010 0.811016
0.999970 0.000010 0.000010 0.000010
0.000010 0.000010 0.000010 0.999970
0.641676 0.358304 0.000010 0.000010
0.999970 0.000010 0.000010 0.000010
0.000010 0.472650 0.000010 0.527330
0.510669 0.489311 0.000010 0.000010
0.000010 0.000010 0.999970 0.000010
0.000010 0.824947 0.000010 0.175033
0.548988 0.163980 0.000010 0.287022
0.615813 0.000010 0.000010 0.384167
0.035434 0.000010 0.964546 0.000010
0.008707 0.000010 0.991273 0.000010
0.414299 0.585681 0.000010 0.000010
0.000010 0.334614 0.000010 0.665366
0.000010 0.000010 0.881639 0.118341
0.257603 0.192777 0.000010 0.549611
0.000010 0.000010 0.999970 0.000010
0.000010 0.000010 0.999970 0.000010
0.000010 0.000010 0.000010 0.999970
0.315432 0.202928 0.000010 0.481630
0.176798 0.000010 0.000010 0.823182
0.000010 0.530411 0.469569 0.000010
0.000010 0.388274 0.000010 0.611706
0.000010 0.000010 0.000545 0.999435
0.481939 0.052687 0.000010 0.465364
0.000010 0.000010 0.000010 0.999970
0.320020 0.000010 0.000010 0.679960
0.000010 0.000010 0.000010 0.999970
0.200734 0.195812 0.020578 0.582876
0.000010 0.000010 0.973045 0.026935
0.250565 0.264638 0.000010 0.484787
0.000010 0.000010 0.000010 0.999970
0.329389 0.337742 0.000010 0.332859
0.064563 0.086787 0.000010 0.848640
0.795883 0.204097 0.000010 0.000010
0.662249 0.337731 0.000010 0.000010
0.000010 0.000010 0.999970 0.000010
0.000010 0.021689 0.978291 0.000010
0.000010 0.000010 0.999970 0.000010
0.118729 0.000010 0.881251 0.000010
0.000010 0.000010 0.956998 0.042982
0.479054 0.270753 0.000010 0.250183
0.000010 0.000010 0.997673 0.002307
0.000010 0.000010 0.999970 0.000010
0.000010 0.000010 0.999970 0.000010
0.000010 0.000010 0.999970 0.000010
0.000010 0.000010 0.999970 0.000010
0.000010 0.000010 0.999970 0.000010
0.000010 0.000010 0.999970 0.000010
0.992839 0.000010 0.007141 0.000010
0.000010 0.999970 0.000010 0.000010
0.999970 0.000010 0.000010 0.000010
0.292709 0.000010 0.006365 0.700915
0.000010 0.999970 0.000010 0.000010
0.524473 0.475507 0.000010 0.000010
0.897767 0.102213 0.000010 0.000010
0.280420 0.286362 0.000963 0.432256
0.348852 0.495546 0.000010 0.155593
0.279059 0.000010 0.000010 0.720921
0.000010 0.000010 0.004070 0.995910
0.000010 0.000010 0.990432 0.009548
0.376911 0.417842 0.002287 0.202961
0.311543 0.000010 0.020410 0.668037
0.539349 0.460631 0.000010 0.000010
0.000010 0.000010 0.996029 0.003951
0.000010 0.000010 0.999970 0.000010
0.000010 0.025539 0.974441 0.000010
0.000010 0.371371 0.000010 0.628609
0.104141 0.246523 0.000010 0.649326
0.424211 0.000010 0.000010 0.575769
0.000010 0.268475 0.008893 0.722622
0.010659 0.000010 0.989321 0.000010
0.000010 0.419283 0.004182 0.576525
0.492108 0.507872 0.000010 0.000010
0.369531 0.000010 0.000010 0.630449
0.000010 0.000010 0.000010 0.999970
0.000010 0.000010 0.999970 0.000010
0.000010 0.000010 0.999970 0.000010
0.108394 0.467580 0.004540 0.419487
0.271190 0.329546 0.004317 0.394947
0.001143 0.000010 0.998837 0.000010
0.363803 0.300417 0.022154 0.313626
0.312387 0.269255 0.021364 0.396993
0.292838 0.000010 0.004076 0.703077
0.000010 0.000010 0.999970 0.000010
0.000010 0.000010 0.005851 0.994129
0.000010 0.000010 0.007848 0.992132
0.247339 0.278939 0.000010 0.473712
0.308917 0.196428 0.020966 0.473688
0.000010 0.000010 0.994794 0.005186
0.000010 0.000010 0.999970 0.000010
0.000010 0.000010 0.969804 0.030176
0.000010 0.995502 0.004478 0.000010
0.297639 0.000010 0.000010 0.702341
0.148249 0.176064 0.000010 0.675677
0.655983 0.330146 0.013861 0.000010
0.000010 0.993845 0.006135 0.000010
0.000010 0.000010 0.000010 0.999970
0.099906 0.463161 0.436924 0.000010
0.000010 0.000010 0.006313 0.993667
0.347253 0.264039 0.000010 0.388698
0.999970 0.000010 0.000010 0.000010
0.000010 0.414268 0.000010 0.585712
0.206082 0.194065 0.000010 0.599843
0.000010 0.999970 0.000010 0.000010
0.346617 0.161001 0.000010 0.492372
0.000010 0.000010 0.000010 0.999970
0.310030 0.262636 0.000010 0.427324
0.362754 0.456746 0.000010 0.180490
0.000010 0.000010 0.081450 0.918530
0.000010 0.999970 0.000010 0.000010
0.000010 0.000010 0.979955 0.020025
0.000010 0.000010 0.999970 0.000010
0.000010 0.000010 0.000010 0.999970
0.999970 0.000010 0.000010 0.000010
0.260160 0.269396 0.000010 0.470433
0.000010 0.000010 0.000010 0.999970
0.000010 0.995475 0.004505 0.000010
0.999970 0.000010 0.000010 0.000010
0.149097 0.345157 0.000010 0.505736
0.000010 0.000010 0.000010 0.999970
0.999970 0.000010 0.000010 0.000010
0.270501 0.584889 0.000010 0.144600
0.230179 0.493469 0.000010 0.276341
0.000010 0.000010 0.999970 0.000010
0.198625 0.376910 0.000010 0.424455
0.042880 0.957100 0.000010 0.000010
0.029661 0.000010 0.970319 0.000010
0.413167 0.345973 0.000010 0.240849
0.572963 0.427017 0.000010 0.000010
0.000010 0.999970 0.000010 0.000010
0.000010 0.000010 0.999970 0.000010
0.999970 0.000010 0.000010 0.000010
0.000010 0.596288 0.005437 0.398264
0.388913 0.000010 0.000010 0.611067
0.665695 0.000010 0.000010 0.334285
0.611652 0.000010 0.004744 0.383593
0.000010 0.000010 0.999970 0.000010
0.000010 0.000010 0.999970 0.000010
0.000010 0.000010 0.999970 0.000010
0.000010 0.000010 0.999970 0.000010
0.100256 0.191034 0.000010 0.708699
0.000010 0.000010 0.999970 0.000010
0.000010 0.000010 0.985362 0.014618
0.000010 0.492011 0.018806 0.489172
0.384657 0.340726 0.000010 0.274607
0.505884 0.000010 0.016094 0.478013
0.418123 0.126444 0.013470 0.441963
0.564575 0.000010 0.000010 0.435405
0.615136 0.265903 0.000010 0.118951
0.999970 0.000010 0.000010 0.000010
0.446602 0.363612 0.000010 0.189776
0.000010 0.492490 0.000010 0.507490
0.000010 0.021676 0.000010 0.978304
0.000010 0.000010 0.012937 0.987043
0.169372 0.359636 0.000010 0.470981
0.139046 0.353445 0.000010 0.507499
0.471521 0.193113 0.000010 0.335357
0.000010 0.407349 0.035489 0.557152
0.454969 0.198552 0.007228 0.339251
0.000010 0.000010 0.003961 0.996019
0.257457 0.139889 0.000010 0.602644
0.155559 0.812015 0.000010 0.032416
0.776742 0.000010 0.223238 0.000010
0.329838 0.000010 0.000010 0.670142
0.263352 0.368216 0.002363 0.366070
0.387530 0.000010 0.000010 0.612450
0.319133 0.168778 0.000010 0.512078
0.328551 0.108955 0.000010 0.562484
0.569224 0.274613 0.004033 0.152130
0.000010 0.000010 0.000010 0.999970
0.368945 0.000010 0.000010 0.631035
0.423093 0.180559 0.000010 0.396339
0.000010 0.000010 0.004692 0.995288
0.458140 0.541840 0.000010 0.000010
0.234669 0.194754 0.000010 0.570568
0.333067 0.489847 0.000010 0.177076
0.322133 0.355286 0.000010 0.322571
0.393006 0.360280 0.000010 0.246703
0.745371 0.000010 0.000010 0.254609
0.430213 0.000010 0.000010 0.569767
0.000010 0.000010 0.999970 0.000010
0.000010 0.999970 0.000010 0.000010
0.362652 0.019615 0.000010 0.617723
0.253546 0.348654 0.000010 0.397789
0.160160 0.422454 0.000010 0.417376
0.000010 0.637320 0.000010 0.362660
0.142805 0.455635 0.028217 0.373343
0.566079 0.433901 0.000010 0.000010
0.183191 0.271909 0.000010 0.544890
0.271453 0.000010 0.026664 0.701872
0.772314 0.000010 0.000010 0.227666
0.303093 0.517891 0.000010 0.179006
0.225745 0.696178 0.000010 0.078067
0.000010 0.000010 0.999970 0.000010
0.000010 0.000010 0.999970 0.000010
0.377778 0.000010 0.000010 0.622202
0.999970 0.000010 0.000010 0.000010
0.000010 0.000010 0.997987 0.001993
0.000010 0.282758 0.001970 0.715262
0.351714 0.000010 0.000010 0.648266
0.345203 0.270652 0.000010 0.384136
0.000010 0.534401 0.000010 0.465579
0.071061 0.556022 0.004396 0.368521
0.739743 0.260237 0.000010 0.000010
0.999970 0.000010 0.000010 0.000010
0.725997 0.273983 0.000010 0.000010
0.546626 0.098311 0.000010 0.355054
0.584907 0.415073 0.000010 0.000010
0.326054 0.000012 0.000010 0.673924
0.999970 0.000010 0.000010 0.000010
0.916492 0.000010 0.000010 0.083488
0.273972 0.314015 0.000010 0.412003
0.458301 0.000010 0.000010 0.541679
0.110949 0.068374 0.079577 0.741100
0.000010 0.809115 0.000010 0.190865
0.332585 0.000010 0.000010 0.667395
0.310067 0.000010 0.000010 0.689913
0.000010 0.958668 0.041312 0.000010
0.657786 0.000010 0.004679 0.337525
0.890916 0.109064 0.000010 0.000010
0.000010 0.228814 0.000010 0.771166
0.226469 0.185982 0.012966 0.574583
0.387498 0.187685 0.000010 0.424807
0.075462 0.676844 0.042031 0.205664
0.999970 0.000010 0.000010 0.000010
0.067852 0.347242 0.000010 0.584895
0.403262 0.328431 0.000010 0.268296
0.521031 0.000010 0.000010 0.478949
0.000010 0.000010 0.000010 0.999970
0.455355 0.314336 0.000010 0.230299
0.393695 0.166429 0.000010 0.439866
0.524791 0.475189 0.000010 0.000010
0.000010 0.050635 0.007940 0.941415
0.474398 0.525582 0.000010 0.000010
0.999970 0.000010 0.000010 0.000010
0.786643 0.213337 0.000010 0.000010
0.000010 0.000010 0.000010 0.999970
0.000010 0.245785 0.000010 0.754195
0.000010 0.567984 0.431996 0.000010
0.330654 0.000010 0.000010 0.669326
0.368400 0.380847 0.000010 0.250743
0.174361 0.252148 0.177027 0.396465
0.000010 0.000010 0.026128 0.973852
0.587216 0.000010 0.000010 0.412764
0.599237 0.400743 0.000010 0.000010
0.254524 0.583214 0.162252 0.000010
0.000010 0.376808 0.000010 0.623172
0.000010 0.000010 0.000010 0.999970
0.358684 0.641296 0.000010 0.000010
0.522567 0.477413 0.000010 0.000010
0.492188 0.507792 0.000010 0.000010
0.000010 0.999970 0.000010 0.000010
0.999970 0.000010 0.000010 0.000010
0.000010 0.000010 0.999970 0.000010
0.195941 0.311306 0.000010 0.492743
0.342354 0.644412 0.000010 0.013223
0.000010 0.999970 0.000010 0.000010
0.512607 0.255193 0.000010 0.232190
0.000010 0.000010 0.000010 0.999970
0.000010 0.000010 0.999970 0.000010
0.000010 0.000011 0.999969 0.000010
0.520659 0.365239 0.000010 0.114092
0.999970 0.000010 0.000010 0.000010
0.000010 0.999970 0.000010 0.000010
0.741711 0.254237 0.004042 0.000010
0.000010 0.000016 0.000010 0.999964
0.000015 0.000010 0.999965 0.000010
0.352171 0.134644 0.000010 0.513176
0.597904 0.000010 0.000010 0.402076
0.215211 0.318607 0.000010 0.466172
0.000010 0.797707 0.007977 0.194306
0.999970 0.000010 0.000010 0.000010
0.016990 0.000010 0.982990 0.000010
0.918013 0.081967 0.000010 0.000010
0.000010 0.999970 0.000010 0.000010
0.000010 0.000010 0.999970 0.000010
0.000010 0.000010 0.999970 0.000010
0.000010 0.633562 0.005657 0.360771
0.155146 0.376644 0.000010 0.468199
0.221107 0.205512 0.000010 0.573371
0.000010 0.000010 0.979336 0.020644
0.469423 0.115861 0.000010 0.414706
0.233885 0.215605 0.000010 0.550499
0.323327 0.304324 0.000010 0.372340
0.520430 0.033298 0.000010 0.446262
0.007792 0.000010 0.992188 0.000010
0.560093 0.000010 0.000404 0.439492
0.258771 0.000010 0.000010 0.741209
0.000010 0.692405 0.000010 0.307575
0.700393 0.000010 0.000010 0.299587
0.168680 0.790954 0.040356 0.000010
0.303098 0.000010 0.016265 0.680627
0.219887 0.408921 0.000010 0.371183
0.136203 0.863777 0.000010 0.000010
0.000010 0.000010 0.000010 0.999970
0.612618 0.272072 0.000010 0.115299
0.000010 0.951621 0.048359 0.000010
0.374139 0.511943 0.000010 0.113907
0.362215 0.305113 0.000010 0.332662
0.999970 0.000010 0.000010 0.000010
0.411332 0.410734 0.000010 0.177924
0.383863 0.109212 0.000010 0.506915
0.999970 0.000010 0.000010 0.000010
0.540224 0.000010 0.000010 0.459756
0.804606 0.195374 0.000010 0.000010
0.459920 0.172748 0.000010 0.367322
0.145062 0.408115 0.000010 0.446813
0.392294 0.072483 0.000010 0.535213
0.162074 0.638294 0.000010 0.199621
0.000010 0.000010 0.999970 0.000010
0.587300 0.000010 0.000010 0.412680
0.999970 0.000010 0.000010 0.000010
0.352924 0.000010 0.000010 0.647056
0.999970 0.000010 0.000010 0.000010
0.000010 0.000010 0.000010 0.999970
0.428240 0.000010 0.000010 0.571740
0.456631 0.125928 0.000010 0.417431
0.217563 0.310588 0.000010 0.471839
0.097289 0.130593 0.000010 0.772109
0.059382 0.357878 0.000010 0.582730
0.625283 0.374697 0.000010 0.000010
0.000010 0.000010 0.000010 0.999970
0.305717 0.212906 0.013029 0.468348
0.450376 0.382282 0.000010 0.167331
0.599398 0.211782 0.000010 0.188809
0.000010 0.000010 0.000010 0.999970
0.207089 0.268767 0.000010 0.524134
0.000010 0.541084 0.000010 0.458896
0.177581 0.000010 0.000010 0.822399
0.000010 0.817439 0.000010 0.182541
0.000010 0.578279 0.000010 0.421701
0.216483 0.511368 0.000010 0.272139
0.197920 0.154591 0.000010 0.647479
0.487962 0.353213 0.000010 0.158815
0.000010 0.000010 0.999970 0.000010
0.323809 0.338086 0.000010 0.338095
0.531421 0.468559 0.000010 0.000010
0.999970 0.000010 0.000010 0.000010
0.990883 0.000010 0.009097 0.000010
0.422763 0.371151 0.000010 0.206075
0.474096 0.000010 0.000010 0.525884
0.000010 0.204494 0.000010 0.795486
0.000010 0.000010 0.014287 0.985693
0.453111 0.499620 0.018061 0.029207
0.558777 0.285189 0.000010 0.156024
0.351432 0.642373 0.006186 0.000010
0.052475 0.223310 0.000010 0.724205
0.000010 0.559477 0.000010 0.440503
0.000010 0.541931 0.000010 0.458049
0.527277 0.093289 0.000010 0.379424
0.388336 0.000010 0.058784 0.552870
0.724245 0.265973 0.004905 0.004877
0.540293 0.000010 0.000010 0.459687
0.000010 0.000010 0.000010 0.999970
0.249202 0.000010 0.000010 0.750778
0.304896 0.695084 0.000010 0.000010
0.999970 0.000010 0.000010 0.000010
0.222040 0.308179 0.000010 0.469771
0.000018 0.000010 0.999962 0.000010
0.426472 0.394533 0.000010 0.178985
0.317360 0.391677 0.000010 0.290953
0.999970 0.000010 0.000010 0.000010
0.000010 0.000010 0.999970 0.000010
0.557463 0.263437 0.003639 0.175461
0.000010 0.881193 0.000010 0.118787
0.601176 0.000010 0.000010 0.398804
0.000010 0.000010 0.003656 0.996324
0.348725 0.651255 0.000010 0.000010
0.999970 0.000010 0.000010 0.000010
0.000010 0.719214 0.000010 0.280766
0.711506 0.000010 0.021068 0.267415
0.000010 0.592956 0.000010 0.407024
0.999970 0.000010 0.000010 0.000010
0.290484 0.250210 0.000010 0.459296
0.336015 0.221085 0.000010 0.442890
0.999970 0.000010 0.000010 0.000010
0.000010 0.387873 0.000010 0.612107
0.000010 0.984280 0.015700 0.000010
0.143194 0.000010 0.000010 0.856786
0.095696 0.306019 0.000010 0.598274
0.362753 0.233143 0.000010 0.404094
0.416244 0.227659 0.000010 0.356088
0.231730 0.452034 0.000010 0.316227
0.000010 0.382392 0.000010 0.617588
0.244839 0.000010 0.000010 0.755141
0.384621 0.425065 0.000010 0.190304
0.398979 0.000010 0.000010 0.601001
0.422661 0.000010 0.000010 0.577319
0.566162 0.000010 0.000010 0.433818
0.000010 0.281670 0.000010 0.718310
0.724196 0.275784 0.000010 0.000010
0.347427 0.124140 0.000010 0.528423
0.000010 0.000010 0.026499 0.973481
0.000010 0.717602 0.000010 0.282378
0.192817 0.362308 0.000010 0.444865
0.535947 0.113200 0.000010 0.350843
0.297146 0.000010 0.000010 0.702834
0.401732 0.598248 0.000010 0.000010
0.890289 0.000010 0.109691 0.000010
0.353210 0.646770 0.000010 0.000010
0.000010 0.000010 0.000010 0.999970
0.479345 0.258691 0.000010 0.261954
0.000010 0.421348 0.000010 0.578632
0.999970 0.000010 0.000010 0.000010
0.000010 0.000010 0.999970 0.000010
0.000010 0.000010 0.999970 0.000010
0.302494 0.665228 0.032268 0.000010
0.589968 0.410012 0.000010 0.000010
0.390281 0.316134 0.000010 0.293575
0.000010 0.999970 0.000010 0.000010
0.000010 0.995234 0.004746 0.000010
0.000010 0.000010 0.940141 0.059839
0.000010 0.999970 0.000010 0.000010
0.004575 0.000010 0.995405 0.000010
0.999970 0.000010 0.000010 0.000010
0.259151 0.000010 0.000010 0.740829
0.000010 0.000010 0.999970 0.000010
0.131242 0.278568 0.033825 0.556365
0.537999 0.301599 0.000010 0.160393
0.304235 0.477428 0.000010 0.218327
0.521495 0.000010 0.000010 0.478485
0.180295 0.152067 0.000010 0.667628
0.000010 0.068479 0.000010 0.931501
0.747648 0.252332 0.000010 0.000010
0.672469 0.327511 0.000010 0.000010
0.007819 0.670199 0.000010 0.321972
0.999970 0.000010 0.000010 0.000010
0.947587 0.000010 0.052393 0.000010
0.000010 0.203967 0.000010 0.796013
0.331491 0.000010 0.000010 0.668489
0.194206 0.155540 0.004576 0.645678
0.000010 0.000010 0.999970 0.000010
0.108072 0.203052 0.000010 0.688866
0.000010 0.914782 0.000010 0.085198
0.284556 0.210210 0.000010 0.505224
0.007040 0.000010 0.992940 0.000010
0.977706 0.000010 0.022274 0.000010
0.130604 0.456792 0.000010 0.412594
0.000010 0.000010 0.964872 0.035108
0.000010 0.000010 0.999970 0.000010
0.000010 0.000010 0.999970 0.000010
0.000010 0.536760 0.000010 0.463220
0.343824 0.346677 0.000010 0.309489
0.670300 0.000010 0.000010 0.329680
0.495701 0.125290 0.000010 0.378999
0.262612 0.000010 0.007915 0.729462
0.000010 0.010113 0.989867 0.000010
0.000010 0.582297 0.009898 0.407795
0.622989 0.000010 0.000010 0.376991
0.000010 0.000010 0.999970 0.000010
0.373499 0.287735 0.007812 0.330954
0.000010 0.999970 0.000010 0.000010
0.426513 0.486247 0.000010 0.087231
0.000010 0.596549 0.003895 0.399546
0.000010 0.529355 0.470625 0.000010
0.183764 0.816216 0.000010 0.000010
0.000010 0.379738 0.000010 0.620242
0.000010 0.000010 0.999970 0.000010
0.000010 0.000010 0.999970 0.000010
0.000010 0.000010 0.999970 0.000010
0.000010 0.000010 0.999970 0.000010
0.000010 0.447821 0.000010 0.552159
0.326542 0.501588 0.000010 0.171860
0.000010 0.000010 0.999970 0.000010
0.332000 0.322687 0.000010 0.345303
0.000010 0.000010 0.999970 0.000010
0.000010 0.000010 0.999970 0.000010
0.000010 0.414160 0.025671 0.560159
0.000010 0.000010 0.005052 0.994928
0.000010 0.644704 0.000010 0.355276
0.000010 0.000010 0.000010 0.999970
0.980599 0.000010 0.019381 0.000010
0.512531 0.312017 0.010902 0.164550
0.190745 0.000010 0.711498 0.097746
0.568274 0.135895 0.004017 0.291814
0.000010 0.000010 0.999970 0.000010
0.386521 0.426408 0.000010 0.187060
0.000010 0.962531 0.037449 0.000010
0.058677 0.941303 0.000010 0.000010
0.419067 0.197984 0.000010 0.382939
0.000010 0.000010 0.000010 0.999970
0.999970 0.000010 0.000010 0.000010
0.127792 0.081159 0.003932 0.787118
0.145386 0.818089 0.036514 0.000010
0.818311 0.004507 0.000010 0.177173
0.804442 0.000010 0.000010 0.195538
0.000010 0.532091 0.000010 0.467889
0.159745 0.384694 0.000010 0.455551
0.828137 0.000010 0.000010 0.171843
0.000010 0.373757 0.000010 0.626223
0.999970 0.000010 0.000010 0.000010
0.262255 0.737725 0.000010 0.000010
0.999970 0.000010 0.000010 0.000010
0.418102 0.000010 0.000010 0.581878
0.095883 0.673840 0.230267 0.000010
0.000010 0.000010 0.008908 0.991072
0.956699 0.000010 0.010961 0.032330
0.000010 0.217742 0.059653 0.722595
0.433664 0.566316 0.000010 0.000010
0.000010 0.000010 0.027578 0.972402
0.000010 0.000010 0.985710 0.014270
0.000010 0.000010 0.999970 0.000010
0.000010 0.313126 0.000010 0.686854
0.000010 0.269395 0.000010 0.730585
0.518533 0.481444 0.000013 0.000010
0.999970 0.000010 0.000010 0.000010
0.328616 0.000010 0.000010 0.671364
0.000010 0.999970 0.000010 0.000010
0.000010 0.063775 0.936205 0.000010
0.117824 0.363469 0.000010 0.518697
0.553969 0.250739 0.000010 0.195282
0.235353 0.000010 0.000010 0.764627
0.000010 0.999970 0.000010 0.000010
0.839876 0.000010 0.000010 0.160104
0.023783 0.000010 0.000010 0.976197
0.768194 0.000010 0.000010 0.231786
0.000010 0.171289 0.000010 0.828691
0.508539 0.000010 0.000010 0.491441
0.000010 0.283891 0.000010 0.716089
0.506843 0.493137 0.000010 0.000010
0.000010 0.551038 0.000010 0.448942
0.304593 0.324379 0.000010 0.371018
0.032340 0.581551 0.027179 0.358930
0.000010 0.000010 0.000010 0.999970
0.000010 0.999970 0.000010 0.000010
0.161010 0.359103 0.000010 0.479878
0.805492 0.194488 0.000010 0.000010
0.706022 0.188116 0.000010 0.105851
0.061974 0.368739 0.000010 0.569277
0.999970 0.000010 0.000010 0.000010
0.008631 0.000010 0.991349 0.000010
0.986226 0.000010 0.013754 0.000010
0.855242 0.137366 0.007382 0.000010
0.231630 0.576342 0.000010 0.192018
0.999970 0.000010 0.000010 0.000010
0.179408 0.430573 0.012410 0.377609
0.000010 0.397388 0.004906 0.597696
0.376719 0.383202 0.000010 0.240069
0.293613 0.286731 0.000010 0.419646
0.000010 0.999970 0.000010 0.000010
0.631614 0.368366 0.000010 0.000010
0.999970 0.000010 0.000010 0.000010
0.174758 0.504315 0.195197 0.125730
0.999970 0.000010 0.000010 0.000010
0.448871 0.414636 0.021609 0.114883
0.396044 0.076328 0.000010 0.527618
0.000010 0.000010 0.007238 0.992742
0.458662 0.000010 0.000010 0.541318
0.000010 0.000010 0.994548 0.005432
0.059576 0.611440 0.000010 0.328974
0.000010 0.328693 0.000010 0.671287
0.000010 0.000010 0.960419 0.039561
0.575831 0.413795 0.010365 0.000010
0.061291 0.264037 0.000010 0.674662
0.511745 0.114112 0.010162 0.363981
0.415245 0.181535 0.000010 0.403209
0.000010 0.000010 0.000010 0.999970
0.000010 0.000010 0.999970 0.000010
0.000010 0.000010 0.009845 0.990135
0.621303 0.000010 0.005736 0.372951
0.146500 0.853480 0.000010 0.000010
0.000010 0.999970 0.000010 0.000010
0.000010 0.000010 0.999970 0.000010
0.848021 0.000010 0.000010 0.151959
0.000010 0.000010 0.999970 0.000010
0.000010 0.000010 0.999970 0.000010
0.008856 0.000010 0.991124 0.000010
0.000010 0.000010 0.999970 0.000010
0.000010 0.000010 0.999970 0.000010
0.124156 0.451375 0.000010 0.424459
0.448048 0.320904 0.000010 0.231038
0.332388 0.218685 0.000010 0.448917
0.999970 0.000010 0.000010 0.000010
0.000010 0.000010 0.000010 0.999970
0.640361 0.000010 0.000010 0.359619
0.486345 0.316580 0.000010 0.197065
0.043519 0.000010 0.956461 0.000010
0.658370 0.341610 0.000010 0.000010
0.334609 0.296807 0.004887 0.363697
0.271989 0.000010 0.000010 0.727991
0.000010 0.000010 0.000010 0.999970
0.546117 0.000010 0.000010 0.453863
0.999970 0.000010 0.000010 0.000010
0.000010 0.999970 0.000010 0.000010
0.362706 0.000010 0.000010 0.637274
0.000010 0.432422 0.000010 0.567558
0.000010 0.479748 0.000010 0.520232
0.000010 0.480382 0.000010 0.519598
0.488623 0.240622 0.000010 0.270746
0.513884 0.314062 0.000010 0.172044
0.347750 0.000010 0.000010 0.652230
0.000010 0.999970 0.000010 0.000010
0.000010 0.999970 0.000010 0.000010
0.353983 0.000010 0.000010 0.645997
0.273662 0.168684 0.000010 0.557644
0.515931 0.000010 0.026746 0.457313
0.521745 0.000010 0.050167 0.428079
0.089683 0.389516 0.007809 0.512993
0.254777 0.117674 0.003430 0.624119
0.000010 0.000010 0.999970 0.000010
0.000010 0.009438 0.990542 0.000010
0.000010 0.000010 0.999970 0.000010
0.000010 0.999970 0.000010 0.000010
0.000010 0.000010 0.999970 0.000010
0.382807 0.381593 0.020582 0.215018
0.000010 0.999970 0.000010 0.000010
0.031923 0.000010 0.968057 0.000010
0.000010 0.606889 0.000010 0.393091
0.000010 0.000010 0.007321 0.992659
0.557731 0.333359 0.000010 0.108901
0.999962 0.000010 0.000018 0.000010
0.000010 0.326302 0.000010 0.673678
0.000010 0.289257 0.011449 0.699285
0.000010 0.000010 0.971282 0.028698
0.999970 0.000010 0.000010 0.000010
0.999970 0.000010 0.000010 0.000010
0.000010 0.198301 0.000010 0.801679
0.000010 0.000010 0.999970 0.000010
0.543109 0.000010 0.000010 0.456871
0.000010 0.459627 0.003666 0.536697
0.144046 0.327298 0.003851 0.524805
0.055825 0.389004 0.000010 0.555161
0.000010 0.461753 0.000010 0.538227
0.999970 0.000010 0.000010 0.000010
0.805866 0.000010 0.194114 0.000010
0.000010 0.496177 0.000010 0.503803
0.370822 0.000010 0.000010 0.629158
0.000010 0.999970 0.000010 0.000010
0.301075 0.578022 0.011861 0.109041
0.000010 0.000010 0.000010 0.999970
0.000010 0.000010 0.000010 0.999970
0.000010 0.000010 0.982757 0.017223
0.999970 0.000010 0.000010 0.000010
0.366083 0.000010 0.000010 0.633897
0.590012 0.409968 0.000010 0.000010
0.999970 0.000010 0.000010 0.000010
0.445138 0.554842 0.000010 0.000010
0.000010 0.000010 0.999970 0.000010
0.999970 0.000010 0.000010 0.000010
0.268674 0.511130 0.000010 0.220186
0.000010 0.000010 0.999970 0.000010
0.598286 0.272200 0.000010 0.129505
0.000010 0.214826 0.005460 0.779704
0.673220 0.326760 0.000010 0.000010
0.000010 0.000010 0.999970 0.000010
0.000010 0.306153 0.000010 0.693827
0.378730 0.197671 0.000010 0.423589
0.999970 0.000010 0.000010 0.000010
0.550632 0.449348 0.000010 0.000010
0.000010 0.764867 0.235113 0.000010
0.346631 0.207790 0.000010 0.445569
0.000010 0.999970 0.000010 0.000010
0.000010 0.170578 0.000010 0.829402
0.000010 0.999970 0.000010 0.000010
0.000010 0.999970 0.000010 0.000010
0.398392 0.103623 0.000010 0.497976
0.999970 0.000010 0.000010 0.000010
0.000010 0.000010 0.000010 0.999970
0.000010 0.000010 0.978387 0.021593
0.000010 0.000010 0.999970 0.000010
0.000010 0.000010 0.091110 0.908870
0.248483 0.230987 0.000010 0.520521
0.182330 0.522299 0.000010 0.295361
0.288129 0.111540 0.006259 0.594072
0.613272 0.117887 0.000010 0.268830
0.511507 0.286513 0.000010 0.201970
0.296665 0.000010 0.000010 0.703315
0.000010 0.329185 0.028942 0.641863
0.763613 0.000010 0.000010 0.236367
0.665816 0.000010 0.000010 0.334164
0.000010 0.000010 0.000010 0.999970
0.999970 0.000010 0.000010 0.000010
0.999970 0.000010 0.000010 0.000010
0.266905 0.693749 0.039335 0.000010
0.204804 0.000010 0.005032 0.790154
0.601810 0.184611 0.000010 0.213569
