0.279524 0.204225 0.000010 0.000010 0.000010 0.185843 0.000010 0.330358 0.000010
0.000010 0.139098 0.000010 0.290892 0.107795 0.000010 0.000010 0.454829 0.007345
0.263166 0.000010 0.000010 0.560816 0.000010 0.000010 0.000010 0.175958 0.000010
0.999920 0.000010 0.000010 0.000010 0.000010 0.000010 0.000010 0.000010 0.000010
0.349114 0.000010 0.000010 0.179491 0.113865 0.247629 0.000010 0.109861 0.000010
0.000010 0.000010 0.000010 0.000010 0.999920 0.000010 0.000010 0.000010 0.000010
0.000010 0.110654 0.032987 0.608242 0.000010 0.200590 0.000010 0.047486 0.000010
0.000010 0.566958 0.000010 0.000010 0.000010 0.000010 0.000010 0.432972 0.000010
0.195582 0.000010 0.000010 0.370788 0.325937 0.107643 0.000010 0.000010 0.000010
0.000010 0.240319 0.686632 0.000010 0.000010 0.000010 0.008856 0.000010 0.064144
0.000010 0.000010 0.134805 0.000010 0.000010 0.000010 0.795593 0.000010 0.069542
0.635673 0.000010 0.000010 0.344310 0.000010 0.000010 0.000010 0.000010 0.019958
0.115212 0.479427 0.000010 0.000010 0.000010 0.300933 0.000010 0.104377 0.000010
0.456990 0.000010 0.000010 0.000010 0.000010 0.539572 0.003379 0.000010 0.000010
0.000010 0.409174 0.000010 0.000010 0.000010 0.000010 0.000010 0.590756 0.000010
0.593053 0.316995 0.000010 0.089892 0.000010 0.000010 0.000010 0.000010 0.000010
0.000010 0.000010 0.339337 0.000010 0.000010 0.000010 0.000010 0.000010 0.660593
0.000010 0.000010 0.130155 0.000010 0.000010 0.000010 0.000010 0.000010 0.869775
0.000010 0.000010 0.000010 0.000010 0.000010 0.000010 0.000010 0.999920 0.000010
0.000010 0.000010 0.265161 0.000010 0.000010 0.000010 0.734769 0.000010 0.000010
0.000010 0.000010 0.000010 0.000010 0.000010 0.000010 0.000010 0.519663 0.480267
0.000010 0.000010 0.000010 0.000010 0.999920 0.000010 0.000010 0.000010 0.000010
0.000010 0.000010 0.000010 0.000010 0.000010 0.000010 0.562380 0.000010 0.437550
0.000010 0.000010 0.663748 0.000010 0.000010 0.000010 0.222148 0.000010 0.114044
0.000010 0.000010 0.000010 0.000010 0.000010 0.000010 0.742357 0.000010 0.257573
0.000010 0.000010 0.000010 0.098541 0.448683 0.000010 0.000010 0.452716 0.000010
0.000010 0.740378 0.000010 0.070745 0.188817 0.000010 0.000010 0.000010 0.000010
0.118214 0.000010 0.000010 0.086903 0.000010 0.452980 0.000010 0.325866 0.015997
0.305141 0.443060 0.000010 0.000010 0.000010 0.167151 0.000010 0.084597 0.000010
0.000010 0.000010 0.999920 0.000010 0.000010 0.000010 0.000010 0.000010 0.000010
0.000010 0.000010 0.000010 0.000010 0.000010 0.000010 0.836676 0.000010 0.163254
0.000010 0.000010 0.000010 0.000010 0.000010 0.000010 0.000010 0.973810 0.026120
0.000010 0.000010 0.000010 0.000010 0.000010 0.000010 0.999920 0.000010 0.000010
0.000010 0.000010 0.000010 0.193126 0.651177 0.000010 0.000010 0.000010 0.155637
0.000010 0.000010 0.000010 0.000010 0.000010 0.000010 0.012133 0.987797 0.000010
0.298395 0.000010 0.000010 0.538530 0.079949 0.076343 0.006743 0.000010 0.000010
0.000010 0.000010 0.000010 0.000010 0.000010 0.000010 0.731371 0.000010 0.268559
0.000010 0.000010 0.462921 0.000010 0.000010 0.000010 0.294369 0.000010 0.242649
0.137459 0.189742 0.000010 0.307836 0.000010 0.000010 0.000010 0.364913 0.000010
0.391150 0.000010 0.000010 0.000010 0.208100 0.400690 0.000010 0.000010 0.000010
0.320624 0.315462 0.000010 0.265021 0.000010 0.000010 0.000010 0.098842 0.000010
0.288364 0.319345 0.000010 0.392231 0.000010 0.000010 0.000010 0.000010 0.000010
0.000010 0.000010 0.668030 0.000010 0.000010 0.000010 0.151506 0.087826 0.092588
0.000010 0.310372 0.000010 0.178436 0.511132 0.000010 0.000010 0.000010 0.000010
0.000010 0.000010 0.436153 0.000010 0.000010 0.000010 0.170730 0.000010 0.393057
0.000010 0.000010 0.048205 0.000010 0.180602 0.257234 0.000010 0.513908 0.000010
0.000010 0.350808 0.010719 0.171542 0.160192 0.146038 0.000010 0.160670 0.000010
0.000010 0.000010 0.999920 0.000010 0.000010 0.000010 0.000010 0.000010 0.000010
0.000010 0.000010 0.000010 0.000010 0.000010 0.000010 0.000010 0.000010 0.999920
0.000010 0.000010 0.000010 0.090729 0.909201 0.000010 0.000010 0.000010 0.000010
0.213255 0.500592 0.000010 0.000010 0.000010 0.286093 0.000010 0.000010 0.000010
0.029263 0.303341 0.000010 0.262838 0.081902 0.000010 0.000010 0.322616 0.000010
0.000010 0.072417 0.927513 0.000010 0.000010 0.000010 0.000010 0.000010 0.000010
0.000010 0.187051 0.000010 0.194100 0.000010 0.618789 0.000010 0.000010 0.000010
0.171347 0.218730 0.000010 0.152862 0.239501 0.000010 0.000010 0.217520 0.000010
0.119641 0.000010 0.000010 0.000010 0.000010 0.000010 0.880289 0.000010 0.000010
0.117849 0.000010 0.000010 0.366067 0.130770 0.385264 0.000010 0.000010 0.000010
0.000010 0.061076 0.000010 0.696894 0.000010 0.241970 0.000010 0.000010 0.000010
0.000010 0.000010 0.000010 0.505626 0.000010 0.210015 0.000010 0.284299 0.000010
0.121445 0.000010 0.000010 0.000010 0.000010 0.445866 0.000010 0.432630 0.000010
0.551723 0.000010 0.000010 0.000010 0.000010 0.448207 0.000010 0.000010 0.000010
0.251817 0.339750 0.000010 0.000010 0.262827 0.145556 0.000010 0.000010 0.000010
0.485247 0.000010 0.000010 0.000010 0.095615 0.419078 0.000010 0.000010 0.000010
0.000010 0.000010 0.000010 0.000010 0.455291 0.544639 0.000010 0.000010 0.000010
0.082938 0.275284 0.002108 0.000010 0.392005 0.000010 0.000010 0.247624 0.000010
0.000010 0.000010 0.000010 0.000010 0.000010 0.000010 0.999920 0.000010 0.000010
0.364517 0.218967 0.000010 0.113119 0.000010 0.000010 0.000010 0.303347 0.000010
0.228543 0.000010 0.006975 0.332951 0.000010 0.185469 0.000010 0.246022 0.000010
0.000010 0.641177 0.000010 0.000010 0.000010 0.358753 0.000010 0.000010 0.000010
0.126007 0.000010 0.000010 0.873923 0.000010 0.000010 0.000010 0.000010 0.000010
0.000010 0.000010 0.000010 0.333177 0.000010 0.000010 0.000010 0.666753 0.000010
0.403186 0.000010 0.000010 0.000010 0.000010 0.000010 0.000010 0.596744 0.000010
0.000010 0.000010 0.000010 0.000010 0.999920 0.000010 0.000010 0.000010 0.000010
0.000010 0.000010 0.000010 0.000010 0.000010 0.663722 0.000010 0.336208 0.000010
0.196371 0.612362 0.000010 0.000010 0.191207 0.000010 0.000010 0.000010 0.000010
0.818474 0.104615 0.000010 0.000010 0.000010 0.000010 0.000010 0.076851 0.000010
0.000010 0.000010 0.000010 0.000010 0.000010 0.000010 0.999920 0.000010 0.000010
0.000010 0.000010 0.999920 0.000010 0.000010 0.000010 0.000010 0.000010 0.000010
0.000010 0.000010 0.000010 0.000010 0.000010 0.000010 0.999920 0.000010 0.000010
0.237923 0.000010 0.000010 0.000010 0.000010 0.000010 0.097877 0.656434 0.007716
0.166518 0.229575 0.000010 0.248160 0.000010 0.339671 0.000010 0.000010 0.016037
0.000010 0.000010 0.000010 0.000010 0.000010 0.000010 0.000010 0.000010 0.999920
0.000010 0.000010 0.313020 0.000010 0.000010 0.000010 0.325963 0.000010 0.360956
0.346476 0.161295 0.000010 0.264648 0.000010 0.000010 0.000010 0.227531 0.000010
0.000010 0.000010 0.599205 0.000010 0.000010 0.000010 0.000010 0.000010 0.400725
0.028583 0.000010 0.449980 0.000010 0.000010 0.000010 0.390450 0.000010 0.130938
0.000010 0.172715 0.000010 0.000010 0.380500 0.446725 0.000010 0.000010 0.000010
0.000010 0.000010 0.256200 0.000010 0.000010 0.000010 0.000010 0.000010 0.743730
0.000010 0.000010 0.000010 0.102796 0.309370 0.577540 0.010244 0.000010 0.000010
0.324175 0.373832 0.000010 0.000010 0.301933 0.000010 0.000010 0.000010 0.000010
0.000010 0.000010 0.000010 0.000010 0.000011 0.000010 0.000010 0.000010 0.999919
0.000010 0.244364 0.155421 0.000010 0.155608 0.000010 0.098287 0.346279 0.000010
0.674452 0.000010 0.000010 0.000010 0.325478 0.000010 0.000010 0.000010 0.000010
0.000010 0.000010 0.000010 0.000010 0.000010 0.000010 0.000010 0.000010 0.999920
0.503043 0.179324 0.000010 0.005840 0.311742 0.000010 0.000010 0.000010 0.000010
0.000010 0.000010 0.000010 0.577067 0.396505 0.000010 0.026368 0.000010 0.000010
0.000010 0.000010 0.000010 0.000010 0.000010 0.000010 0.228997 0.000010 0.770933
0.000010 0.302848 0.022956 0.000010 0.294201 0.000010 0.000010 0.379946 0.000010
0.209210 0.000010 0.000010 0.000010 0.790720 0.000010 0.000010 0.000010 0.000010
0.000010 0.349141 0.000010 0.455701 0.000010 0.195098 0.000010 0.000010 0.000010
0.688460 0.000010 0.006599 0.000010 0.304881 0.000010 0.000010 0.000010 0.000010
0.000010 0.407548 0.000010 0.592382 0.000010 0.000010 0.000010 0.000010 0.000010
0.152708 0.068243 0.000010 0.387417 0.000010 0.000010 0.000010 0.391581 0.000010
0.286612 0.000010 0.000010 0.019857 0.235978 0.297603 0.000010 0.159910 0.000010
0.000010 0.000010 0.000010 0.000010 0.999920 0.000010 0.000010 0.000010 0.000010
0.000010 0.480193 0.000010 0.000010 0.000010 0.473229 0.000010 0.046518 0.000010
0.000010 0.467124 0.000010 0.000010 0.305129 0.227688 0.000010 0.000010 0.000010
0.000010 0.000010 0.155142 0.000010 0.000010 0.000010 0.000010 0.000010 0.844788
0.073429 0.088144 0.000010 0.000010 0.239696 0.347900 0.000010 0.250792 0.000010
0.000010 0.352208 0.000010 0.202311 0.000010 0.000010 0.000010 0.445421 0.000010
0.000010 0.023138 0.000010 0.330710 0.000010 0.350742 0.000010 0.295360 0.000010
0.000010 0.000010 0.000010 0.026798 0.000010 0.000010 0.973132 0.000010 0.000010
0.000010 0.000010 0.000010 0.000010 0.000010 0.000010 0.000010 0.000010 0.999920
0.000010 0.670708 0.000010 0.000010 0.188467 0.000010 0.000010 0.140765 0.000010
0.323770 0.009451 0.000010 0.137905 0.199120 0.216739 0.000010 0.112985 0.000010
0.000010 0.000010 0.000010 0.000010 0.022096 0.089019 0.888825 0.000010 0.000010
0.524621 0.204576 0.000010 0.000010 0.000010 0.270743 0.000010 0.000010 0.000010
0.000010 0.000010 0.753166 0.000010 0.000010 0.000010 0.246764 0.000010 0.000010
0.000010 0.000010 0.364213 0.000010 0.000010 0.000010 0.000010 0.000010 0.635717
0.366654 0.000010 0.000010 0.000010 0.124472 0.129234 0.000010 0.379590 0.000010
0.286890 0.713040 0.000010 0.000010 0.000010 0.000010 0.000010 0.000010 0.000010
0.574398 0.000010 0.000010 0.425532 0.000010 0.000010 0.000010 0.000010 0.000010
0.000010 0.000010 0.000010 0.485641 0.000010 0.000010 0.000010 0.000010 0.514289
0.129640 0.000010 0.000010 0.000010 0.000010 0.000010 0.000010 0.870290 0.000010
0.000010 0.000010 0.000010 0.999920 0.000010 0.000010 0.000010 0.000010 0.000010
0.256429 0.210348 0.000010 0.118594 0.000010 0.000010 0.000010 0.414579 0.000010
0.279224 0.000010 0.000010 0.194739 0.022324 0.245256 0.000010 0.258417 0.000010
0.895478 0.000010 0.000010 0.000010 0.104452 0.000010 0.000010 0.000010 0.000010
0.000010 0.361688 0.000010 0.355972 0.282280 0.000010 0.000010 0.000010 0.000010
0.245492 0.089420 0.021403 0.424143 0.137046 0.082467 0.000010 0.000010 0.000010
0.000010 0.000010 0.000010 0.017183 0.000010 0.000010 0.982747 0.000010 0.000010
0.000010 0.209434 0.000010 0.411646 0.000010 0.271078 0.000010 0.107792 0.000010
0.371167 0.000010 0.000010 0.416360 0.000010 0.098377 0.000010 0.114046 0.000010
0.000010 0.101987 0.000010 0.364997 0.000010 0.138307 0.000010 0.394659 0.000010
0.000010 0.686830 0.000010 0.000010 0.000010 0.261084 0.000010 0.052027 0.000010
0.034973 0.037618 0.000010 0.308544 0.000010 0.238731 0.000010 0.380093 0.000010
0.000010 0.194912 0.000010 0.231963 0.000010 0.162780 0.000010 0.410295 0.000010
0.000010 0.000010 0.000010 0.000010 0.000010 0.000010 0.560371 0.000010 0.439559
0.000010 0.000010 0.369906 0.024019 0.000010 0.000010 0.606015 0.000010 0.000010
0.000010 0.000010 0.000010 0.000010 0.000010 0.000010 0.636859 0.000010 0.363071
0.097141 0.000010 0.646209 0.000010 0.000010 0.000010 0.256591 0.000010 0.000010
0.038812 0.000010 0.234097 0.000010 0.000010 0.000010 0.473992 0.000010 0.253050
0.190420 0.293276 0.000010 0.000010 0.233363 0.000010 0.000010 0.282891 0.000010
0.000010 0.000010 0.269493 0.000010 0.000010 0.000010 0.730437 0.000010 0.000010
0.000010 0.000010 0.085569 0.000010 0.000010 0.000010 0.279680 0.000010 0.634691
0.000010 0.000010 0.000010 0.000010 0.000010 0.000010 0.999920 0.000010 0.000010
0.000010 0.000010 0.000010 0.000010 0.000010 0.000010 0.000010 0.000010 0.999920
0.000010 0.000010 0.434222 0.000010 0.000010 0.000010 0.000010 0.000010 0.565708
0.000010 0.000010 0.768420 0.000010 0.000010 0.000010 0.231510 0.000010 0.000010
0.000010 0.000010 0.000010 0.000010 0.000010 0.000010 0.777557 0.000010 0.222373
0.000010 0.000010 0.000010 0.203064 0.796866 0.000010 0.000010 0.000010 0.000010
0.000010 0.000010 0.000010 0.000010 0.000010 0.999920 0.000010 0.000010 0.000010
0.000010 0.000010 0.000010 0.999920 0.000010 0.000010 0.000010 0.000010 0.000010
0.445127 0.000010 0.000010 0.354735 0.000010 0.000010 0.000010 0.194544 0.005544
0.000010 0.745769 0.000010 0.000010 0.000010 0.000010 0.000010 0.254161 0.000010
0.000010 0.999920 0.000010 0.000010 0.000010 0.000010 0.000010 0.000010 0.000010
0.000010 0.000010 0.000010 0.225241 0.000010 0.000010 0.000010 0.774689 0.000010
0.000010 0.000010 0.003872 0.000010 0.000010 0.673526 0.000010 0.322542 0.000010
0.000010 0.000010 0.000010 0.000010 0.256155 0.000010 0.000010 0.743775 0.000010
0.000010 0.184892 0.000010 0.168660 0.000010 0.527114 0.000010 0.119284 0.000010
0.886744 0.000010 0.000010 0.113186 0.000010 0.000010 0.000010 0.000010 0.000010
0.000010 0.000010 0.000010 0.000010 0.000010 0.000010 0.436350 0.000010 0.563580
0.168677 0.058321 0.000010 0.000010 0.412564 0.252359 0.000010 0.108039 0.000010
0.000010 0.477297 0.000010 0.386591 0.124273 0.000010 0.000010 0.000010 0.011789
0.476180 0.000010 0.000010 0.000010 0.523750 0.000010 0.000010 0.000010 0.000010
0.000010 0.000010 0.999920 0.000010 0.000010 0.000010 0.000010 0.000010 0.000010
0.000010 0.000013 0.740955 0.000010 0.000010 0.000010 0.186247 0.000010 0.072735
0.000010 0.000010 0.999920 0.000010 0.000010 0.000010 0.000010 0.000010 0.000010
0.645776 0.000010 0.000010 0.000010 0.000010 0.000010 0.000010 0.354154 0.000010
0.119173 0.000010 0.000010 0.000010 0.000010 0.880757 0.000010 0.000010 0.000010
0.000010 0.000010 0.000010 0.620365 0.000010 0.255098 0.000010 0.124477 0.000010
0.151313 0.149036 0.000010 0.255848 0.238177 0.196804 0.008792 0.000010 0.000010
0.000010 0.000010 0.184431 0.000010 0.000010 0.003826 0.648236 0.000010 0.163457
0.122555 0.085002 0.001406 0.272879 0.000010 0.000010 0.000010 0.518118 0.000010
0.211626 0.000010 0.000010 0.000010 0.707463 0.000010 0.000010 0.080852 0.000010
0.642481 0.000010 0.000010 0.000010 0.000010 0.273891 0.000010 0.083569 0.000010
0.348846 0.157623 0.000010 0.000010 0.000010 0.310400 0.000010 0.183081 0.000010
0.000010 0.000010 0.000010 0.000010 0.000010 0.000010 0.000010 0.000010 0.999920
0.000010 0.000010 0.999920 0.000010 0.000010 0.000010 0.000010 0.000010 0.000010
0.505377 0.000010 0.000010 0.000010 0.222507 0.000010 0.000010 0.263954 0.008112
0.000010 0.025137 0.000010 0.096668 0.000010 0.405968 0.000010 0.472177 0.000010
0.000010 0.000010 0.342256 0.000010 0.000010 0.000010 0.328296 0.000010 0.329388
0.000010 0.000010 0.000010 0.000010 0.000010 0.658143 0.019789 0.322008 0.000010
0.219863 0.408373 0.022812 0.198516 0.136655 0.000010 0.000010 0.013750 0.000010
0.237021 0.000010 0.000010 0.464585 0.038179 0.000010 0.000010 0.256061 0.004115
0.000010 0.000010 0.535655 0.000010 0.000010 0.000010 0.464275 0.000010 0.000010
0.466258 0.000010 0.000010 0.029540 0.000010 0.504142 0.000010 0.000010 0.000010
0.173125 0.000010 0.000010 0.119810 0.000010 0.464515 0.008784 0.233726 0.000010
0.199008 0.483359 0.000010 0.317573 0.000010 0.000010 0.000010 0.000010 0.000010
0.000010 0.507469 0.000010 0.474588 0.000010 0.000010 0.017883 0.000010 0.000010
0.000010 0.000010 0.288101 0.000010 0.000010 0.000014 0.711825 0.000010 0.000010
0.000010 0.000010 0.000010 0.000010 0.000010 0.000010 0.999920 0.000010 0.000010
0.000010 0.000010 0.906409 0.024461 0.000010 0.000010 0.000010 0.000010 0.069070
0.623093 0.372053 0.004794 0.000010 0.000010 0.000010 0.000010 0.000010 0.000010
0.000010 0.456697 0.000010 0.000010 0.000010 0.000010 0.000010 0.543233 0.000010
0.083557 0.000010 0.000010 0.199778 0.000010 0.716605 0.000010 0.000010 0.000010
0.131750 0.000010 0.000010 0.000010 0.111139 0.742346 0.000010 0.000010 0.014715
0.000010 0.000010 0.000010 0.000010 0.819497 0.180433 0.000010 0.000010 0.000010
0.000010 0.000010 0.000010 0.000010 0.000010 0.000010 0.000010 0.999920 0.000010
0.000010 0.000010 0.438135 0.000010 0.411468 0.150338 0.000010 0.000010 0.000010
0.109548 0.000010 0.000010 0.455801 0.000010 0.284475 0.000010 0.142439 0.007697
0.057970 0.000010 0.000010 0.146228 0.201610 0.265237 0.000010 0.328915 0.000010
0.295930 0.000010 0.000010 0.000010 0.224279 0.479731 0.000010 0.000010 0.000010
0.240158 0.086512 0.000010 0.127250 0.275755 0.000010 0.000010 0.270284 0.000010
0.441407 0.000010 0.000010 0.379043 0.084689 0.000010 0.000010 0.094810 0.000010
0.000010 0.282653 0.000010 0.000010 0.717277 0.000010 0.000010 0.000010 0.000010
0.000010 0.076963 0.000010 0.291276 0.000010 0.231702 0.000010 0.400010 0.000010
0.417245 0.000010 0.000010 0.307037 0.000010 0.275658 0.000010 0.000010 0.000010
0.128032 0.159104 0.000010 0.169394 0.280029 0.257202 0.000010 0.006210 0.000010
0.034333 0.084080 0.000010 0.137192 0.419780 0.181575 0.000010 0.143010 0.000010
0.000010 0.000010 0.009815 0.000010 0.182922 0.470578 0.000010 0.259636 0.077009
0.000010 0.099570 0.000010 0.000010 0.557594 0.000010 0.000010 0.342776 0.000010
0.000010 0.000010 0.721067 0.016912 0.000010 0.000010 0.261961 0.000010 0.000010
0.000010 0.000010 0.000010 0.000010 0.000010 0.000010 0.672322 0.000010 0.327608
0.191354 0.205700 0.000010 0.509950 0.000010 0.000010 0.000010 0.092947 0.000010
0.000010 0.000010 0.000010 0.000010 0.000010 0.705022 0.000010 0.294908 0.000010
0.000010 0.000010 0.000010 0.000010 0.177768 0.646523 0.000010 0.175649 0.000010
0.506844 0.163016 0.000010 0.215516 0.114574 0.000010 0.000010 0.000010 0.000010
0.000010 0.000010 0.000010 0.000010 0.000010 0.261712 0.000010 0.738218 0.000010
0.000010 0.000010 0.000010 0.000010 0.999920 0.000010 0.000010 0.000010 0.000010
0.611514 0.262671 0.000010 0.007271 0.000010 0.118493 0.000010 0.000010 0.000010
0.999920 0.000010 0.000010 0.000010 0.000010 0.000010 0.000010 0.000010 0.000010
0.000010 0.000010 0.000010 0.000010 0.999920 0.000010 0.000010 0.000010 0.000010
0.000010 0.000010 0.000010 0.000010 0.000010 0.000010 0.000010 0.999920 0.000010
0.000010 0.999920 0.000010 0.000010 0.000010 0.000010 0.000010 0.000010 0.000010
0.000010 0.000010 0.000010 0.000010 0.000010 0.000010 0.999920 0.000010 0.000010
0.000010 0.122630 0.000010 0.142771 0.109350 0.625199 0.000010 0.000010 0.000010
0.000010 0.999920 0.000010 0.000010 0.000010 0.000010 0.000010 0.000010 0.000010
0.000010 0.000010 0.000010 0.000010 0.033690 0.000010 0.000010 0.000010 0.966240
0.106733 0.323307 0.000010 0.248108 0.219900 0.000010 0.000010 0.101912 0.000010
0.000010 0.469594 0.000010 0.000010 0.286022 0.000010 0.000010 0.244325 0.000010
0.000010 0.000010 0.000010 0.000010 0.999920 0.000010 0.000010 0.000010 0.000010
0.000010 0.000010 0.722815 0.000010 0.000010 0.000010 0.000010 0.000010 0.277115
0.000010 0.546647 0.000010 0.453283 0.000010 0.000010 0.000010 0.000010 0.000010
0.295566 0.000010 0.000010 0.000010 0.000010 0.000010 0.000010 0.700232 0.004141
0.000010 0.207302 0.000010 0.460401 0.000010 0.332238 0.000010 0.000010 0.000010
0.000010 0.000010 0.000010 0.000010 0.000010 0.799801 0.000010 0.200129 0.000010
0.239389 0.000010 0.000010 0.636462 0.122574 0.000010 0.001524 0.000010 0.000010
0.000010 0.000010 0.779849 0.000010 0.000010 0.000010 0.000010 0.000010 0.220081
0.000010 0.000010 0.000010 0.000010 0.000010 0.000010 0.681655 0.000010 0.318275
0.000010 0.000010 0.000010 0.000010 0.000010 0.000010 0.999920 0.000010 0.000010
0.000010 0.000010 0.395272 0.000010 0.000010 0.000010 0.393835 0.000010 0.210833
0.668962 0.000010 0.000010 0.000010 0.000010 0.330968 0.000010 0.000010 0.000010
0.000010 0.000010 0.391555 0.000010 0.000010 0.000010 0.000010 0.000010 0.608375
0.000010 0.000010 0.000010 0.000010 0.000010 0.000010 0.797903 0.013148 0.188889
0.246492 0.735210 0.000010 0.004067 0.000010 0.000010 0.000010 0.000010 0.014182
0.000010 0.000010 0.000010 0.352395 0.263817 0.383728 0.000010 0.000010 0.000010
0.326328 0.000010 0.019218 0.654395 0.000010 0.000010 0.000010 0.000010 0.000010
0.000010 0.000010 0.012727 0.000010 0.410118 0.577095 0.000010 0.000010 0.000010
0.160282 0.407276 0.000010 0.191347 0.052486 0.188570 0.000010 0.000010 0.000010
0.107549 0.267224 0.000010 0.066898 0.384836 0.000010 0.000010 0.173453 0.000010
0.000010 0.210647 0.000010 0.000010 0.000010 0.397365 0.000010 0.391928 0.000010
0.000010 0.199966 0.000010 0.000010 0.642094 0.029316 0.000010 0.128574 0.000010
0.120698 0.385018 0.000010 0.000010 0.162108 0.249843 0.000010 0.082293 0.000010
0.544425 0.396542 0.000010 0.058973 0.000010 0.000010 0.000010 0.000010 0.000010
0.000010 0.000010 0.000010 0.000010 0.000010 0.241640 0.000010 0.746188 0.012112
0.000010 0.014842 0.000010 0.162558 0.425048 0.397502 0.000010 0.000010 0.000010
0.367859 0.215896 0.000010 0.119745 0.169595 0.126865 0.000010 0.000010 0.000010
0.129945 0.000010 0.000010 0.000010 0.264973 0.303402 0.000010 0.301630 0.000010
0.000010 0.000010 0.000010 0.000010 0.000010 0.000010 0.035551 0.964379 0.000010
0.000010 0.000010 0.000010 0.000010 0.999920 0.000010 0.000010 0.000010 0.000010
0.000010 0.000010 0.000010 0.000010 0.205172 0.792750 0.000010 0.000010 0.002018
0.000010 0.000010 0.000010 0.304744 0.000010 0.695186 0.000010 0.000010 0.000010
0.000010 0.376817 0.000010 0.255951 0.000010 0.000010 0.000010 0.367173 0.000010
0.000010 0.000010 0.000010 0.559854 0.095938 0.000010 0.234560 0.109598 0.000010
0.205404 0.125694 0.000010 0.264517 0.222049 0.009787 0.000010 0.172520 0.000010
0.089691 0.000010 0.000010 0.447716 0.462532 0.000010 0.000010 0.000010 0.000010
0.000010 0.000010 0.000010 0.145841 0.471752 0.250097 0.000010 0.132261 0.000010
0.192388 0.000010 0.000010 0.807542 0.000010 0.000010 0.000010 0.000010 0.000010
0.000010 0.000010 0.000010 0.000010 0.000010 0.999920 0.000010 0.000010 0.000010
0.000010 0.000010 0.004096 0.116316 0.000010 0.614288 0.000010 0.265249 0.000010
0.999920 0.000010 0.000010 0.000010 0.000010 0.000010 0.000010 0.000010 0.000010
0.101412 0.000010 0.000010 0.000010 0.000010 0.541760 0.000010 0.356768 0.000010
0.178967 0.000010 0.000010 0.452662 0.135679 0.232642 0.000010 0.000010 0.000010
0.182765 0.000010 0.000010 0.637891 0.000010 0.000010 0.000010 0.179284 0.000010
0.000010 0.000010 0.000010 0.000010 0.000010 0.000010 0.000010 0.999920 0.000010
0.376971 0.000010 0.000010 0.000010 0.000010 0.379989 0.000010 0.242980 0.000010
0.114021 0.476649 0.000010 0.000010 0.000010 0.138348 0.000010 0.270932 0.000010
0.000010 0.209550 0.000010 0.000010 0.000010 0.790380 0.000010 0.000010 0.000010
0.256785 0.000010 0.000010 0.293371 0.117525 0.332269 0.000010 0.000010 0.000010
0.052058 0.000010 0.000010 0.000010 0.000010 0.947872 0.000010 0.000010 0.000010
0.258946 0.114740 0.000010 0.000010 0.000010 0.626253 0.000010 0.000010 0.000010
0.000010 0.000010 0.504169 0.000010 0.000010 0.000010 0.000010 0.000010 0.495761
0.000010 0.999920 0.000010 0.000010 0.000010 0.000010 0.000010 0.000010 0.000010
0.220378 0.000010 0.000010 0.193584 0.084420 0.000010 0.000010 0.501567 0.000010
0.401239 0.000010 0.000010 0.243920 0.256044 0.000010 0.000010 0.098747 0.000010
0.186578 0.431381 0.000010 0.000010 0.247571 0.134420 0.000010 0.000010 0.000010
0.000010 0.000010 0.000010 0.000010 0.000010 0.717316 0.000010 0.282614 0.000010
0.439349 0.184724 0.000010 0.000010 0.090743 0.077980 0.000010 0.178844 0.028330
0.000010 0.244965 0.000010 0.000010 0.000010 0.623481 0.000010 0.131494 0.000010
0.999920 0.000010 0.000010 0.000010 0.000010 0.000010 0.000010 0.000010 0.000010
0.203247 0.542885 0.000010 0.213870 0.015612 0.000010 0.024346 0.000010 0.000010
0.000010 0.000010 0.000010 0.004178 0.272141 0.437853 0.000010 0.285778 0.000010
0.008642 0.000010 0.000010 0.000010 0.000010 0.000010 0.000010 0.991288 0.000010
0.219647 0.180794 0.000010 0.206651 0.278026 0.000010 0.000010 0.114842 0.000010
0.000010 0.000010 0.000010 0.000010 0.000010 0.000010 0.445448 0.000010 0.554482
0.000010 0.000010 0.999920 0.000010 0.000010 0.000010 0.000010 0.000010 0.000010
0.000010 0.000010 0.000010 0.323238 0.155167 0.324255 0.000010 0.197289 0.000010
0.252032 0.000010 0.000010 0.747898 0.000010 0.000010 0.000010 0.000010 0.000010
0.000010 0.000010 0.153010 0.000010 0.000010 0.000010 0.846920 0.000010 0.000010
0.000010 0.000010 0.000010 0.331852 0.000010 0.264690 0.000010 0.402453 0.000955
0.000010 0.000010 0.000010 0.000010 0.999920 0.000010 0.000010 0.000010 0.000010
0.210859 0.000010 0.000010 0.000010 0.000010 0.136691 0.000010 0.652390 0.000010
0.332785 0.215621 0.000010 0.000010 0.197838 0.138758 0.000010 0.114958 0.000010
0.000010 0.113522 0.004457 0.000010 0.000010 0.425175 0.000010 0.456796 0.000010
0.058031 0.154597 0.000010 0.000010 0.000010 0.519288 0.000010 0.268033 0.000010
0.000010 0.574467 0.000010 0.166900 0.093944 0.164638 0.000010 0.000010 0.000010
0.000010 0.000010 0.000010 0.419756 0.029077 0.475592 0.000010 0.075525 0.000010
0.000010 0.206782 0.000010 0.045562 0.060323 0.301691 0.000010 0.385602 0.000010
0.000010 0.282570 0.000010 0.073633 0.000010 0.643737 0.000010 0.000010 0.000010
0.136916 0.085834 0.000010 0.010585 0.086228 0.680397 0.000010 0.000010 0.000010
0.000010 0.000010 0.000010 0.000010 0.000010 0.000010 0.000010 0.999920 0.000010
0.087546 0.000010 0.000010 0.208877 0.000010 0.703517 0.000010 0.000010 0.000010
0.267794 0.303155 0.000010 0.186088 0.000010 0.000010 0.000010 0.242913 0.000010
0.200492 0.000010 0.000010 0.000010 0.000010 0.508027 0.000010 0.291421 0.000010
0.000010 0.000010 0.000010 0.017959 0.000010 0.674864 0.000010 0.231129 0.075998
0.000010 0.485141 0.000010 0.000010 0.250127 0.000010 0.000010 0.264672 0.000010
0.231006 0.138361 0.000010 0.033947 0.145008 0.451638 0.000010 0.000010 0.000010
0.374109 0.000010 0.000010 0.625821 0.000010 0.000010 0.000010 0.000010 0.000010
0.000010 0.000010 0.000010 0.000010 0.000010 0.000010 0.052696 0.947234 0.000010
0.068329 0.000010 0.000010 0.423760 0.000010 0.277837 0.000010 0.225395 0.004639
0.000010 0.000010 0.000010 0.149159 0.127240 0.471014 0.000010 0.252538 0.000010
0.128028 0.073302 0.000010 0.298055 0.000010 0.186998 0.000010 0.313577 0.000010
0.000010 0.987952 0.000010 0.000010 0.000010 0.000010 0.011978 0.000010 0.000010
0.000010 0.302565 0.000010 0.623237 0.000010 0.000010 0.000010 0.074139 0.000010
0.000010 0.959550 0.040380 0.000010 0.000010 0.000010 0.000010 0.000010 0.000010
0.000010 0.013850 0.000010 0.000010 0.000010 0.356124 0.000010 0.629966 0.000010
0.334685 0.026340 0.000010 0.371822 0.000010 0.055552 0.000010 0.211561 0.000010
0.295090 0.000010 0.000010 0.000010 0.160566 0.218668 0.000010 0.325626 0.000010
0.999920 0.000010 0.000010 0.000010 0.000010 0.000010 0.000010 0.000010 0.000010
0.000010 0.999920 0.000010 0.000010 0.000010 0.000010 0.000010 0.000010 0.000010
0.000010 0.000010 0.000010 0.000010 0.441415 0.237718 0.000010 0.320806 0.000010
0.000010 0.000010 0.000010 0.000010 0.000010 0.731509 0.000010 0.268421 0.000010
0.000010 0.000010 0.000010 0.000010 0.629279 0.370651 0.000010 0.000010 0.000010
0.192941 0.115896 0.000010 0.221688 0.179794 0.000010 0.009682 0.279969 0.000010
0.000010 0.000010 0.000010 0.000010 0.000010 0.422306 0.000010 0.577624 0.000010
0.000010 0.000010 0.000010 0.591515 0.408415 0.000010 0.000010 0.000010 0.000010
0.000010 0.145589 0.000010 0.190300 0.065521 0.195188 0.000010 0.403361 0.000010
0.437119 0.000010 0.000010 0.000010 0.000010 0.562811 0.000010 0.000010 0.000010
0.340721 0.000010 0.000010 0.000010 0.119603 0.102573 0.000010 0.437053 0.000010
0.000010 0.000010 0.451041 0.000010 0.000010 0.185642 0.000010 0.363258 0.000010
0.000010 0.379401 0.000010 0.129995 0.000010 0.384086 0.000010 0.106469 0.000010
0.209997 0.140146 0.000010 0.308540 0.000010 0.341268 0.000010 0.000010 0.000010
0.154844 0.117658 0.127143 0.027401 0.000010 0.208527 0.055586 0.308821 0.000010
0.000010 0.000010 0.017989 0.000010 0.000010 0.773636 0.000010 0.208315 0.000010
0.000010 0.201174 0.000010 0.000010 0.098691 0.700075 0.000010 0.000010 0.000010
0.000010 0.000010 0.000010 0.734810 0.000010 0.000010 0.000010 0.265120 0.000010
0.000010 0.000010 0.095369 0.000010 0.000010 0.000010 0.000010 0.832803 0.071769
0.000010 0.121322 0.000010 0.366362 0.000010 0.360830 0.000010 0.151436 0.000010
0.000010 0.999920 0.000010 0.000010 0.000010 0.000010 0.000010 0.000010 0.000010
0.000010 0.581635 0.000010 0.000010 0.418295 0.000010 0.000010 0.000010 0.000010
0.000010 0.000010 0.000010 0.778430 0.221500 0.000010 0.000010 0.000010 0.000010
0.000010 0.742072 0.000010 0.257858 0.000010 0.000010 0.000010 0.000010 0.000010
0.999920 0.000010 0.000010 0.000010 0.000010 0.000010 0.000010 0.000010 0.000010
0.000010 0.000010 0.000010 0.000010 0.999920 0.000010 0.000010 0.000010 0.000010
0.000010 0.000010 0.000010 0.000010 0.000010 0.000010 0.756953 0.000010 0.242977
0.064252 0.674786 0.000010 0.068025 0.000010 0.192887 0.000010 0.000010 0.000010
0.090010 0.104274 0.000010 0.286697 0.046601 0.000010 0.000010 0.472378 0.000010
0.000010 0.000010 0.000010 0.000010 0.999920 0.000010 0.000010 0.000010 0.000010
0.000010 0.240304 0.000010 0.000010 0.016764 0.599699 0.000010 0.143183 0.000010
0.532003 0.000010 0.000010 0.000010 0.000010 0.467927 0.000010 0.000010 0.000010
0.000010 0.000010 0.999920 0.000010 0.000010 0.000010 0.000010 0.000010 0.000010
0.000010 0.000010 0.999920 0.000010 0.000010 0.000010 0.000010 0.000010 0.000010
0.000010 0.804958 0.000010 0.000010 0.000010 0.194972 0.000010 0.000010 0.000010
0.000010 0.000010 0.000010 0.449739 0.550191 0.000010 0.000010 0.000010 0.000010
0.309701 0.000010 0.008377 0.252651 0.047861 0.000013 0.000010 0.381367 0.000010
0.000010 0.000010 0.000010 0.268934 0.730996 0.000010 0.000010 0.000010 0.000010
0.263182 0.000010 0.000010 0.000010 0.000010 0.520698 0.000010 0.216061 0.000010
0.000010 0.000010 0.000010 0.000010 0.000010 0.000010 0.000010 0.000010 0.999920
0.167972 0.302965 0.000010 0.529003 0.000010 0.000010 0.000010 0.000010 0.000010
0.000010 0.233197 0.000010 0.000010 0.193293 0.573450 0.000010 0.000010 0.000010
0.498199 0.000010 0.000010 0.201262 0.300471 0.000018 0.000010 0.000010 0.000010
0.000010 0.195658 0.000010 0.110705 0.405325 0.288262 0.000010 0.000010 0.000010
0.000010 0.000010 0.000010 0.000010 0.000010 0.599282 0.000010 0.400648 0.000010
0.000010 0.000010 0.816160 0.000010 0.000010 0.000010 0.183770 0.000010 0.000010
0.000010 0.353022 0.000010 0.239771 0.000010 0.407147 0.000010 0.000010 0.000010
0.000010 0.294897 0.000010 0.000010 0.705033 0.000010 0.000010 0.000010 0.000010
0.000010 0.000010 0.000010 0.000010 0.000010 0.000010 0.999920 0.000010 0.000010
0.000010 0.000010 0.000010 0.000010 0.000010 0.000010 0.271669 0.000010 0.728261
0.000010 0.000010 0.000010 0.552385 0.000010 0.000010 0.000010 0.447545 0.000010
0.000010 0.000010 0.000010 0.284373 0.000010 0.299075 0.000010 0.416492 0.000010
0.406476 0.000010 0.000010 0.335377 0.081773 0.000010 0.000010 0.176325 0.000010
0.000010 0.000010 0.689460 0.000010 0.000010 0.000010 0.310470 0.000010 0.000010
0.732950 0.000010 0.000010 0.266980 0.000010 0.000010 0.000010 0.000010 0.000010
0.388137 0.281197 0.000010 0.076737 0.253878 0.000010 0.000010 0.000010 0.000010
0.000010 0.000010 0.000010 0.284074 0.000010 0.715856 0.000010 0.000010 0.000010
0.000010 0.000010 0.000010 0.310716 0.000010 0.345627 0.000010 0.343597 0.000010
0.000010 0.000010 0.000010 0.000010 0.000010 0.000010 0.999920 0.000010 0.000010
0.153432 0.000010 0.000010 0.349850 0.000010 0.000010 0.000010 0.496657 0.000010
0.242256 0.000010 0.000010 0.183440 0.000010 0.266444 0.000010 0.307810 0.000010
0.218528 0.781402 0.000010 0.000010 0.000010 0.000010 0.000010 0.000010 0.000010
0.000010 0.000010 0.000010 0.000010 0.999920 0.000010 0.000010 0.000010 0.000010
0.000010 0.000010 0.000010 0.000010 0.959433 0.000010 0.000010 0.000010 0.040497
0.000010 0.471473 0.000010 0.293584 0.000010 0.217655 0.000010 0.000010 0.017238
0.334704 0.000010 0.000010 0.000010 0.175841 0.360076 0.000010 0.129329 0.000010
0.000010 0.000010 0.000010 0.000010 0.348552 0.079179 0.000010 0.572210 0.000010
0.502672 0.000010 0.000010 0.000010 0.000010 0.170566 0.000010 0.326702 0.000010
0.000010 0.000010 0.000010 0.175495 0.293343 0.000010 0.000010 0.531102 0.000010
0.405499 0.000010 0.029650 0.000010 0.564791 0.000010 0.000010 0.000010 0.000010
0.000010 0.474258 0.000010 0.000010 0.198130 0.000010 0.000010 0.327552 0.000010
0.194411 0.000010 0.000010 0.263356 0.495513 0.019053 0.000010 0.027628 0.000010
0.000010 0.000010 0.000010 0.000010 0.999920 0.000010 0.000010 0.000010 0.000010
0.000010 0.999920 0.000010 0.000010 0.000010 0.000010 0.000010 0.000010 0.000010
0.000010 0.000010 0.000010 0.000010 0.000010 0.513533 0.000010 0.486397 0.000010
0.000010 0.000010 0.000010 0.000010 0.337706 0.000010 0.000010 0.662224 0.000010
0.000010 0.000010 0.000010 0.527213 0.000010 0.472717 0.000010 0.000010 0.000010
0.000010 0.000010 0.000010 0.000010 0.999920 0.000010 0.000010 0.000010 0.000010
0.000010 0.248469 0.000010 0.279944 0.072107 0.000010 0.000010 0.399431 0.000010
0.432601 0.359525 0.000010 0.000010 0.000010 0.000010 0.000010 0.207814 0.000010
0.000010 0.073688 0.000010 0.333664 0.000010 0.489954 0.000010 0.102644 0.000010
0.000010 0.045878 0.000010 0.415824 0.240784 0.145372 0.000010 0.152101 0.000010
0.000010 0.000010 0.000010 0.000010 0.000010 0.000010 0.589109 0.000010 0.410821
0.000010 0.332031 0.000010 0.216397 0.000010 0.451512 0.000010 0.000010 0.000010
0.000010 0.000010 0.000010 0.629970 0.000010 0.369960 0.000010 0.000010 0.000010
0.000010 0.000010 0.000010 0.597623 0.001809 0.400508 0.000010 0.000010 0.000010
0.000010 0.000010 0.000010 0.999920 0.000010 0.000010 0.000010 0.000010 0.000010
0.770257 0.000010 0.000010 0.229673 0.000010 0.000010 0.000010 0.000010 0.000010
0.182106 0.226861 0.000010 0.147835 0.235595 0.207563 0.000010 0.000010 0.000010
0.000010 0.381035 0.000010 0.215192 0.000010 0.403713 0.000010 0.000010 0.000010
0.000010 0.205045 0.000010 0.004538 0.319355 0.471013 0.000010 0.000010 0.000010
0.000010 0.000010 0.000010 0.200856 0.163312 0.514154 0.000010 0.121628 0.000010
0.256877 0.019799 0.000010 0.068805 0.114117 0.369880 0.000010 0.170492 0.000010
0.000010 0.000010 0.000010 0.999920 0.000010 0.000010 0.000010 0.000010 0.000010
0.000010 0.000010 0.000010 0.000010 0.000010 0.999920 0.000010 0.000010 0.000010
0.000010 0.262246 0.000010 0.000010 0.310175 0.000010 0.013970 0.413559 0.000010
0.000010 0.247264 0.000010 0.249184 0.127899 0.190636 0.000010 0.184977 0.000010
0.000010 0.000010 0.000010 0.000010 0.300202 0.699728 0.000010 0.000010 0.000010
0.227437 0.000010 0.000010 0.171808 0.158701 0.161417 0.000010 0.280597 0.000010
0.000010 0.000010 0.000010 0.249897 0.279755 0.343409 0.000010 0.126888 0.000010
0.465020 0.407912 0.000010 0.000010 0.000010 0.043964 0.000010 0.083054 0.000010
0.207693 0.000010 0.000010 0.189561 0.232410 0.178429 0.000010 0.191868 0.000010
0.088609 0.703045 0.000010 0.000010 0.000010 0.208287 0.000010 0.000010 0.000010
0.641739 0.000010 0.000010 0.358191 0.000010 0.000010 0.000010 0.000010 0.000010
0.000010 0.713751 0.000010 0.000010 0.286179 0.000010 0.000010 0.000010 0.000010
0.000010 0.000010 0.000010 0.000010 0.687188 0.000010 0.000010 0.312742 0.000010
0.000010 0.031678 0.000010 0.379416 0.261288 0.000408 0.000010 0.327171 0.000010
0.000010 0.000010 0.000010 0.000010 0.000010 0.000010 0.283684 0.000010 0.716246
0.100788 0.243072 0.000010 0.132388 0.243727 0.181515 0.000010 0.098481 0.000010
0.200324 0.235154 0.000010 0.000010 0.185640 0.000010 0.000010 0.378832 0.000010
0.000010 0.000010 0.000010 0.000010 0.018942 0.696080 0.000010 0.284918 0.000010
0.000010 0.000010 0.000010 0.999920 0.000010 0.000010 0.000010 0.000010 0.000010
0.000010 0.121816 0.000010 0.000010 0.236900 0.282856 0.000010 0.358378 0.000010
0.047882 0.000010 0.000010 0.000010 0.000010 0.736138 0.000010 0.215920 0.000010
0.176546 0.000010 0.000010 0.000010 0.000010 0.000010 0.000010 0.823384 0.000010
0.204220 0.000010 0.000010 0.434005 0.000010 0.000010 0.012923 0.348803 0.000010
0.000010 0.412632 0.018731 0.291221 0.000010 0.000010 0.000010 0.277367 0.000010
0.000010 0.000010 0.000010 0.181394 0.000010 0.645619 0.000010 0.172927 0.000010
0.000010 0.144838 0.000010 0.663881 0.191220 0.000010 0.000010 0.000010 0.000010
0.000010 0.000010 0.000010 0.166153 0.072689 0.402752 0.000010 0.358356 0.000010
0.000010 0.999920 0.000010 0.000010 0.000010 0.000010 0.000010 0.000010 0.000010
0.579361 0.420569 0.000010 0.000010 0.000010 0.000010 0.000010 0.000010 0.000010
0.220736 0.161747 0.000010 0.000010 0.000010 0.617456 0.000010 0.000010 0.000010
0.000010 0.000010 0.059751 0.172847 0.000010 0.767342 0.000010 0.000010 0.000010
0.000010 0.000010 0.000010 0.350034 0.000010 0.649896 0.000010 0.000010 0.000010
0.000010 0.000010 0.000010 0.406282 0.062980 0.000010 0.000010 0.530678 0.000010
0.195180 0.000010 0.000010 0.000010 0.804750 0.000010 0.000010 0.000010 0.000010
0.000010 0.386702 0.000010 0.061996 0.000010 0.349372 0.000010 0.201880 0.000010
0.793576 0.000010 0.000010 0.000010 0.206354 0.000010 0.000010 0.000010 0.000010
0.000011 0.000010 0.000010 0.367753 0.527335 0.104850 0.000010 0.000010 0.000010
0.103466 0.151132 0.000010 0.000010 0.095454 0.383539 0.000010 0.266369 0.000010
0.000010 0.000010 0.000010 0.000010 0.000010 0.000010 0.000010 0.000010 0.999920
0.000010 0.555931 0.000010 0.224754 0.219255 0.000010 0.000010 0.000010 0.000010
0.160235 0.000010 0.000010 0.369237 0.300580 0.000010 0.000010 0.169898 0.000010
0.000010 0.999920 0.000010 0.000010 0.000010 0.000010 0.000010 0.000010 0.000010
0.000010 0.000010 0.778841 0.000010 0.000010 0.000010 0.144992 0.000010 0.076107
0.067762 0.000010 0.000010 0.392270 0.072224 0.000010 0.000056 0.467648 0.000010
0.000010 0.408669 0.000010 0.000010 0.000010 0.132342 0.000010 0.458929 0.000010
0.124553 0.000010 0.000010 0.875377 0.000010 0.000010 0.000010 0.000010 0.000010
0.052104 0.000010 0.000010 0.284530 0.000010 0.663307 0.000010 0.000010 0.000010
0.000010 0.112903 0.000010 0.000010 0.572751 0.000010 0.000010 0.314286 0.000010
0.651476 0.000010 0.000010 0.348454 0.000010 0.000010 0.000010 0.000010 0.000010
0.564468 0.154830 0.000010 0.000010 0.280641 0.000010 0.000010 0.000010 0.000010
0.000010 0.000010 0.021394 0.374569 0.000010 0.388990 0.000010 0.211725 0.003283
0.300663 0.000010 0.000010 0.000010 0.088821 0.412810 0.000010 0.197656 0.000010
0.000010 0.000010 0.000010 0.665817 0.000010 0.334113 0.000010 0.000010 0.000010
0.000010 0.306895 0.000010 0.207099 0.000010 0.000010 0.000010 0.485946 0.000010
0.000010 0.482676 0.000010 0.000010 0.256985 0.002168 0.000010 0.258121 0.000010
0.000010 0.000010 0.000010 0.412256 0.000010 0.587674 0.000010 0.000010 0.000010
0.315893 0.000010 0.000010 0.000010 0.276731 0.256287 0.000010 0.151038 0.000010
0.000010 0.000010 0.017390 0.000010 0.161665 0.452888 0.000010 0.368006 0.000010
0.253828 0.000010 0.000010 0.000010 0.023692 0.232814 0.000010 0.489615 0.000010
0.439515 0.166475 0.000010 0.000010 0.068825 0.000010 0.000010 0.325135 0.000010
0.000010 0.000010 0.000010 0.000010 0.136033 0.863897 0.000010 0.000010 0.000010
0.152487 0.234983 0.000010 0.236970 0.000010 0.000010 0.000010 0.375510 0.000010
0.249915 0.000010 0.000010 0.113343 0.296597 0.226702 0.000010 0.113403 0.000010
0.000010 0.000010 0.000010 0.089883 0.000010 0.000010 0.000010 0.910047 0.000010
0.000010 0.000010 0.000010 0.547510 0.000010 0.452420 0.000010 0.000010 0.000010
0.000010 0.732716 0.000010 0.000010 0.267214 0.000010 0.000010 0.000010 0.000010
0.000010 0.140475 0.000010 0.535705 0.000010 0.132449 0.000010 0.191321 0.000010
0.000010 0.000010 0.000010 0.999920 0.000010 0.000010 0.000010 0.000010 0.000010
0.000010 0.000010 0.000010 0.999920 0.000010 0.000010 0.000010 0.000010 0.000010
0.000010 0.000010 0.000010 0.327685 0.324702 0.347553 0.000010 0.000010 0.000010
0.000010 0.652410 0.000010 0.000010 0.000010 0.000010 0.000010 0.347520 0.000010
