0.000010 0.999880 0.000010 0.000010 0.000010 0.000010 0.000010 0.000010 0.000010 0.000010 0.000010 0.000010 0.000010
0.000010 0.000010 0.000010 0.000010 0.623767 0.000010 0.000010 0.000010 0.000010 0.000010 0.005345 0.297958 0.072840
0.487799 0.000010 0.000010 0.000010 0.000010 0.000010 0.000010 0.000010 0.512091 0.000010 0.000010 0.000010 0.000010
0.000010 0.000010 0.000010 0.999880 0.000010 0.000010 0.000010 0.000010 0.000010 0.000010 0.000010 0.000010 0.000010
0.000010 0.000010 0.038294 0.000010 0.000010 0.000010 0.000010 0.166950 0.794656 0.000010 0.000010 0.000010 0.000010
0.000010 0.000010 0.000010 0.000010 0.740434 0.000010 0.000010 0.000010 0.000010 0.000010 0.000010 0.259456 0.000010
0.064549 0.000010 0.000010 0.062222 0.284279 0.000010 0.031255 0.000010 0.460157 0.000010 0.000010 0.097467 0.000010
0.000010 0.206345 0.102460 0.192601 0.000010 0.000010 0.000010 0.000010 0.388211 0.000010 0.000010 0.110302 0.000010
0.000010 0.000010 0.000010 0.301623 0.431677 0.000010 0.000010 0.000010 0.000010 0.000010 0.000010 0.000093 0.266517
0.000010 0.000010 0.000010 0.169894 0.000010 0.209428 0.000010 0.000010 0.000010 0.549517 0.000010 0.000010 0.071071
0.000010 0.000010 0.000010 0.000010 0.000010 0.000010 0.328788 0.000010 0.000010 0.254194 0.416918 0.000010 0.000010
0.000010 0.000010 0.000010 0.000010 0.000010 0.021142 0.000010 0.000010 0.000010 0.000010 0.000010 0.000010 0.978748
0.000010 0.538393 0.000010 0.000010 0.000010 0.000010 0.000010 0.089473 0.000010 0.000010 0.000010 0.372034 0.000010
0.000010 0.000010 0.000010 0.165649 0.000010 0.000010 0.000010 0.834241 0.000010 0.000010 0.000010 0.000010 0.000010
0.424908 0.000010 0.000010 0.000010 0.000010 0.000010 0.000010 0.000010 0.297406 0.000010 0.000010 0.277587 0.000010
0.000010 0.000010 0.000010 0.000010 0.000010 0.000010 0.000010 0.000010 0.999880 0.000010 0.000010 0.000010 0.000010
0.000010 0.000010 0.000010 0.000010 0.000010 0.343855 0.656035 0.000010 0.000010 0.000010 0.000010 0.000010 0.000010
0.000010 0.000010 0.000010 0.000010 0.000010 0.000010 0.000010 0.000010 0.000010 0.999880 0.000010 0.000010 0.000010
0.399870 0.000010 0.000010 0.000010 0.000010 0.000010 0.000010 0.000010 0.000010 0.000010 0.000010 0.000010 0.600020
0.000010 0.000010 0.000010 0.000010 0.000010 0.999880 0.000010 0.000010 0.000010 0.000010 0.000010 0.000010 0.000010
0.000010 0.000010 0.000010 0.000010 0.000010 0.000010 0.000010 0.000010 0.000010 0.490837 0.000010 0.509053 0.000010
0.000010 0.000010 0.000010 0.256059 0.743831 0.000010 0.000010 0.000010 0.000010 0.000010 0.000010 0.000010 0.000010
0.000010 0.000010 0.000010 0.000010 0.000010 0.000010 0.000010 0.000010 0.000010 0.000010 0.999880 0.000010 0.000010
0.000010 0.000010 0.000010 0.000010 0.000010 0.000010 0.999880 0.000010 0.000010 0.000010 0.000010 0.000010 0.000010
0.000010 0.000010 0.000010 0.000010 0.000010 0.153460 0.000010 0.000010 0.000010 0.000010 0.846430 0.000010 0.000010
0.042464 0.000010 0.296924 0.000010 0.000010 0.000010 0.000010 0.000010 0.660512 0.000010 0.000010 0.000010 0.000010
0.163232 0.321090 0.000010 0.000010 0.461970 0.000010 0.000010 0.000010 0.000010 0.000010 0.000010 0.053618 0.000010
0.413846 0.000010 0.000010 0.000010 0.000010 0.015525 0.000010 0.000010 0.000010 0.000010 0.000010 0.345272 0.225267
0.080019 0.001019 0.000010 0.337657 0.307930 0.000010 0.000010 0.025070 0.000010 0.000010 0.000010 0.094500 0.153746
0.000010 0.000010 0.000010 0.000010 0.000010 0.000010 0.477035 0.000010 0.000010 0.522855 0.000010 0.000010 0.000010
0.000010 0.000010 0.000010 0.000010 0.000010 0.000010 0.355922 0.000010 0.000010 0.179344 0.464634 0.000010 0.000010
0.408598 0.000010 0.000010 0.000010 0.000010 0.025095 0.000010 0.000010 0.000010 0.000010 0.000010 0.000010 0.566207
0.000010 0.000010 0.000010 0.000010 0.000010 0.000010 0.000010 0.000010 0.000010 0.000010 0.999880 0.000010 0.000010
0.000010 0.000010 0.859907 0.000010 0.000010 0.000010 0.139983 0.000010 0.000010 0.000010 0.000010 0.000010 0.000010
0.008708 0.000010 0.622099 0.000010 0.000010 0.000010 0.000010 0.000010 0.356698 0.000010 0.012405 0.000010 0.000010
0.000010 0.000010 0.000010 0.000010 0.497788 0.000010 0.000010 0.000010 0.000010 0.000010 0.000010 0.000010 0.502102
0.000010 0.000010 0.000010 0.000010 0.000010 0.000010 0.534223 0.000010 0.000010 0.000010 0.465667 0.000010 0.000010
0.000010 0.000010 0.000010 0.000010 0.000010 0.000010 0.414034 0.000010 0.000010 0.438946 0.146920 0.000010 0.000010
0.000010 0.000010 0.000010 0.165511 0.000010 0.000010 0.000010 0.000010 0.267475 0.000010 0.000010 0.213274 0.353650
0.000010 0.000010 0.000010 0.284407 0.166597 0.000010 0.000010 0.548897 0.000010 0.000010 0.000010 0.000010 0.000010
0.000010 0.764295 0.000010 0.000010 0.000010 0.000010 0.000010 0.000010 0.089938 0.000010 0.000010 0.000010 0.145668
0.000010 0.000010 0.000010 0.509921 0.000010 0.000010 0.000010 0.075127 0.122813 0.000010 0.000010 0.153424 0.138634
0.000010 0.000010 0.000010 0.000010 0.000010 0.467202 0.000010 0.000010 0.000010 0.446604 0.000010 0.000010 0.086094
0.000010 0.000010 0.247568 0.686332 0.000010 0.000010 0.000010 0.066001 0.000010 0.000010 0.000010 0.000010 0.000010
0.000010 0.000010 0.000010 0.000010 0.000010 0.140090 0.302690 0.000010 0.000010 0.200193 0.356937 0.000010 0.000010
0.238723 0.000010 0.200568 0.157757 0.265334 0.000010 0.009336 0.000010 0.000010 0.000010 0.036083 0.058327 0.033823
0.000010 0.000010 0.000010 0.000010 0.000010 0.000010 0.000010 0.000010 0.987829 0.012061 0.000010 0.000010 0.000010
0.000010 0.000010 0.000010 0.000010 0.000010 0.000010 0.999880 0.000010 0.000010 0.000010 0.000010 0.000010 0.000010
0.000010 0.000010 0.000010 0.000010 0.000010 0.000010 0.999880 0.000010 0.000010 0.000010 0.000010 0.000010 0.000010
0.000010 0.000010 0.000010 0.000010 0.999880 0.000010 0.000010 0.000010 0.000010 0.000010 0.000010 0.000010 0.000010
0.255583 0.000010 0.000010 0.000010 0.000010 0.000010 0.000010 0.000010 0.744307 0.000010 0.000010 0.000010 0.000010
0.190685 0.103185 0.000028 0.000010 0.241674 0.000010 0.000010 0.014772 0.000010 0.000010 0.000010 0.000010 0.449586
0.000010 0.000010 0.000010 0.000010 0.000010 0.000010 0.913580 0.000010 0.000010 0.000010 0.000010 0.000010 0.086310
0.448621 0.123022 0.000010 0.234302 0.000010 0.000010 0.000010 0.000010 0.000010 0.000010 0.000010 0.129925 0.064050
0.089405 0.105191 0.000010 0.207895 0.152735 0.000010 0.000010 0.305012 0.000010 0.000010 0.000010 0.139692 0.000010
0.000010 0.100137 0.000010 0.000010 0.000010 0.000010 0.000010 0.000010 0.000010 0.899753 0.000010 0.000010 0.000010
0.000010 0.475140 0.273224 0.251535 0.000010 0.000010 0.000010 0.000010 0.000010 0.000010 0.000010 0.000010 0.000010
0.393454 0.267213 0.000010 0.000010 0.000010 0.000010 0.000010 0.000010 0.302340 0.000010 0.000010 0.036903 0.000010
0.000010 0.000010 0.000010 0.000010 0.000010 0.000010 0.000010 0.320282 0.679608 0.000010 0.000010 0.000010 0.000010
0.000010 0.000010 0.000010 0.000010 0.182580 0.000010 0.000010 0.268055 0.421470 0.000010 0.000010 0.127805 0.000010
0.000010 0.000010 0.028420 0.142161 0.114116 0.000010 0.000010 0.715212 0.000010 0.000010 0.000010 0.000010 0.000010
0.000010 0.496047 0.071795 0.000010 0.213625 0.000010 0.000010 0.000010 0.000010 0.000010 0.000010 0.000010 0.218442
0.000010 0.045228 0.000010 0.000010 0.006996 0.000010 0.000010 0.505323 0.000010 0.000010 0.000010 0.000010 0.442363
0.000010 0.000010 0.000010 0.377638 0.407188 0.000010 0.000010 0.215074 0.000010 0.000010 0.000011 0.000010 0.000010
0.000010 0.000010 0.307770 0.000010 0.216356 0.000010 0.000010 0.000010 0.000010 0.000010 0.000010 0.000010 0.475774
0.000010 0.000010 0.000010 0.000011 0.000010 0.000010 0.999879 0.000010 0.000010 0.000010 0.000010 0.000010 0.000010
0.269616 0.000010 0.046676 0.214092 0.097660 0.000010 0.000010 0.000010 0.090769 0.000010 0.000010 0.000010 0.281117
0.176840 0.000010 0.121258 0.000010 0.260387 0.000010 0.000010 0.000010 0.319445 0.006323 0.000010 0.000010 0.115677
0.000010 0.999880 0.000010 0.000010 0.000010 0.000010 0.000010 0.000010 0.000010 0.000010 0.000010 0.000010 0.000010
0.999880 0.000010 0.000010 0.000010 0.000010 0.000010 0.000010 0.000010 0.000010 0.000010 0.000010 0.000010 0.000010
0.246253 0.000010 0.341137 0.000010 0.128880 0.000010 0.000010 0.000010 0.000010 0.000010 0.000010 0.283640 0.000010
0.075943 0.233087 0.126099 0.000010 0.000010 0.000010 0.000010 0.000010 0.000010 0.000010 0.000010 0.257954 0.306836
0.000010 0.847672 0.000010 0.000010 0.000010 0.000010 0.000010 0.000010 0.152218 0.000010 0.000010 0.000010 0.000010
0.176664 0.000010 0.000010 0.000010 0.000010 0.000010 0.000010 0.285163 0.538073 0.000010 0.000010 0.000010 0.000010
0.000010 0.153710 0.204916 0.000011 0.000010 0.000010 0.000010 0.000010 0.316880 0.000010 0.000010 0.000010 0.324404
0.330296 0.000010 0.000010 0.662952 0.000010 0.000010 0.000010 0.000010 0.000010 0.000010 0.000010 0.000010 0.006653
0.000010 0.000010 0.000010 0.000010 0.000010 0.000010 0.000010 0.000010 0.000010 0.000010 0.999880 0.000010 0.000010
0.000010 0.000010 0.000010 0.000010 0.000010 0.999880 0.000010 0.000010 0.000010 0.000010 0.000010 0.000010 0.000010
0.000010 0.000010 0.000010 0.000010 0.000010 0.000010 0.151626 0.000010 0.000010 0.537614 0.310659 0.000010 0.000010
0.000010 0.000010 0.892634 0.000010 0.000010 0.000010 0.000010 0.000010 0.000010 0.107256 0.000010 0.000010 0.000010
0.000607 0.000010 0.123877 0.222360 0.218966 0.000010 0.000010 0.000010 0.420304 0.001293 0.012534 0.000010 0.000010
0.000010 0.000010 0.000010 0.000010 0.000010 0.000010 0.999880 0.000010 0.000010 0.000010 0.000010 0.000010 0.000010
0.000010 0.000010 0.000010 0.000010 0.000010 0.367798 0.000010 0.000010 0.000010 0.632092 0.000010 0.000010 0.000010
0.000010 0.000010 0.000010 0.197518 0.186294 0.000010 0.000010 0.216972 0.035420 0.000010 0.000010 0.282578 0.081147
0.000010 0.000010 0.000010 0.000010 0.000010 0.535760 0.000010 0.000010 0.000010 0.249390 0.214749 0.000010 0.000010
0.000010 0.014948 0.000010 0.026171 0.000010 0.000010 0.781201 0.000010 0.000010 0.000012 0.177588 0.000010 0.000010
0.000010 0.096539 0.234680 0.130997 0.000010 0.000010 0.000010 0.000010 0.418073 0.000010 0.000010 0.000010 0.119630
0.000010 0.000010 0.000010 0.000010 0.000010 0.999880 0.000010 0.000010 0.000010 0.000010 0.000010 0.000010 0.000010
0.000010 0.000010 0.999880 0.000010 0.000010 0.000010 0.000010 0.000010 0.000010 0.000010 0.000010 0.000010 0.000010
0.037920 0.000010 0.000010 0.656217 0.000010 0.000010 0.000010 0.060726 0.113767 0.000010 0.000010 0.000010 0.131290
0.000010 0.000010 0.000010 0.000010 0.000010 0.999880 0.000010 0.000010 0.000010 0.000010 0.000010 0.000010 0.000010
0.000010 0.182552 0.052517 0.475763 0.035296 0.054008 0.000010 0.000010 0.000010 0.199794 0.000010 0.000010 0.000010
0.578926 0.337213 0.083761 0.000010 0.000010 0.000010 0.000010 0.000010 0.000010 0.000010 0.000010 0.000010 0.000010
0.000010 0.000010 0.000010 0.000010 0.000010 0.000010 0.999880 0.000010 0.000010 0.000010 0.000010 0.000010 0.000010
0.000010 0.000010 0.131262 0.258726 0.000010 0.000010 0.000010 0.173154 0.380793 0.000010 0.000010 0.000010 0.055985
0.000010 0.575509 0.095287 0.000010 0.299178 0.000010 0.000010 0.000010 0.000010 0.000010 0.029936 0.000010 0.000010
0.000010 0.000010 0.000010 0.000010 0.000010 0.520535 0.479355 0.000010 0.000010 0.000010 0.000010 0.000010 0.000010
0.000010 0.295145 0.000010 0.678044 0.000010 0.000010 0.024172 0.000010 0.000010 0.002549 0.000010 0.000010 0.000010
0.000010 0.000010 0.492928 0.000010 0.000010 0.000010 0.000010 0.000010 0.000010 0.000010 0.000010 0.000010 0.506962
0.315213 0.000010 0.000010 0.000010 0.000010 0.000010 0.000010 0.197295 0.411303 0.000010 0.000010 0.076099 0.000010
0.601912 0.000010 0.000010 0.161768 0.000010 0.000010 0.000010 0.000010 0.115058 0.000010 0.000010 0.000010 0.121172
0.000010 0.768458 0.000010 0.000010 0.000010 0.000010 0.000010 0.000010 0.000010 0.000010 0.000010 0.000010 0.231432
0.156053 0.197071 0.095539 0.000010 0.280768 0.000010 0.000010 0.000010 0.000010 0.000010 0.000010 0.000010 0.270489
0.000010 0.000010 0.000010 0.374577 0.625313 0.000010 0.000010 0.000010 0.000010 0.000010 0.000010 0.000010 0.000010
0.000010 0.999880 0.000010 0.000010 0.000010 0.000010 0.000010 0.000010 0.000010 0.000010 0.000010 0.000010 0.000010
0.000010 0.000010 0.357187 0.117676 0.000010 0.000010 0.000010 0.178957 0.200576 0.000010 0.000010 0.145524 0.000010
0.232270 0.187412 0.043051 0.349699 0.187489 0.000010 0.000010 0.000010 0.000010 0.000010 0.000010 0.000010 0.000010
0.000010 0.000010 0.000010 0.000010 0.000010 0.000010 0.927601 0.000010 0.000010 0.000010 0.072289 0.000010 0.000010
0.000010 0.000010 0.000010 0.522831 0.097842 0.000010 0.000010 0.182556 0.000010 0.000010 0.000010 0.196681 0.000010
0.000010 0.450222 0.000010 0.232533 0.000010 0.000010 0.000010 0.000010 0.000010 0.000010 0.000010 0.000010 0.317145
0.051890 0.000010 0.000010 0.000010 0.259397 0.000010 0.000010 0.242421 0.378224 0.000010 0.000010 0.067987 0.000010
0.000010 0.024991 0.000010 0.000010 0.000010 0.000010 0.000010 0.000010 0.000010 0.000010 0.974899 0.000010 0.000010
0.000010 0.000010 0.000010 0.000010 0.000010 0.999880 0.000010 0.000010 0.000010 0.000010 0.000010 0.000010 0.000010
0.000010 0.805916 0.000010 0.000010 0.193974 0.000010 0.000010 0.000010 0.000010 0.000010 0.000010 0.000010 0.000010
0.239524 0.000010 0.079273 0.000010 0.000010 0.000010 0.000010 0.384900 0.113869 0.000010 0.000010 0.182354 0.000010
0.000010 0.000010 0.112313 0.000010 0.000010 0.000010 0.000010 0.000010 0.000010 0.000010 0.887577 0.000010 0.000010
0.369708 0.431099 0.000010 0.199093 0.000010 0.000010 0.000010 0.000010 0.000010 0.000010 0.000010 0.000010 0.000010
0.000010 0.000010 0.000010 0.000010 0.000010 0.000010 0.302406 0.000010 0.000010 0.000010 0.697484 0.000010 0.000010
0.000010 0.000010 0.000010 0.000010 0.000010 0.491866 0.192865 0.000010 0.000010 0.000010 0.315169 0.000010 0.000010
0.000010 0.000010 0.000010 0.000010 0.000010 0.000010 0.000010 0.491203 0.091684 0.000010 0.000010 0.206659 0.210364
0.999880 0.000010 0.000010 0.000010 0.000010 0.000010 0.000010 0.000010 0.000010 0.000010 0.000010 0.000010 0.000010
0.000010 0.000010 0.740593 0.000010 0.000010 0.000010 0.000010 0.000010 0.259297 0.000010 0.000010 0.000010 0.000010
0.000010 0.000010 0.504618 0.000010 0.000010 0.495272 0.000010 0.000010 0.000010 0.000010 0.000010 0.000010 0.000010
0.671062 0.000010 0.000010 0.000010 0.000010 0.000010 0.000010 0.000010 0.000010 0.000010 0.000010 0.000010 0.328828
0.000010 0.000010 0.459288 0.000010 0.000010 0.000010 0.000010 0.000010 0.323637 0.000010 0.000010 0.000010 0.216975
0.000010 0.114166 0.000010 0.274322 0.000010 0.000010 0.000010 0.000010 0.319388 0.000010 0.000010 0.077450 0.214595
0.000010 0.000010 0.000010 0.000010 0.000010 0.000010 0.000010 0.007960 0.531291 0.000010 0.000010 0.149029 0.311630
0.000010 0.330663 0.000010 0.000010 0.000010 0.000010 0.000010 0.000010 0.000010 0.000010 0.000010 0.000010 0.669227
0.000010 0.000010 0.000010 0.000010 0.000010 0.000010 0.000010 0.211707 0.788183 0.000010 0.000010 0.000010 0.000010
0.000010 0.000010 0.103930 0.064749 0.000010 0.000010 0.000010 0.000010 0.549286 0.016711 0.000010 0.190728 0.074525
0.000010 0.000010 0.000010 0.000010 0.000010 0.000010 0.000010 0.000010 0.022791 0.000010 0.977099 0.000010 0.000010
0.347210 0.214174 0.000010 0.040894 0.088303 0.000010 0.000010 0.000010 0.155181 0.000010 0.000010 0.000010 0.154169
0.126731 0.307851 0.000010 0.325621 0.000010 0.000010 0.000010 0.000010 0.000010 0.000010 0.000010 0.000010 0.239707
0.408065 0.000010 0.134181 0.457644 0.000010 0.000010 0.000010 0.000010 0.000019 0.000010 0.000010 0.000010 0.000010
0.117453 0.348347 0.000010 0.344247 0.009866 0.000010 0.000010 0.000010 0.000010 0.000010 0.000010 0.086799 0.093218
0.068377 0.000010 0.000010 0.000010 0.501885 0.000010 0.000010 0.000010 0.000010 0.000010 0.000010 0.301674 0.127974
0.223044 0.280439 0.085860 0.000010 0.409790 0.000010 0.000010 0.000010 0.000010 0.000010 0.000010 0.000787 0.000010
0.000010 0.000010 0.000010 0.000010 0.000010 0.999880 0.000010 0.000010 0.000010 0.000010 0.000010 0.000010 0.000010
0.000010 0.000010 0.000010 0.016052 0.000010 0.000010 0.433656 0.000010 0.000010 0.550192 0.000010 0.000010 0.000010
0.000010 0.000010 0.000010 0.000010 0.000010 0.140964 0.497765 0.000010 0.000010 0.263769 0.097411 0.000010 0.000010
0.000010 0.000010 0.000010 0.000010 0.000010 0.000010 0.894979 0.000010 0.000010 0.000010 0.000010 0.000010 0.104911
0.000010 0.000010 0.000010 0.000010 0.000010 0.363716 0.000010 0.000010 0.034968 0.520389 0.080837 0.000010 0.000010
0.222705 0.121732 0.000010 0.228984 0.166118 0.000010 0.000010 0.000010 0.000010 0.000010 0.000010 0.000010 0.260381
0.000010 0.000010 0.000010 0.000010 0.000010 0.000010 0.000010 0.000010 0.000010 0.196786 0.803104 0.000010 0.000010
0.000010 0.000010 0.000010 0.000010 0.000010 0.507057 0.310484 0.000010 0.000010 0.182360 0.000010 0.000010 0.000010
0.000010 0.000010 0.000010 0.000010 0.000010 0.000010 0.000010 0.000010 0.000010 0.000010 0.999880 0.000010 0.000010
0.000010 0.000010 0.000010 0.000010 0.000010 0.000010 0.999880 0.000010 0.000010 0.000010 0.000010 0.000010 0.000010
0.000010 0.000010 0.000010 0.000010 0.000010 0.149469 0.552993 0.000010 0.000010 0.297438 0.000010 0.000010 0.000010
0.000010 0.000010 0.000010 0.000010 0.000010 0.000010 0.999880 0.000010 0.000010 0.000010 0.000010 0.000010 0.000010
0.000010 0.000010 0.000010 0.000010 0.000010 0.122481 0.000010 0.000010 0.000010 0.715201 0.162217 0.000010 0.000010
0.000010 0.999880 0.000010 0.000010 0.000010 0.000010 0.000010 0.000010 0.000010 0.000010 0.000010 0.000010 0.000010
0.000010 0.000010 0.999880 0.000010 0.000010 0.000010 0.000010 0.000010 0.000010 0.000010 0.000010 0.000010 0.000010
0.000010 0.000010 0.000010 0.000010 0.000010 0.000010 0.000010 0.000010 0.999880 0.000010 0.000010 0.000010 0.000010
0.000010 0.000010 0.138736 0.039444 0.000010 0.000010 0.006505 0.000010 0.296256 0.000010 0.000010 0.149112 0.369877
0.999880 0.000010 0.000010 0.000010 0.000010 0.000010 0.000010 0.000010 0.000010 0.000010 0.000010 0.000010 0.000010
0.087152 0.336119 0.000010 0.179751 0.296808 0.000010 0.000010 0.000010 0.000010 0.000010 0.000010 0.000010 0.100089
0.000010 0.000010 0.018925 0.000010 0.358576 0.000010 0.000010 0.000010 0.000010 0.000010 0.000010 0.259557 0.362852
0.184261 0.000010 0.093230 0.335979 0.000010 0.000010 0.000010 0.000010 0.000010 0.000010 0.000010 0.386440 0.000010
0.185117 0.000010 0.148512 0.281789 0.175026 0.000010 0.000010 0.117885 0.000010 0.000010 0.000010 0.000010 0.091601
0.158431 0.288337 0.000010 0.000010 0.000010 0.000010 0.000010 0.145541 0.000010 0.000010 0.000010 0.407600 0.000010
0.000010 0.000010 0.000010 0.000010 0.000010 0.000010 0.000010 0.000010 0.000010 0.000010 0.000010 0.000010 0.999880
0.000010 0.000010 0.000010 0.000010 0.000010 0.999880 0.000010 0.000010 0.000010 0.000010 0.000010 0.000010 0.000010
0.130583 0.000010 0.000010 0.308909 0.322688 0.000010 0.000010 0.000010 0.000010 0.000010 0.000010 0.237729 0.000010
0.000010 0.394859 0.000010 0.056118 0.000010 0.017949 0.000010 0.000010 0.217328 0.000010 0.000010 0.000010 0.313666
0.000010 0.000010 0.000010 0.669198 0.330692 0.000010 0.000010 0.000010 0.000010 0.000010 0.000010 0.000010 0.000010
0.000010 0.000010 0.000010 0.000010 0.000010 0.772198 0.000010 0.000010 0.000010 0.227692 0.000010 0.000010 0.000010
0.000010 0.000010 0.000010 0.000010 0.000010 0.000010 0.917820 0.000010 0.000010 0.000010 0.082070 0.000010 0.000010
0.000010 0.000010 0.000010 0.000010 0.000010 0.000010 0.000010 0.000010 0.000010 0.999880 0.000010 0.000010 0.000010
0.000010 0.000010 0.000010 0.332173 0.000010 0.000010 0.000010 0.000010 0.480143 0.000010 0.000010 0.000010 0.187583
0.000010 0.000010 0.000010 0.000010 0.000010 0.000010 0.000010 0.999880 0.000010 0.000010 0.000010 0.000010 0.000010
0.000010 0.072620 0.160898 0.155304 0.236374 0.000010 0.000010 0.000010 0.374724 0.000010 0.000010 0.000010 0.000010
0.000010 0.000010 0.355463 0.199306 0.000010 0.000010 0.000010 0.323673 0.000010 0.000010 0.000010 0.000010 0.121467
0.000010 0.000010 0.000010 0.000010 0.000010 0.000010 0.000010 0.000010 0.000010 0.000010 0.999880 0.000010 0.000010
0.559900 0.000010 0.000010 0.000010 0.000010 0.000010 0.000010 0.000010 0.179593 0.000010 0.000010 0.260407 0.000010
0.000010 0.000010 0.239533 0.760357 0.000010 0.000010 0.000010 0.000010 0.000010 0.000010 0.000010 0.000010 0.000010
0.000010 0.188455 0.000010 0.280889 0.000010 0.000010 0.000010 0.176894 0.000010 0.000010 0.000010 0.000010 0.353673
0.151944 0.000010 0.000010 0.172456 0.000010 0.000010 0.000010 0.269466 0.161699 0.000010 0.000010 0.091242 0.153122
0.000010 0.000010 0.000010 0.000010 0.000010 0.437548 0.227674 0.000010 0.000010 0.000010 0.334678 0.000010 0.000010
0.000010 0.000010 0.000010 0.000010 0.000010 0.000010 0.999880 0.000010 0.000010 0.000010 0.000010 0.000010 0.000010
0.140956 0.000010 0.000010 0.393494 0.000010 0.005600 0.000010 0.000010 0.000010 0.000010 0.000010 0.216188 0.243682
0.232556 0.026106 0.000010 0.146174 0.347699 0.000010 0.000010 0.000010 0.241614 0.000010 0.000010 0.000010 0.005780
0.000010 0.000010 0.000010 0.000010 0.000010 0.000010 0.999880 0.000010 0.000010 0.000010 0.000010 0.000010 0.000010
0.000010 0.000010 0.000010 0.232607 0.000010 0.000010 0.000010 0.000010 0.377963 0.024687 0.000010 0.364653 0.000010
0.000010 0.245108 0.113702 0.000010 0.000010 0.000010 0.020676 0.620424 0.000010 0.000010 0.000010 0.000010 0.000010
0.406147 0.124740 0.000010 0.000010 0.000010 0.000010 0.003865 0.168913 0.296255 0.000010 0.000010 0.000010 0.000010
0.000010 0.000010 0.000010 0.000010 0.000010 0.000010 0.999880 0.000010 0.000010 0.000010 0.000010 0.000010 0.000010
0.382631 0.000010 0.603425 0.000010 0.000010 0.000010 0.000010 0.000010 0.000010 0.000010 0.000010 0.000010 0.013844
0.331148 0.000010 0.000010 0.000010 0.000010 0.008070 0.000010 0.172269 0.143974 0.000010 0.000010 0.278442 0.066027
0.188930 0.000010 0.085276 0.000010 0.000010 0.000010 0.000010 0.000010 0.468791 0.000010 0.000010 0.000010 0.256913
0.000010 0.484556 0.249175 0.000010 0.000010 0.000010 0.023813 0.016216 0.202791 0.000010 0.000010 0.000010 0.023378
0.000010 0.000010 0.000010 0.000010 0.000010 0.000010 0.000010 0.000010 0.000010 0.371495 0.628395 0.000010 0.000010
0.000010 0.000010 0.000010 0.000010 0.000010 0.000010 0.000010 0.000010 0.000010 0.168678 0.831212 0.000010 0.000010
0.000010 0.000010 0.000010 0.000010 0.000010 0.596024 0.053225 0.000010 0.025105 0.325556 0.000010 0.000010 0.000010
0.000010 0.000010 0.000010 0.432596 0.000010 0.000010 0.004834 0.193185 0.000010 0.000010 0.000010 0.276082 0.093223
0.000010 0.000010 0.000010 0.267077 0.000010 0.000010 0.000010 0.000010 0.267092 0.000010 0.000010 0.000010 0.465731
0.487655 0.000010 0.079146 0.000010 0.000010 0.000010 0.000010 0.265370 0.167738 0.000010 0.000010 0.000010 0.000010
0.999873 0.000010 0.000010 0.000010 0.000010 0.000010 0.000010 0.000010 0.000010 0.000017 0.000010 0.000010 0.000010
0.000010 0.000010 0.000010 0.000010 0.000010 0.000010 0.000010 0.989209 0.000010 0.000010 0.000010 0.010681 0.000010
0.010525 0.854189 0.000010 0.000010 0.000010 0.000010 0.000010 0.000010 0.135187 0.000010 0.000010 0.000010 0.000010
0.010119 0.000010 0.000010 0.182104 0.082812 0.068852 0.000010 0.276188 0.000010 0.379855 0.000010 0.000010 0.000010
0.000010 0.044172 0.295877 0.000010 0.109879 0.006365 0.000010 0.000010 0.149149 0.000010 0.000010 0.000010 0.394487
0.000010 0.007536 0.462214 0.161982 0.192304 0.000010 0.000010 0.000010 0.107972 0.000010 0.000010 0.042795 0.025138
0.000010 0.963311 0.000010 0.000010 0.000010 0.000010 0.000010 0.000010 0.000010 0.000010 0.000010 0.000010 0.036579
0.204389 0.000010 0.035174 0.000010 0.318854 0.000010 0.000010 0.000010 0.236223 0.000010 0.000010 0.205279 0.000010
0.000010 0.122037 0.000010 0.431663 0.000010 0.000010 0.000010 0.000010 0.446200 0.000010 0.000010 0.000010 0.000010
0.806653 0.000010 0.000010 0.193237 0.000010 0.000010 0.000010 0.000010 0.000010 0.000010 0.000010 0.000010 0.000010
0.199784 0.338232 0.000010 0.104164 0.000010 0.000010 0.000010 0.000010 0.077381 0.000010 0.000010 0.146332 0.134037
0.394357 0.000010 0.353223 0.036543 0.215788 0.000010 0.000010 0.000010 0.000010 0.000010 0.000010 0.000010 0.000010
0.000010 0.096716 0.398088 0.000010 0.000010 0.000010 0.000010 0.382825 0.000010 0.000010 0.000010 0.000010 0.122281
0.146556 0.178530 0.000010 0.212296 0.214491 0.000010 0.000010 0.000010 0.210256 0.000010 0.000010 0.037800 0.000010
0.000010 0.000010 0.679713 0.000010 0.000010 0.078115 0.000010 0.000010 0.000010 0.000010 0.000010 0.000010 0.242072
0.000010 0.000010 0.050409 0.540083 0.056476 0.000010 0.000010 0.186379 0.000010 0.000010 0.000010 0.000010 0.166574
0.018452 0.000010 0.000010 0.000010 0.000010 0.000010 0.000010 0.000010 0.000010 0.244074 0.737374 0.000010 0.000010
0.000010 0.000010 0.000010 0.000010 0.000010 0.249394 0.000010 0.000010 0.000010 0.000010 0.750496 0.000010 0.000010
0.000011 0.059832 0.067072 0.278481 0.000010 0.000010 0.000010 0.000010 0.553718 0.000010 0.000010 0.040816 0.000010
0.000010 0.000010 0.000010 0.000010 0.255306 0.000010 0.000010 0.000010 0.000010 0.000010 0.000010 0.264496 0.480099
0.016337 0.392242 0.112661 0.000010 0.000010 0.000010 0.000010 0.120656 0.185001 0.000010 0.000010 0.153972 0.019071
0.541281 0.000010 0.000010 0.312937 0.145681 0.000010 0.000010 0.000010 0.000010 0.000010 0.000010 0.000010 0.000010
0.000010 0.000010 0.000010 0.000010 0.000010 0.000010 0.000010 0.000010 0.000010 0.000010 0.000010 0.952152 0.047738
0.000010 0.000010 0.000010 0.000010 0.823238 0.000010 0.000010 0.000010 0.000010 0.000010 0.000010 0.000010 0.176652
0.227412 0.085700 0.079711 0.270811 0.000010 0.000010 0.000010 0.159895 0.000010 0.000010 0.000010 0.095313 0.081098
0.000010 0.299331 0.000010 0.000010 0.000010 0.000010 0.000010 0.000010 0.413123 0.000010 0.000010 0.000010 0.287446
0.000010 0.654448 0.000010 0.000010 0.000010 0.000010 0.000010 0.345442 0.000010 0.000010 0.000010 0.000010 0.000010
0.000010 0.000010 0.000010 0.000010 0.571472 0.000010 0.000010 0.000010 0.000010 0.000010 0.000010 0.428418 0.000010
0.472304 0.402868 0.034996 0.000010 0.000010 0.000010 0.000010 0.000010 0.000010 0.000010 0.000010 0.089742 0.000010
0.000010 0.000010 0.000010 0.000010 0.000010 0.000010 0.000010 0.000010 0.000010 0.000010 0.999880 0.000010 0.000010
0.000010 0.324110 0.191808 0.000010 0.143130 0.000010 0.000010 0.340862 0.000010 0.000010 0.000010 0.000010 0.000010
0.000010 0.000010 0.005017 0.756217 0.157952 0.000010 0.000010 0.000010 0.000010 0.000010 0.000010 0.080724 0.000010
0.000010 0.000010 0.015697 0.000010 0.000010 0.000010 0.000010 0.000010 0.000010 0.594961 0.389242 0.000010 0.000010
0.000010 0.000010 0.000010 0.426915 0.403645 0.000010 0.000010 0.000010 0.000010 0.000010 0.000010 0.000010 0.169340
0.000010 0.447309 0.000010 0.000010 0.000010 0.000010 0.000010 0.208528 0.190681 0.000010 0.000010 0.153391 0.000010
0.000010 0.000010 0.357599 0.642291 0.000010 0.000010 0.000010 0.000010 0.000010 0.000010 0.000010 0.000010 0.000010
0.000010 0.000010 0.000010 0.000010 0.000010 0.198670 0.000010 0.000010 0.000010 0.528694 0.272536 0.000010 0.000010
0.000010 0.000010 0.000010 0.000010 0.999880 0.000010 0.000010 0.000010 0.000010 0.000010 0.000010 0.000010 0.000010
0.000010 0.000010 0.000010 0.497824 0.000010 0.000010 0.000010 0.000010 0.000010 0.004452 0.000010 0.315124 0.182511
0.140468 0.614325 0.000010 0.000010 0.204282 0.000010 0.000010 0.000010 0.040835 0.000010 0.000010 0.000010 0.000010
0.000010 0.000010 0.000010 0.000010 0.287112 0.000010 0.000010 0.000010 0.000010 0.000010 0.000010 0.075436 0.637352
0.000010 0.000010 0.000010 0.000010 0.593156 0.000010 0.000010 0.307311 0.000010 0.000010 0.000010 0.000010 0.099433
0.000010 0.000010 0.000010 0.000010 0.000010 0.554155 0.000010 0.000010 0.000010 0.445735 0.000010 0.000010 0.000010
0.000010 0.000010 0.000010 0.000010 0.000010 0.452114 0.000010 0.000010 0.000010 0.000010 0.547776 0.000010 0.000010
0.000010 0.000010 0.000010 0.000010 0.000010 0.000010 0.000010 0.000010 0.000010 0.000010 0.999880 0.000010 0.000010
0.000010 0.000010 0.000010 0.000010 0.000010 0.277861 0.071321 0.000010 0.000010 0.000010 0.650718 0.000010 0.000010
0.183183 0.193662 0.095745 0.367058 0.000010 0.000010 0.000010 0.000010 0.000010 0.000010 0.000010 0.000010 0.160272
0.000010 0.000010 0.000010 0.000010 0.000010 0.654461 0.126242 0.000010 0.000010 0.219197 0.000010 0.000010 0.000010
0.000010 0.000010 0.000010 0.000010 0.000010 0.253301 0.000010 0.013570 0.000010 0.034702 0.698337 0.000010 0.000010
0.000010 0.000010 0.000010 0.000010 0.000010 0.000010 0.000010 0.902209 0.000010 0.000010 0.000010 0.000010 0.097681
0.000010 0.000010 0.000010 0.283062 0.556980 0.000010 0.000010 0.000010 0.000010 0.000010 0.000010 0.000010 0.159858
0.222920 0.000010 0.000010 0.000010 0.428406 0.000010 0.000010 0.000010 0.000010 0.000010 0.015905 0.000010 0.332679
0.054648 0.000010 0.000010 0.000010 0.000010 0.000010 0.000010 0.000010 0.533793 0.010725 0.000010 0.271704 0.129049
0.162376 0.156870 0.000010 0.000010 0.004742 0.000010 0.000010 0.154118 0.325298 0.000010 0.000010 0.196527 0.000010
0.368116 0.229758 0.000010 0.203630 0.198406 0.000010 0.000010 0.000010 0.000010 0.000010 0.000010 0.000010 0.000010
0.292969 0.602405 0.000010 0.075022 0.029514 0.000010 0.000010 0.000010 0.000010 0.000010 0.000010 0.000010 0.000010
0.000010 0.000010 0.136664 0.000010 0.210698 0.000010 0.000010 0.521065 0.000010 0.000010 0.000010 0.122548 0.008945
0.000010 0.000010 0.000010 0.159414 0.184056 0.000010 0.000010 0.418378 0.172262 0.000010 0.000010 0.000010 0.065811
0.237067 0.215010 0.000010 0.123615 0.000010 0.000010 0.000010 0.335020 0.000010 0.000010 0.000010 0.089209 0.000010
0.000010 0.000010 0.000010 0.598714 0.125385 0.000010 0.011049 0.000010 0.000010 0.000010 0.000010 0.000010 0.264762
0.000010 0.264649 0.078064 0.000010 0.000010 0.000010 0.000010 0.296085 0.000010 0.000010 0.000010 0.274138 0.086984
0.000010 0.000010 0.000010 0.524772 0.000010 0.000010 0.000010 0.475118 0.000010 0.000010 0.000010 0.000010 0.000010
0.000010 0.000010 0.000010 0.000010 0.000010 0.000010 0.000010 0.999880 0.000010 0.000010 0.000010 0.000010 0.000010
0.298188 0.000010 0.674408 0.000010 0.000010 0.000010 0.000010 0.000010 0.000010 0.000010 0.027304 0.000010 0.000010
0.000010 0.319238 0.277614 0.000010 0.396130 0.000010 0.000010 0.000010 0.000010 0.000010 0.006927 0.000010 0.000010
0.000010 0.000010 0.248028 0.000010 0.000010 0.000010 0.000010 0.751862 0.000010 0.000010 0.000010 0.000010 0.000010
0.000010 0.000010 0.000010 0.000010 0.814058 0.000010 0.000010 0.185832 0.000010 0.000010 0.000010 0.000010 0.000010
0.313057 0.000010 0.208233 0.000010 0.000010 0.000010 0.000010 0.000010 0.000010 0.000010 0.000010 0.478609 0.000010
0.000010 0.000010 0.803295 0.000010 0.000010 0.000010 0.000010 0.000010 0.000010 0.000010 0.196595 0.000010 0.000010
0.000010 0.024356 0.081681 0.162079 0.000010 0.000010 0.000010 0.000010 0.373660 0.000010 0.000010 0.198421 0.159733
0.042557 0.263771 0.207283 0.115368 0.000010 0.000010 0.000010 0.000010 0.370941 0.000010 0.000010 0.000010 0.000010
0.090905 0.000010 0.125703 0.054245 0.023404 0.000010 0.000010 0.000010 0.474557 0.000010 0.000010 0.000010 0.231117
0.348382 0.000010 0.000010 0.241418 0.000010 0.000010 0.000010 0.000010 0.350685 0.000010 0.000010 0.059426 0.000010
0.000010 0.267678 0.000010 0.370830 0.000010 0.000010 0.000010 0.000011 0.000010 0.000010 0.000010 0.000010 0.361390
0.374794 0.000010 0.000010 0.059989 0.000010 0.000010 0.000010 0.000010 0.181413 0.000010 0.000010 0.337967 0.045756
0.553882 0.000010 0.000010 0.267225 0.054749 0.000010 0.000010 0.124054 0.000010 0.000010 0.000010 0.000010 0.000010
0.000010 0.383849 0.065724 0.000010 0.000010 0.000010 0.000010 0.133396 0.000010 0.000010 0.000010 0.416940 0.000010
0.091888 0.000010 0.000010 0.146305 0.096757 0.000010 0.000010 0.086872 0.251323 0.000010 0.000010 0.000010 0.326786
0.000010 0.188048 0.314637 0.000010 0.000010 0.000010 0.000010 0.029225 0.131927 0.000010 0.000010 0.000010 0.336083
0.000010 0.241091 0.000010 0.000010 0.000010 0.000010 0.000010 0.000010 0.000010 0.000010 0.000010 0.758799 0.000010
0.000010 0.171493 0.000010 0.322443 0.000010 0.000010 0.000010 0.000010 0.332177 0.000010 0.000010 0.173796 0.000010
0.201992 0.140125 0.000010 0.448022 0.000010 0.000010 0.000010 0.000010 0.000010 0.000010 0.000010 0.209771 0.000010
0.241214 0.127032 0.000010 0.293834 0.250380 0.000010 0.000010 0.000010 0.000010 0.000010 0.000010 0.000010 0.087460
0.108455 0.000010 0.140580 0.000010 0.000010 0.000010 0.000010 0.000010 0.750866 0.000010 0.000010 0.000010 0.000010
0.000010 0.000010 0.000010 0.000010 0.405548 0.000010 0.000010 0.298680 0.295672 0.000010 0.000010 0.000010 0.000010
0.163364 0.000010 0.092834 0.130730 0.000010 0.000010 0.000010 0.542547 0.070445 0.000010 0.000010 0.000010 0.000010
0.000010 0.000010 0.000010 0.000010 0.000010 0.578557 0.333486 0.000010 0.000010 0.000010 0.087857 0.000010 0.000010
0.000010 0.000010 0.000010 0.999880 0.000010 0.000010 0.000010 0.000010 0.000010 0.000010 0.000010 0.000010 0.000010
0.286226 0.000010 0.247728 0.000010 0.133022 0.000010 0.000010 0.000010 0.000010 0.000010 0.000010 0.168805 0.164139
0.280197 0.219748 0.000010 0.000010 0.000010 0.000010 0.000010 0.000010 0.145152 0.000010 0.000010 0.354813 0.000010
0.129688 0.167253 0.185231 0.338856 0.178892 0.000010 0.000010 0.000010 0.000010 0.000010 0.000010 0.000010 0.000010
0.627268 0.000010 0.000010 0.372622 0.000010 0.000010 0.000010 0.000010 0.000010 0.000010 0.000010 0.000010 0.000010
0.000010 0.167143 0.000010 0.424835 0.000010 0.030049 0.000010 0.109147 0.000010 0.000010 0.000010 0.047110 0.221646
0.000010 0.277394 0.000010 0.000500 0.000010 0.000010 0.000010 0.235058 0.000010 0.000010 0.000010 0.486958 0.000010
0.345205 0.000010 0.000010 0.196785 0.000010 0.000010 0.000010 0.110693 0.000010 0.000010 0.000010 0.148726 0.198511
0.096466 0.881391 0.000010 0.000010 0.000010 0.000010 0.000010 0.000010 0.000010 0.000010 0.022043 0.000010 0.000010
0.071157 0.255267 0.043860 0.000010 0.093708 0.000010 0.000010 0.261918 0.000010 0.000010 0.000010 0.000010 0.274020
0.328529 0.070799 0.000010 0.303095 0.000010 0.000010 0.000010 0.000010 0.000010 0.000010 0.000010 0.000010 0.297487
0.178506 0.175982 0.016693 0.000010 0.133909 0.000010 0.000010 0.095597 0.000010 0.000010 0.000010 0.361240 0.038013
0.000010 0.000010 0.000010 0.000010 0.000010 0.000010 0.999880 0.000010 0.000010 0.000010 0.000010 0.000010 0.000010
0.037207 0.121987 0.247958 0.115814 0.040962 0.008582 0.037028 0.047148 0.018115 0.012518 0.181354 0.107151 0.024175
0.000010 0.000010 0.000010 0.000010 0.141123 0.000010 0.000010 0.219022 0.582975 0.000010 0.000010 0.000010 0.056790
0.000010 0.000010 0.000010 0.000010 0.999880 0.000010 0.000010 0.000010 0.000010 0.000010 0.000010 0.000010 0.000010
0.000010 0.000010 0.000010 0.000010 0.000010 0.000010 0.791454 0.000010 0.000010 0.208436 0.000010 0.000010 0.000010
0.434370 0.015957 0.203580 0.000010 0.265049 0.005048 0.000011 0.000010 0.000010 0.000010 0.000010 0.000010 0.075925
0.000010 0.565124 0.000010 0.196708 0.000010 0.000010 0.000010 0.000010 0.000010 0.000010 0.000010 0.000010 0.238068
0.000010 0.000010 0.000010 0.492488 0.077344 0.000010 0.000010 0.000010 0.000010 0.000010 0.000010 0.430067 0.000010
0.000010 0.474976 0.211058 0.000010 0.000010 0.000010 0.000010 0.000010 0.138625 0.000010 0.000010 0.000010 0.175251
0.000010 0.000010 0.274795 0.581897 0.137339 0.000010 0.005880 0.000010 0.000010 0.000010 0.000010 0.000010 0.000010
0.065349 0.322110 0.000010 0.101131 0.259282 0.000010 0.000010 0.000010 0.111258 0.000010 0.000010 0.140799 0.000010
0.326582 0.568683 0.000010 0.000010 0.104635 0.000010 0.000010 0.000010 0.000010 0.000010 0.000010 0.000010 0.000010
0.000010 0.114228 0.000010 0.342503 0.477117 0.000010 0.000010 0.000010 0.000010 0.000010 0.000010 0.000010 0.066062
0.528652 0.000010 0.000010 0.000010 0.000010 0.000010 0.000010 0.168516 0.000010 0.000010 0.000010 0.000010 0.302732
0.379521 0.000010 0.000010 0.000010 0.000010 0.000010 0.000010 0.000010 0.000010 0.000010 0.000010 0.620369 0.000010
0.208631 0.097105 0.000010 0.122539 0.248254 0.000010 0.000010 0.174958 0.122245 0.000010 0.000010 0.000010 0.026208
0.000010 0.000010 0.999880 0.000010 0.000010 0.000010 0.000010 0.000010 0.000010 0.000010 0.000010 0.000010 0.000010
0.029376 0.411995 0.000010 0.000010 0.000010 0.000010 0.000010 0.558529 0.000010 0.000010 0.000010 0.000010 0.000010
0.506975 0.224958 0.000010 0.055423 0.000010 0.000010 0.000010 0.000010 0.212554 0.000010 0.000010 0.000010 0.000010
0.100912 0.000010 0.000010 0.045207 0.378364 0.000010 0.000010 0.000010 0.000010 0.000010 0.000010 0.266138 0.209300
0.000010 0.203041 0.277864 0.000010 0.000010 0.000010 0.000010 0.000010 0.286787 0.075500 0.000010 0.000010 0.156728
0.000010 0.000010 0.000010 0.058740 0.271688 0.000010 0.000010 0.496798 0.000010 0.000010 0.000010 0.172684 0.000010
0.000010 0.337657 0.000010 0.000010 0.000010 0.000010 0.000010 0.291204 0.000010 0.000010 0.000010 0.000010 0.371039
0.000010 0.000010 0.000010 0.000010 0.627161 0.000010 0.000010 0.000010 0.123351 0.000010 0.000010 0.000010 0.249388
0.000010 0.000010 0.000010 0.000010 0.000010 0.000010 0.000010 0.000010 0.000010 0.000010 0.049384 0.950506 0.000010
0.000021 0.000010 0.000010 0.000010 0.105796 0.000010 0.000010 0.473405 0.079541 0.000010 0.000010 0.341156 0.000010
0.000010 0.235685 0.000010 0.000010 0.000010 0.000010 0.000010 0.659689 0.104526 0.000010 0.000010 0.000010 0.000010
0.000010 0.000010 0.111891 0.199697 0.130763 0.000010 0.000010 0.282357 0.000010 0.000010 0.000010 0.190118 0.085104
0.000010 0.000010 0.000010 0.010632 0.622101 0.000010 0.000010 0.000010 0.229387 0.009426 0.000010 0.000010 0.128374
0.000010 0.000010 0.000010 0.216231 0.393634 0.000010 0.000010 0.000010 0.330407 0.000010 0.000010 0.000010 0.059638
0.170740 0.132686 0.070460 0.193363 0.389239 0.016101 0.022046 0.000010 0.000010 0.005315 0.000010 0.000010 0.000010
0.000010 0.384623 0.615267 0.000010 0.000010 0.000010 0.000010 0.000010 0.000010 0.000010 0.000010 0.000010 0.000010
0.325190 0.000010 0.000010 0.000010 0.000010 0.000010 0.000010 0.123593 0.000010 0.000010 0.000010 0.294442 0.256685
0.000010 0.000010 0.000010 0.691019 0.000010 0.000010 0.000010 0.308871 0.000010 0.000010 0.000010 0.000010 0.000010
0.297718 0.000010 0.000010 0.702172 0.000010 0.000010 0.000010 0.000010 0.000010 0.000010 0.000010 0.000010 0.000010
0.000733 0.205228 0.142100 0.000010 0.000010 0.000010 0.000010 0.000010 0.000010 0.000010 0.000010 0.651850 0.000010
0.000010 0.000010 0.421448 0.060292 0.188531 0.000010 0.000010 0.000010 0.137182 0.000010 0.000010 0.156030 0.036447
0.067157 0.000010 0.000010 0.000010 0.000010 0.000010 0.000010 0.000010 0.660141 0.000010 0.000010 0.224417 0.048194
0.000010 0.000010 0.108806 0.000010 0.189911 0.000010 0.000010 0.000010 0.701182 0.000010 0.000010 0.000010 0.000010
0.000010 0.787233 0.000010 0.000010 0.000010 0.000010 0.000010 0.204650 0.000010 0.000010 0.008017 0.000010 0.000010
0.000010 0.066918 0.067848 0.000010 0.297709 0.000010 0.000010 0.094272 0.000010 0.000010 0.000010 0.306596 0.166587
0.000010 0.000010 0.999880 0.000010 0.000010 0.000010 0.000010 0.000010 0.000010 0.000010 0.000010 0.000010 0.000010
0.448302 0.157365 0.070292 0.000010 0.170238 0.000010 0.000010 0.000010 0.000010 0.000010 0.000010 0.153723 0.000010
0.000010 0.000010 0.165655 0.055726 0.030818 0.000010 0.000010 0.539354 0.208366 0.000010 0.000010 0.000010 0.000010
0.000010 0.000010 0.019145 0.041926 0.384359 0.000010 0.000010 0.000010 0.000010 0.000010 0.000010 0.368571 0.185918
0.000010 0.000010 0.000010 0.000010 0.000010 0.000010 0.331853 0.000010 0.000010 0.117821 0.000010 0.550226 0.000010
