0.000010 0.512960 0.000010 0.000010 0.000010 0.000010 0.000010 0.000010 0.000010 0.000010 0.000010 0.000010 0.000010 0.067690 0.419231
0.008412 0.000010 0.177303 0.000010 0.000010 0.092562 0.000010 0.184323 0.000010 0.000010 0.206881 0.264138 0.000010 0.000010 0.066301
0.000010 0.022003 0.248973 0.000010 0.165076 0.354587 0.000010 0.000010 0.000010 0.000010 0.000010 0.000015 0.000010 0.076989 0.132277
0.000010 0.414398 0.235754 0.000010 0.349728 0.000010 0.000010 0.000010 0.000010 0.000010 0.000010 0.000010 0.000010 0.000010 0.000010
0.000010 0.000010 0.173086 0.000010 0.078631 0.000010 0.000010 0.327430 0.000010 0.000010 0.189656 0.197091 0.000010 0.034017 0.000010
0.000010 0.000010 0.302179 0.000010 0.000010 0.427673 0.000010 0.000010 0.270029 0.000010 0.000010 0.000010 0.000010 0.000010 0.000010
0.000010 0.116085 0.450952 0.035495 0.273262 0.000010 0.000010 0.000010 0.000010 0.000010 0.000010 0.124106 0.000010 0.000010 0.000010
0.000010 0.195786 0.000010 0.000010 0.372674 0.271395 0.000010 0.000010 0.000010 0.000010 0.000010 0.160034 0.000010 0.000010 0.000010
0.000010 0.000010 0.000010 0.000010 0.122648 0.000010 0.000010 0.179044 0.000010 0.000010 0.000010 0.000010 0.000010 0.131432 0.566766
0.000010 0.140849 0.000010 0.727544 0.000010 0.000010 0.074807 0.000010 0.056690 0.000010 0.000010 0.000010 0.000010 0.000010 0.000010
0.000010 0.000010 0.000010 0.000010 0.000010 0.000010 0.385862 0.000010 0.000010 0.329539 0.000010 0.000010 0.284480 0.000010 0.000010
0.000010 0.000010 0.000010 0.000010 0.000010 0.000010 0.000010 0.000010 0.986619 0.000010 0.000010 0.000010 0.013251 0.000010 0.000010
0.000010 0.126980 0.366718 0.000010 0.000010 0.000010 0.000010 0.276696 0.168394 0.000010 0.000010 0.000010 0.000010 0.061112 0.000010
0.000010 0.204370 0.000010 0.000010 0.184569 0.000010 0.000010 0.000010 0.000010 0.000010 0.184883 0.204241 0.000010 0.221838 0.000010
0.000010 0.139174 0.200242 0.000010 0.000010 0.000010 0.000010 0.090191 0.000010 0.000010 0.000010 0.245076 0.000010 0.325217 0.000010
0.000010 0.000010 0.000010 0.000010 0.251569 0.000010 0.000010 0.703254 0.000010 0.000010 0.000010 0.045057 0.000010 0.000010 0.000010
0.690041 0.000010 0.000010 0.262318 0.000010 0.000010 0.047521 0.000010 0.000010 0.000010 0.000010 0.000010 0.000010 0.000010 0.000010
0.000010 0.000010 0.000010 0.102031 0.000010 0.000010 0.000010 0.000010 0.000010 0.000010 0.000010 0.000010 0.897839 0.000010 0.000010
0.000010 0.574222 0.000010 0.000010 0.000010 0.053680 0.000010 0.000010 0.000010 0.000010 0.000010 0.000010 0.000010 0.371978 0.000010
0.221475 0.000010 0.000010 0.000010 0.000010 0.000010 0.000010 0.000010 0.000010 0.778395 0.000010 0.000010 0.000010 0.000010 0.000010
0.000010 0.000010 0.000010 0.546052 0.000010 0.197619 0.000010 0.000010 0.000010 0.000010 0.256209 0.000010 0.000010 0.000010 0.000010
0.000010 0.000010 0.325934 0.000010 0.000010 0.000010 0.000010 0.306256 0.367690 0.000010 0.000010 0.000010 0.000010 0.000010 0.000010
0.363205 0.000010 0.000010 0.000010 0.000010 0.000010 0.000010 0.000010 0.000010 0.000010 0.000010 0.000010 0.636665 0.000010 0.000010
0.000010 0.000010 0.000010 0.000010 0.000010 0.000010 0.000010 0.000010 0.000010 0.000010 0.000010 0.000010 0.999860 0.000010 0.000010
0.000010 0.000010 0.000010 0.000010 0.000010 0.000010 0.000010 0.000010 0.000010 0.999860 0.000010 0.000010 0.000010 0.000010 0.000010
0.000010 0.000010 0.000010 0.000010 0.000010 0.216589 0.000010 0.000010 0.000010 0.000010 0.165969 0.322412 0.000010 0.294920 0.000010
0.000010 0.000010 0.000010 0.000010 0.182632 0.167093 0.000010 0.432533 0.000010 0.000010 0.038579 0.000010 0.000010 0.000010 0.179063
0.015865 0.143803 0.000010 0.000010 0.147857 0.000010 0.000010 0.074747 0.000010 0.000010 0.238480 0.379157 0.000010 0.000011 0.000010
0.000010 0.229336 0.000010 0.000010 0.000010 0.000010 0.000010 0.000010 0.103918 0.000010 0.107822 0.000010 0.000010 0.241523 0.317301
0.000010 0.000010 0.000010 0.584694 0.000010 0.000010 0.269899 0.000010 0.000010 0.145287 0.000010 0.000010 0.000010 0.000010 0.000010
0.177214 0.000010 0.000010 0.000010 0.000010 0.000010 0.000010 0.000010 0.000010 0.000010 0.000010 0.000010 0.822656 0.000010 0.000010
0.025203 0.000010 0.000010 0.000010 0.000010 0.758017 0.000010 0.000010 0.000010 0.000010 0.000010 0.216660 0.000010 0.000010 0.000010
0.000010 0.000010 0.000010 0.000010 0.000010 0.000010 0.000010 0.000010 0.000010 0.654598 0.000010 0.000010 0.345272 0.000010 0.000010
0.000010 0.000010 0.000010 0.000010 0.000010 0.846817 0.000010 0.000010 0.000010 0.000010 0.000010 0.000010 0.153053 0.000010 0.000010
0.000010 0.000010 0.985071 0.000010 0.000010 0.000010 0.000010 0.000010 0.000010 0.014799 0.000010 0.000010 0.000010 0.000010 0.000010
0.000010 0.000010 0.000010 0.000010 0.000010 0.243478 0.000010 0.000010 0.377906 0.000010 0.370581 0.007925 0.000010 0.000010 0.000010
0.293573 0.000010 0.000010 0.000010 0.000010 0.000010 0.000010 0.000010 0.000010 0.000010 0.000010 0.000010 0.706297 0.000010 0.000010
0.000010 0.000010 0.000010 0.000010 0.000010 0.000010 0.629329 0.000010 0.000010 0.000010 0.000010 0.000010 0.370541 0.000010 0.000010
0.000010 0.082973 0.165958 0.000010 0.054437 0.162843 0.000010 0.000010 0.097841 0.000010 0.000010 0.268732 0.000010 0.011787 0.155358
0.000010 0.215507 0.000010 0.000010 0.000010 0.011945 0.000010 0.000010 0.194285 0.000010 0.408583 0.114690 0.000010 0.000010 0.054900
0.000010 0.608457 0.364309 0.000010 0.000010 0.027114 0.000010 0.000010 0.000010 0.000010 0.000010 0.000010 0.000010 0.000010 0.000010
0.000010 0.000010 0.000010 0.000010 0.132828 0.164864 0.000010 0.000010 0.000010 0.000010 0.000010 0.000010 0.000010 0.000010 0.702188
0.074515 0.000010 0.000010 0.622749 0.000010 0.063236 0.000010 0.000010 0.000010 0.239390 0.000010 0.000010 0.000010 0.000010 0.000010
0.000010 0.359414 0.000010 0.000010 0.377612 0.095373 0.000010 0.000010 0.000010 0.000010 0.167491 0.000010 0.000010 0.000010 0.000010
0.000010 0.000010 0.000010 0.000010 0.000010 0.000010 0.000010 0.000010 0.000010 0.214883 0.000010 0.000010 0.784986 0.000010 0.000010
0.048952 0.291664 0.060666 0.000010 0.000010 0.000010 0.000010 0.000010 0.000010 0.000010 0.598607 0.000010 0.000010 0.000010 0.000010
0.000010 0.014654 0.189629 0.011096 0.000010 0.296247 0.000010 0.000010 0.000010 0.000010 0.000010 0.087065 0.000010 0.233567 0.167663
0.212643 0.000010 0.000010 0.429958 0.000010 0.000010 0.000010 0.000010 0.000010 0.000010 0.000010 0.000010 0.357279 0.000010 0.000010
0.307990 0.000010 0.000010 0.000010 0.000010 0.000010 0.000010 0.000010 0.000010 0.000010 0.000010 0.000010 0.691880 0.000010 0.000010
0.000010 0.000010 0.000010 0.000010 0.000010 0.000010 0.000010 0.000010 0.000010 0.000010 0.587219 0.000010 0.000010 0.000010 0.412651
0.000010 0.000010 0.000010 0.000010 0.000010 0.000010 0.000010 0.493212 0.126026 0.000010 0.000010 0.000010 0.000010 0.176091 0.204561
0.000010 0.156648 0.000010 0.000010 0.000010 0.230384 0.000010 0.235906 0.162539 0.000010 0.000010 0.162665 0.000010 0.051768 0.000010
0.081589 0.000010 0.000010 0.000010 0.000010 0.000010 0.831936 0.000010 0.086355 0.000010 0.000010 0.000010 0.000010 0.000010 0.000010
0.000010 0.124512 0.000010 0.000010 0.000010 0.000010 0.000010 0.643766 0.000010 0.000010 0.000010 0.000010 0.000010 0.000010 0.231602
0.000010 0.081239 0.210644 0.000010 0.000010 0.213098 0.000010 0.000010 0.106761 0.000010 0.040144 0.210949 0.000010 0.000010 0.137085
0.000010 0.000010 0.000010 0.999860 0.000010 0.000010 0.000010 0.000010 0.000010 0.000010 0.000010 0.000010 0.000010 0.000010 0.000010
0.000010 0.074585 0.000010 0.000010 0.000010 0.182917 0.000010 0.021432 0.062121 0.000010 0.208074 0.000010 0.000010 0.225899 0.224892
0.000010 0.000010 0.000010 0.000010 0.000010 0.388478 0.000010 0.389403 0.000010 0.000010 0.000010 0.039438 0.000010 0.182570 0.000010
0.000010 0.000010 0.000010 0.000010 0.000010 0.698179 0.000010 0.301691 0.000010 0.000010 0.000010 0.000010 0.000010 0.000010 0.000010
0.000010 0.000010 0.000010 0.000010 0.000010 0.187236 0.000010 0.141723 0.000010 0.000010 0.305705 0.271766 0.000010 0.093470 0.000010
0.000010 0.000010 0.263286 0.000010 0.000010 0.000010 0.000010 0.205718 0.182800 0.000010 0.254606 0.000010 0.000010 0.093490 0.000010
0.000010 0.000010 0.000010 0.000010 0.000010 0.000010 0.000010 0.508301 0.165780 0.000010 0.157561 0.000010 0.000010 0.000010 0.168248
0.000010 0.264131 0.000010 0.000010 0.183299 0.000010 0.000010 0.145567 0.219309 0.000010 0.000010 0.000010 0.000010 0.000010 0.187594
0.000010 0.000010 0.000010 0.000010 0.006969 0.000010 0.000010 0.000010 0.000010 0.000010 0.342930 0.000010 0.008199 0.283656 0.358147
0.000010 0.000010 0.162034 0.000010 0.302171 0.000010 0.000010 0.000010 0.388255 0.000010 0.000010 0.147431 0.000010 0.000010 0.000010
0.000010 0.000010 0.000010 0.000010 0.000010 0.000010 0.000010 0.000010 0.000010 0.999860 0.000010 0.000010 0.000010 0.000010 0.000010
0.000010 0.000010 0.226571 0.000010 0.252321 0.105848 0.000010 0.000010 0.239541 0.000010 0.000010 0.061633 0.000010 0.000010 0.113996
0.000010 0.000010 0.291385 0.008559 0.000010 0.000010 0.000010 0.000010 0.107904 0.000010 0.177674 0.000010 0.000010 0.000010 0.414379
0.000010 0.866355 0.000010 0.000010 0.000010 0.000010 0.000010 0.000010 0.000010 0.000010 0.133515 0.000010 0.000010 0.000010 0.000010
0.000010 0.000010 0.293129 0.000010 0.000010 0.706741 0.000010 0.000010 0.000010 0.000010 0.000010 0.000010 0.000010 0.000010 0.000010
0.000010 0.150223 0.000010 0.000010 0.000010 0.000010 0.000010 0.000010 0.000010 0.000010 0.460283 0.389374 0.000010 0.000010 0.000010
0.000010 0.000010 0.000010 0.000010 0.007946 0.218499 0.000010 0.000010 0.287181 0.000010 0.030134 0.360656 0.000010 0.000010 0.095495
0.000010 0.000010 0.000010 0.000010 0.000010 0.000010 0.000010 0.449346 0.550524 0.000010 0.000010 0.000010 0.000010 0.000010 0.000010
0.000010 0.049825 0.000010 0.000010 0.030362 0.182880 0.000010 0.231523 0.000010 0.000010 0.144476 0.097831 0.000010 0.251189 0.011844
0.000010 0.137658 0.000010 0.000010 0.000010 0.336773 0.000010 0.000010 0.525441 0.000010 0.000018 0.000010 0.000010 0.000010 0.000010
0.000010 0.000010 0.353710 0.000010 0.000010 0.000010 0.000010 0.000010 0.000010 0.000010 0.000010 0.000010 0.000010 0.000010 0.646160
0.000010 0.000010 0.000010 0.000010 0.000010 0.000019 0.000010 0.000010 0.000010 0.401105 0.000010 0.000010 0.598755 0.000010 0.000010
0.000010 0.000010 0.000010 0.000010 0.000010 0.000010 0.000010 0.000010 0.000010 0.999860 0.000010 0.000010 0.000010 0.000010 0.000010
0.000010 0.000010 0.000010 0.000010 0.000010 0.000010 0.999860 0.000010 0.000010 0.000010 0.000010 0.000010 0.000010 0.000010 0.000010
0.000010 0.000010 0.150178 0.000010 0.000010 0.000010 0.000010 0.000010 0.747364 0.000010 0.000010 0.000010 0.102338 0.000010 0.000010
0.016254 0.313537 0.429277 0.000010 0.000010 0.000010 0.000010 0.000010 0.000010 0.000010 0.000010 0.000010 0.000010 0.018381 0.222451
0.000010 0.000010 0.000010 0.000010 0.000010 0.000010 0.000010 0.000010 0.000010 0.000010 0.000010 0.000010 0.999860 0.000010 0.000010
0.000010 0.000010 0.000010 0.000010 0.000010 0.000010 0.751374 0.000010 0.000010 0.248496 0.000010 0.000010 0.000010 0.000010 0.000010
0.000010 0.015711 0.000010 0.000010 0.136581 0.022318 0.000010 0.000010 0.153470 0.000010 0.000010 0.213587 0.000010 0.258791 0.199462
0.131849 0.000010 0.000010 0.000010 0.000010 0.000010 0.868021 0.000010 0.000010 0.000010 0.000010 0.000010 0.000010 0.000010 0.000010
0.066012 0.000010 0.000010 0.059821 0.000010 0.000010 0.252002 0.000010 0.000010 0.102037 0.036005 0.000010 0.484033 0.000010 0.000010
0.000010 0.214277 0.231018 0.000010 0.269031 0.000010 0.000010 0.000010 0.000010 0.000010 0.166778 0.000010 0.000010 0.118796 0.000010
0.136075 0.000010 0.000010 0.107642 0.000010 0.000010 0.342614 0.000010 0.000010 0.000010 0.000010 0.000010 0.413559 0.000010 0.000010
0.000010 0.000010 0.000010 0.000010 0.000010 0.780512 0.000010 0.210795 0.000010 0.000010 0.000010 0.000010 0.008573 0.000010 0.000010
0.000010 0.540765 0.000010 0.000010 0.074275 0.190951 0.000010 0.000010 0.000010 0.000010 0.000010 0.000010 0.000010 0.000010 0.193900
0.999860 0.000010 0.000010 0.000010 0.000010 0.000010 0.000010 0.000010 0.000010 0.000010 0.000010 0.000010 0.000010 0.000010 0.000010
0.000010 0.209732 0.000010 0.280523 0.192984 0.000010 0.000010 0.000010 0.000010 0.000010 0.158846 0.007414 0.000010 0.000010 0.150411
0.000010 0.076736 0.043757 0.000010 0.248362 0.075351 0.000010 0.031885 0.207815 0.000010 0.108465 0.207561 0.000010 0.000010 0.000010
0.999860 0.000010 0.000010 0.000010 0.000010 0.000010 0.000010 0.000010 0.000010 0.000010 0.000010 0.000010 0.000010 0.000010 0.000010
0.000010 0.000010 0.000010 0.000010 0.000010 0.000010 0.000010 0.000010 0.837316 0.000010 0.000010 0.000010 0.000010 0.000010 0.162554
0.000010 0.000010 0.015327 0.000010 0.000010 0.000010 0.000010 0.000010 0.000010 0.025131 0.959422 0.000010 0.000010 0.000010 0.000010
0.505692 0.000010 0.000010 0.000010 0.000010 0.000010 0.000010 0.000010 0.000010 0.000010 0.000010 0.000010 0.494178 0.000010 0.000010
0.000010 0.000010 0.184022 0.000010 0.256527 0.089806 0.000010 0.000010 0.000010 0.000010 0.000010 0.449298 0.020247 0.000010 0.000010
0.000010 0.000010 0.000010 0.000010 0.000010 0.000010 0.000010 0.000010 0.636986 0.000010 0.000010 0.000010 0.000010 0.000010 0.362884
0.000010 0.000010 0.206290 0.000010 0.000010 0.072699 0.000010 0.298276 0.001018 0.000010 0.022931 0.000010 0.000010 0.398696 0.000010
0.000010 0.141460 0.152605 0.000010 0.102362 0.000010 0.000010 0.054266 0.349776 0.000010 0.000010 0.125689 0.000010 0.073762 0.000010
0.000010 0.000010 0.585292 0.000010 0.000010 0.414578 0.000010 0.000010 0.000010 0.000010 0.000010 0.000010 0.000010 0.000010 0.000010
0.000010 0.000010 0.000010 0.000010 0.000010 0.712374 0.000010 0.094532 0.000010 0.000010 0.025447 0.000010 0.000010 0.000010 0.167537
0.000010 0.368769 0.000010 0.000010 0.304816 0.000010 0.000010 0.000010 0.000010 0.000010 0.326295 0.000010 0.000010 0.000010 0.000010
0.000010 0.000010 0.999860 0.000010 0.000010 0.000010 0.000010 0.000010 0.000010 0.000010 0.000010 0.000010 0.000010 0.000010 0.000010
0.000010 0.000010 0.000010 0.000010 0.000010 0.000010 0.000010 0.089156 0.106375 0.000010 0.000010 0.000010 0.000010 0.341294 0.463065
0.000010 0.000010 0.000010 0.000010 0.171027 0.000010 0.000010 0.631053 0.000010 0.000010 0.000010 0.000010 0.000010 0.000010 0.197800
0.000010 0.000010 0.000010 0.000010 0.000010 0.000010 0.999860 0.000010 0.000010 0.000010 0.000010 0.000010 0.000010 0.000010 0.000010
0.000010 0.000010 0.000010 0.000010 0.053221 0.000010 0.000010 0.097028 0.000010 0.000010 0.487187 0.278315 0.000010 0.000010 0.084148
0.000010 0.000010 0.000010 0.000010 0.000010 0.625501 0.000010 0.000010 0.000010 0.000010 0.126044 0.005809 0.000010 0.000010 0.242536
0.000010 0.000010 0.000010 0.000010 0.000010 0.351819 0.000010 0.000010 0.000010 0.000010 0.000010 0.000010 0.000010 0.648051 0.000010
0.000010 0.000010 0.000010 0.000010 0.000010 0.024524 0.000010 0.000010 0.000010 0.975346 0.000010 0.000010 0.000010 0.000010 0.000010
0.000010 0.000010 0.000010 0.000010 0.000010 0.000010 0.000010 0.000010 0.000010 0.999860 0.000010 0.000010 0.000010 0.000010 0.000010
0.000010 0.210500 0.000010 0.000010 0.000010 0.000010 0.000010 0.000010 0.184837 0.000010 0.267389 0.057230 0.000010 0.000010 0.279944
0.000010 0.000010 0.241951 0.000010 0.148568 0.000010 0.000010 0.000010 0.003300 0.000010 0.083065 0.217199 0.000010 0.305827 0.000010
0.000010 0.000010 0.000010 0.000010 0.000010 0.000010 0.000010 0.000010 0.000010 0.882739 0.117131 0.000010 0.000010 0.000010 0.000010
0.000010 0.000010 0.200835 0.000010 0.389458 0.244750 0.000010 0.038480 0.000010 0.000010 0.000010 0.004985 0.000010 0.121402 0.000010
0.000010 0.000010 0.000010 0.000010 0.000010 0.000010 0.000010 0.000010 0.000010 0.000010 0.000010 0.000010 0.999860 0.000010 0.000010
0.695659 0.000010 0.000010 0.000010 0.000010 0.000010 0.000010 0.000010 0.000010 0.000010 0.000010 0.000010 0.304211 0.000010 0.000010
0.000010 0.000010 0.000010 0.000010 0.183300 0.000010 0.000010 0.000010 0.316807 0.000010 0.000010 0.000010 0.000010 0.000010 0.499773
0.000010 0.000010 0.000010 0.000010 0.000010 0.043952 0.000010 0.000010 0.000010 0.000010 0.436299 0.000010 0.000010 0.000010 0.519629
0.000010 0.000010 0.369972 0.000010 0.000010 0.000010 0.000010 0.000010 0.629898 0.000010 0.000010 0.000010 0.000010 0.000010 0.000010
0.465420 0.000010 0.000010 0.000010 0.000010 0.000010 0.000010 0.000010 0.534450 0.000010 0.000010 0.000010 0.000010 0.000010 0.000010
0.000010 0.065675 0.000010 0.000010 0.000010 0.000010 0.000010 0.000010 0.000010 0.000010 0.000010 0.767599 0.000010 0.166607 0.000010
0.000010 0.000010 0.000010 0.000010 0.000010 0.589284 0.000010 0.000010 0.000010 0.012909 0.000010 0.000010 0.000010 0.397687 0.000010
0.000010 0.304466 0.000010 0.000010 0.000010 0.523905 0.000010 0.103797 0.000010 0.000010 0.000010 0.067722 0.000010 0.000010 0.000010
0.000010 0.000010 0.999860 0.000010 0.000010 0.000010 0.000010 0.000010 0.000010 0.000010 0.000010 0.000010 0.000010 0.000010 0.000010
0.000010 0.000010 0.999860 0.000010 0.000010 0.000010 0.000010 0.000010 0.000010 0.000010 0.000010 0.000010 0.000010 0.000010 0.000010
0.000010 0.000010 0.000010 0.000010 0.000010 0.174078 0.000010 0.000010 0.412966 0.000010 0.000010 0.085951 0.000010 0.326895 0.000010
0.000010 0.008887 0.139631 0.000010 0.000010 0.181783 0.015863 0.000010 0.281975 0.000010 0.000010 0.350168 0.000010 0.021615 0.000010
0.000010 0.000010 0.000010 0.000010 0.000010 0.000010 0.000010 0.000010 0.000010 0.999860 0.000010 0.000010 0.000010 0.000010 0.000010
0.000010 0.000010 0.331183 0.000010 0.000010 0.000010 0.000010 0.668687 0.000010 0.000010 0.000010 0.000010 0.000010 0.000010 0.000010
0.000010 0.022948 0.000010 0.000010 0.265079 0.218643 0.000010 0.000010 0.047969 0.000010 0.156743 0.000010 0.000010 0.000010 0.288528
0.000010 0.000010 0.000010 0.000010 0.282651 0.000010 0.000010 0.000010 0.021576 0.000010 0.300932 0.000010 0.000010 0.394731 0.000010
0.000010 0.931850 0.000010 0.000010 0.000010 0.068020 0.000010 0.000010 0.000010 0.000010 0.000010 0.000010 0.000010 0.000010 0.000010
0.000010 0.000010 0.000010 0.000010 0.000010 0.245827 0.000010 0.000010 0.000010 0.000010 0.590439 0.163615 0.000010 0.000010 0.000010
0.000010 0.000010 0.000010 0.000010 0.000010 0.644023 0.000010 0.000010 0.000010 0.000010 0.355847 0.000010 0.000010 0.000010 0.000010
0.000010 0.000010 0.000010 0.000010 0.000010 0.000010 0.000010 0.000010 0.000010 0.000010 0.000010 0.000010 0.999860 0.000010 0.000010
0.147168 0.000010 0.000010 0.000010 0.000010 0.000010 0.000010 0.000010 0.000010 0.000010 0.017695 0.000010 0.835016 0.000010 0.000010
0.619236 0.000010 0.000010 0.000010 0.000010 0.000010 0.000010 0.000010 0.000010 0.000010 0.000010 0.000010 0.380634 0.000010 0.000010
0.000010 0.000010 0.000010 0.999860 0.000010 0.000010 0.000010 0.000010 0.000010 0.000010 0.000010 0.000010 0.000010 0.000010 0.000010
0.000010 0.000010 0.000010 0.689212 0.000010 0.000010 0.000010 0.000010 0.000010 0.000010 0.000010 0.000010 0.310658 0.000010 0.000010
0.000010 0.000010 0.062504 0.000010 0.000010 0.000010 0.000010 0.250924 0.036978 0.000010 0.159893 0.000010 0.000010 0.000010 0.489601
0.397345 0.000010 0.000010 0.000010 0.000010 0.000010 0.320080 0.000010 0.000010 0.281403 0.000010 0.001062 0.000010 0.000010 0.000010
0.560909 0.000010 0.000010 0.000010 0.000010 0.000010 0.299349 0.000010 0.000010 0.000010 0.000010 0.000010 0.139622 0.000010 0.000010
0.000010 0.000010 0.000010 0.000010 0.000010 0.000010 0.000010 0.000010 0.000010 0.719938 0.000010 0.000010 0.279932 0.000010 0.000010
0.999860 0.000010 0.000010 0.000010 0.000010 0.000010 0.000010 0.000010 0.000010 0.000010 0.000010 0.000010 0.000010 0.000010 0.000010
0.000010 0.000010 0.000010 0.000010 0.000010 0.000010 0.999860 0.000010 0.000010 0.000010 0.000010 0.000010 0.000010 0.000010 0.000010
0.000010 0.000010 0.000010 0.000010 0.000010 0.000010 0.999860 0.000010 0.000010 0.000010 0.000010 0.000010 0.000010 0.000010 0.000010
0.089814 0.000010 0.000010 0.000010 0.000010 0.000010 0.910056 0.000010 0.000010 0.000010 0.000010 0.000010 0.000010 0.000010 0.000010
0.000010 0.000010 0.000010 0.000010 0.232578 0.000010 0.000010 0.000010 0.767292 0.000010 0.000010 0.000010 0.000010 0.000010 0.000010
0.000010 0.000010 0.000010 0.000010 0.000010 0.000010 0.000010 0.000010 0.000010 0.000010 0.999860 0.000010 0.000010 0.000010 0.000010
0.000010 0.428560 0.000010 0.000010 0.000010 0.000010 0.000010 0.000010 0.571310 0.000010 0.000010 0.000010 0.000010 0.000010 0.000010
0.000010 0.000010 0.000010 0.005573 0.173836 0.219443 0.000010 0.000010 0.383098 0.000010 0.000010 0.217949 0.000010 0.000010 0.000010
0.000010 0.000010 0.000010 0.000010 0.000010 0.000010 0.000010 0.000010 0.000010 0.000010 0.000010 0.000010 0.000010 0.999860 0.000010
0.000010 0.314159 0.000010 0.000010 0.000010 0.000010 0.000010 0.061432 0.536624 0.000010 0.087675 0.000010 0.000010 0.000010 0.000010
0.000010 0.000010 0.016527 0.000010 0.000010 0.043436 0.000010 0.250429 0.000010 0.000010 0.460568 0.120116 0.000010 0.108834 0.000010
0.000010 0.174572 0.000010 0.000010 0.000010 0.000010 0.000010 0.531573 0.000010 0.000010 0.142916 0.150829 0.000010 0.000010 0.000010
0.000010 0.000010 0.314094 0.000010 0.165466 0.000010 0.000010 0.009413 0.153525 0.000010 0.000010 0.136058 0.000010 0.000010 0.221354
0.000010 0.000010 0.000010 0.000010 0.000010 0.109608 0.000010 0.000010 0.221279 0.000010 0.095822 0.075926 0.000010 0.497264 0.000010
0.000010 0.000010 0.899001 0.000010 0.000010 0.000010 0.000010 0.000010 0.100869 0.000010 0.000010 0.000010 0.000010 0.000010 0.000010
0.572175 0.000010 0.000010 0.000010 0.000010 0.000010 0.000010 0.000010 0.000010 0.427695 0.000010 0.000010 0.000010 0.000010 0.000010
0.000010 0.000010 0.000010 0.000010 0.266111 0.000010 0.000010 0.000010 0.222451 0.000010 0.389818 0.121510 0.000010 0.000010 0.000010
0.015324 0.348388 0.090532 0.000010 0.235266 0.310390 0.000010 0.000010 0.000010 0.000010 0.000010 0.000010 0.000010 0.000010 0.000010
0.000010 0.000010 0.000010 0.000010 0.000010 0.000010 0.000010 0.000010 0.000010 0.000010 0.000010 0.000010 0.000010 0.000010 0.999860
0.300594 0.000010 0.000010 0.524927 0.000010 0.000010 0.000010 0.000010 0.000010 0.000010 0.000010 0.000010 0.174359 0.000010 0.000010
0.000010 0.000010 0.000010 0.000010 0.000010 0.000010 0.770567 0.000010 0.000010 0.000010 0.000010 0.000010 0.229303 0.000010 0.000010
0.000010 0.000010 0.000010 0.000010 0.000010 0.000010 0.397722 0.000010 0.000010 0.000010 0.000010 0.000010 0.581572 0.000010 0.020586
0.000010 0.000010 0.000010 0.000010 0.366084 0.000010 0.000010 0.000010 0.000010 0.000010 0.000010 0.633786 0.000010 0.000010 0.000010
0.000010 0.000010 0.000010 0.000010 0.000010 0.000010 0.000010 0.999860 0.000010 0.000010 0.000010 0.000010 0.000010 0.000010 0.000010
0.000010 0.000010 0.008511 0.000010 0.100024 0.117382 0.000010 0.000010 0.000010 0.000010 0.109714 0.000010 0.000010 0.360806 0.303472
0.000010 0.000010 0.000010 0.000010 0.000010 0.000010 0.000010 0.000010 0.999860 0.000010 0.000010 0.000010 0.000010 0.000010 0.000010
0.000010 0.000010 0.000010 0.000010 0.000010 0.000010 0.333404 0.000010 0.000010 0.000010 0.000010 0.000010 0.666466 0.000010 0.000010
0.000010 0.000010 0.000010 0.000010 0.399630 0.145872 0.000010 0.000010 0.133336 0.000010 0.000010 0.253622 0.000010 0.067440 0.000010
0.000010 0.000010 0.000010 0.000010 0.000010 0.000010 0.000010 0.000010 0.654649 0.000010 0.000010 0.000010 0.000010 0.000010 0.345221
0.000010 0.100154 0.312630 0.000010 0.000010 0.000010 0.000010 0.000010 0.150065 0.000010 0.281951 0.155099 0.000010 0.000010 0.000010
0.000010 0.493967 0.000010 0.000010 0.051721 0.000010 0.000010 0.031845 0.000010 0.000010 0.163724 0.258643 0.000010 0.000010 0.000010
0.686457 0.000010 0.000010 0.000010 0.000010 0.000010 0.000010 0.000010 0.000010 0.000010 0.000010 0.000010 0.313413 0.000010 0.000010
0.000010 0.000010 0.000010 0.000010 0.000010 0.000010 0.476315 0.000010 0.000010 0.523555 0.000010 0.000010 0.000010 0.000010 0.000010
0.000018 0.000010 0.000010 0.000010 0.596991 0.000010 0.000010 0.000010 0.000010 0.000010 0.000010 0.251027 0.000010 0.000010 0.151855
0.003302 0.000010 0.000010 0.000010 0.131920 0.000010 0.000010 0.000010 0.000010 0.000010 0.184870 0.242883 0.000010 0.247887 0.189048
0.000010 0.000010 0.000010 0.327455 0.000010 0.000010 0.000010 0.000010 0.000010 0.000010 0.000010 0.000010 0.672415 0.000010 0.000010
0.000010 0.000010 0.000010 0.026458 0.000010 0.000010 0.000010 0.157446 0.000010 0.000010 0.000010 0.269475 0.000010 0.546511 0.000010
0.000010 0.000010 0.278894 0.023732 0.169028 0.156003 0.000010 0.000010 0.089291 0.000010 0.000010 0.000010 0.000010 0.138746 0.144226
0.000010 0.000010 0.000010 0.000010 0.000010 0.286795 0.000010 0.000010 0.482341 0.000010 0.000010 0.119605 0.000010 0.111149 0.000010
0.000010 0.000010 0.000010 0.205615 0.000010 0.000010 0.000010 0.000010 0.000010 0.794255 0.000010 0.000010 0.000010 0.000010 0.000010
0.000010 0.573557 0.000010 0.000010 0.000010 0.000010 0.000010 0.000010 0.000010 0.000010 0.000010 0.000010 0.000010 0.426313 0.000010
0.000010 0.149180 0.050276 0.000010 0.265466 0.076334 0.009302 0.105350 0.000010 0.000010 0.000010 0.098341 0.000010 0.245682 0.000010
0.000010 0.000010 0.000010 0.000010 0.184400 0.000010 0.000010 0.000010 0.211573 0.000010 0.000010 0.302045 0.000010 0.301872 0.000010
0.000010 0.098860 0.000010 0.000010 0.133716 0.743482 0.000010 0.000010 0.000010 0.000010 0.000010 0.000010 0.023832 0.000010 0.000010
0.000010 0.000010 0.000010 0.000010 0.000010 0.000010 0.000010 0.000010 0.000010 0.999860 0.000010 0.000010 0.000010 0.000010 0.000010
0.000010 0.000010 0.000010 0.000010 0.000010 0.000010 0.999860 0.000010 0.000010 0.000010 0.000010 0.000010 0.000010 0.000010 0.000010
0.000010 0.000010 0.000010 0.690856 0.000010 0.000010 0.000010 0.000010 0.000010 0.309014 0.000010 0.000010 0.000010 0.000010 0.000010
0.000010 0.143633 0.051731 0.000010 0.000010 0.000010 0.000010 0.000010 0.683632 0.000010 0.000010 0.120894 0.000010 0.000010 0.000010
0.000010 0.000010 0.174648 0.000010 0.000010 0.491662 0.000010 0.152119 0.014854 0.000010 0.000011 0.166615 0.000010 0.000010 0.000010
0.000010 0.000010 0.000010 0.000010 0.095596 0.243962 0.000010 0.119367 0.000010 0.000010 0.000010 0.000010 0.000010 0.540964 0.000010
0.000010 0.000010 0.000010 0.000010 0.000010 0.000010 0.000010 0.000010 0.000010 0.000010 0.999860 0.000010 0.000010 0.000010 0.000010
0.000010 0.000010 0.000010 0.000010 0.324135 0.000010 0.000010 0.000010 0.000010 0.000010 0.000010 0.083024 0.000010 0.000010 0.592721
0.000010 0.000016 0.048648 0.000010 0.000010 0.546158 0.000010 0.000010 0.000010 0.000010 0.000010 0.405068 0.000010 0.000010 0.000010
0.000010 0.062030 0.000010 0.475309 0.238170 0.000010 0.000010 0.000010 0.000010 0.000010 0.000010 0.000010 0.000010 0.000010 0.224381
0.000010 0.000010 0.886876 0.000010 0.000010 0.000010 0.000010 0.000010 0.000010 0.000010 0.000010 0.000010 0.000010 0.112994 0.000010
0.000010 0.000010 0.000010 0.000010 0.269341 0.200607 0.000010 0.000010 0.000010 0.000010 0.000010 0.138653 0.000010 0.391289 0.000010
0.000010 0.833510 0.166360 0.000010 0.000010 0.000010 0.000010 0.000010 0.000010 0.000010 0.000010 0.000010 0.000010 0.000010 0.000010
0.000010 0.000010 0.000010 0.000010 0.000010 0.000010 0.000010 0.000010 0.206241 0.000010 0.000010 0.502450 0.000010 0.112986 0.178212
0.000010 0.464707 0.000010 0.000010 0.000010 0.306270 0.000010 0.000010 0.000010 0.000010 0.000010 0.228902 0.000010 0.000010 0.000010
0.000010 0.000010 0.000010 0.000010 0.999860 0.000010 0.000010 0.000010 0.000010 0.000010 0.000010 0.000010 0.000010 0.000010 0.000010
0.000010 0.212796 0.000010 0.000010 0.000010 0.331774 0.000010 0.062483 0.000010 0.000010 0.190981 0.040218 0.000010 0.037795 0.123873
0.000010 0.000010 0.715984 0.000010 0.000010 0.000010 0.000010 0.000010 0.000010 0.000010 0.059022 0.000010 0.000010 0.224875 0.000010
0.000010 0.000010 0.076308 0.000010 0.144563 0.000010 0.000010 0.000010 0.458512 0.000010 0.320507 0.000010 0.000010 0.000010 0.000010
0.000010 0.143995 0.000010 0.000010 0.437607 0.000010 0.000010 0.295165 0.123123 0.000010 0.000010 0.000010 0.000010 0.000010 0.000010
0.000010 0.000010 0.854823 0.088432 0.056625 0.000010 0.000010 0.000010 0.000010 0.000010 0.000010 0.000010 0.000010 0.000010 0.000010
0.000010 0.000010 0.000010 0.000010 0.408963 0.000010 0.000010 0.000010 0.000010 0.000010 0.145345 0.445572 0.000010 0.000010 0.000010
0.000010 0.000010 0.000010 0.251070 0.000010 0.000010 0.000010 0.000010 0.000010 0.000010 0.000010 0.000010 0.748800 0.000010 0.000010
0.248051 0.000010 0.000010 0.000010 0.000010 0.000010 0.000010 0.000010 0.000010 0.000010 0.000010 0.000010 0.751819 0.000010 0.000010
0.000010 0.200958 0.382455 0.000010 0.000010 0.058483 0.000010 0.000010 0.116182 0.000010 0.000010 0.000010 0.000010 0.119652 0.122180
0.000010 0.000010 0.000010 0.000010 0.000010 0.000010 0.000010 0.999860 0.000010 0.000010 0.000010 0.000010 0.000010 0.000010 0.000010
0.000010 0.000010 0.479895 0.000010 0.000010 0.000010 0.000010 0.519975 0.000010 0.000010 0.000010 0.000010 0.000010 0.000010 0.000010
0.000010 0.280234 0.135356 0.000010 0.070133 0.000010 0.000010 0.000010 0.000010 0.000010 0.359620 0.000010 0.000010 0.000010 0.154557
0.000010 0.000010 0.000010 0.000010 0.000010 0.000010 0.000010 0.000010 0.000010 0.000010 0.000010 0.999860 0.000010 0.000010 0.000010
0.000010 0.000010 0.492779 0.000010 0.507091 0.000010 0.000010 0.000010 0.000010 0.000010 0.000010 0.000010 0.000010 0.000010 0.000010
0.000010 0.697855 0.000010 0.000010 0.000010 0.210395 0.000010 0.000010 0.000010 0.000010 0.000010 0.091630 0.000010 0.000010 0.000010
0.000010 0.047868 0.401094 0.000010 0.219093 0.053618 0.000010 0.000010 0.110354 0.000010 0.000010 0.167883 0.000010 0.000010 0.000010
0.000010 0.000010 0.000010 0.000010 0.000010 0.000010 0.000010 0.186427 0.813443 0.000010 0.000010 0.000010 0.000010 0.000010 0.000010
0.000010 0.000010 0.000010 0.000010 0.229995 0.000010 0.000010 0.000010 0.037602 0.000010 0.335289 0.397005 0.000010 0.000010 0.000010
0.000010 0.000010 0.000010 0.000010 0.000010 0.153758 0.000010 0.650589 0.195533 0.000010 0.000010 0.000010 0.000010 0.000010 0.000010
0.000010 0.000010 0.000010 0.000010 0.000010 0.000010 0.000010 0.000010 0.000010 0.999860 0.000010 0.000010 0.000010 0.000010 0.000010
0.000010 0.529600 0.000010 0.000010 0.000010 0.000010 0.000010 0.000010 0.000010 0.000010 0.267670 0.000010 0.000010 0.202610 0.000010
0.000010 0.000010 0.000010 0.000010 0.858521 0.000010 0.000010 0.000010 0.000010 0.000010 0.000010 0.000010 0.000010 0.141349 0.000010
0.970197 0.000010 0.000010 0.000010 0.000010 0.000010 0.000010 0.000010 0.029673 0.000010 0.000010 0.000010 0.000010 0.000010 0.000010
0.000010 0.506832 0.000010 0.000010 0.000010 0.091563 0.000010 0.000010 0.000010 0.000010 0.244310 0.000010 0.000010 0.000010 0.157185
0.000010 0.163880 0.000010 0.000010 0.000010 0.111521 0.000010 0.161647 0.000010 0.000010 0.000010 0.248303 0.000010 0.000010 0.314549
0.000010 0.000010 0.000010 0.000010 0.970557 0.029313 0.000010 0.000010 0.000010 0.000010 0.000010 0.000010 0.000010 0.000010 0.000010
0.240718 0.000010 0.000010 0.354361 0.000010 0.000010 0.404801 0.000010 0.000010 0.000010 0.000010 0.000010 0.000010 0.000010 0.000010
0.000010 0.000010 0.000010 0.000010 0.000010 0.000010 0.000010 0.999860 0.000010 0.000010 0.000010 0.000010 0.000010 0.000010 0.000010
0.000010 0.000011 0.000010 0.000010 0.150490 0.000010 0.000010 0.008159 0.000010 0.000010 0.000010 0.651642 0.000010 0.000010 0.189598
0.000010 0.000010 0.362576 0.000010 0.000010 0.198988 0.000010 0.077091 0.000010 0.000010 0.198265 0.000010 0.000010 0.162979 0.000010
0.000010 0.000010 0.000010 0.000010 0.000010 0.000010 0.000010 0.999860 0.000010 0.000010 0.000010 0.000010 0.000010 0.000010 0.000010
0.000010 0.000010 0.513730 0.000010 0.000010 0.000010 0.000010 0.000010 0.000010 0.000010 0.096488 0.000010 0.000010 0.000010 0.389662
0.315307 0.000010 0.000010 0.226872 0.000010 0.000010 0.457701 0.000010 0.000010 0.000010 0.000010 0.000010 0.000010 0.000010 0.000010
0.239140 0.000010 0.000010 0.000010 0.000010 0.000010 0.000010 0.000010 0.000010 0.485151 0.000010 0.000010 0.275589 0.000010 0.000010
0.000010 0.000010 0.000010 0.000010 0.000010 0.000010 0.237413 0.000010 0.000010 0.200920 0.000010 0.000010 0.561547 0.000010 0.000010
0.000010 0.000010 0.000010 0.000010 0.000010 0.000010 0.000010 0.000010 0.000010 0.450296 0.000010 0.000010 0.549574 0.000010 0.000010
0.000010 0.277862 0.256150 0.000010 0.240505 0.134864 0.000010 0.000010 0.000010 0.000010 0.000010 0.000010 0.000010 0.090519 0.000010
0.685842 0.000010 0.000010 0.102158 0.000010 0.000010 0.000010 0.000010 0.000010 0.112542 0.000010 0.000010 0.099348 0.000010 0.000010
0.188843 0.000010 0.000010 0.000011 0.000010 0.000010 0.000010 0.000010 0.000010 0.163668 0.000011 0.016068 0.631308 0.000010 0.000010
0.000010 0.022895 0.000010 0.000010 0.000010 0.140293 0.000010 0.059656 0.162028 0.017236 0.461035 0.136776 0.000010 0.000010 0.000010
0.000010 0.000010 0.198154 0.000010 0.155307 0.342783 0.000010 0.000010 0.000010 0.000010 0.303645 0.000010 0.000010 0.000010 0.000010
0.000010 0.000010 0.000010 0.000010 0.245494 0.150983 0.000010 0.028919 0.389781 0.015398 0.000010 0.000010 0.000010 0.169334 0.000010
0.000010 0.000010 0.000010 0.000010 0.000010 0.000010 0.011175 0.000010 0.000010 0.000010 0.000010 0.250542 0.000010 0.433766 0.304407
0.000010 0.000010 0.132543 0.000010 0.000010 0.000010 0.000010 0.286999 0.000010 0.000010 0.045834 0.093975 0.000010 0.268964 0.171596
0.000010 0.000010 0.000010 0.000010 0.346753 0.393312 0.000010 0.000010 0.138784 0.000010 0.000010 0.000010 0.000010 0.121041 0.000010
0.000010 0.000010 0.000010 0.000010 0.000010 0.000010 0.000010 0.206399 0.000010 0.000010 0.662144 0.000010 0.000010 0.000010 0.131337
0.000010 0.000010 0.000010 0.000010 0.000010 0.000010 0.000010 0.000010 0.171359 0.000010 0.325839 0.220068 0.000010 0.068344 0.214291
0.000010 0.159881 0.000010 0.000010 0.000010 0.000010 0.000010 0.408855 0.172742 0.000010 0.163261 0.032630 0.000010 0.000010 0.062540
0.000010 0.000010 0.000010 0.000010 0.000010 0.000010 0.000010 0.000010 0.000010 0.000010 0.000010 0.000010 0.000010 0.262816 0.737054
0.010644 0.360281 0.000010 0.000010 0.226214 0.000010 0.000010 0.000010 0.000010 0.000010 0.000010 0.402752 0.000010 0.000010 0.000010
0.000010 0.000010 0.096625 0.000010 0.459694 0.187716 0.000010 0.000010 0.255855 0.000010 0.000010 0.000010 0.000010 0.000010 0.000010
0.000010 0.419235 0.000010 0.000010 0.371307 0.069757 0.000010 0.000010 0.125149 0.000010 0.000010 0.000010 0.000010 0.014453 0.000010
0.000010 0.156172 0.000010 0.000010 0.000010 0.000010 0.000010 0.000010 0.275940 0.000010 0.210119 0.000010 0.000010 0.357659 0.000010
0.000010 0.000010 0.000010 0.000010 0.000010 0.969164 0.000010 0.000010 0.000010 0.030706 0.000010 0.000010 0.000010 0.000010 0.000010
0.000010 0.000010 0.000010 0.000010 0.255929 0.000010 0.003012 0.134894 0.138126 0.000010 0.000010 0.000010 0.000010 0.067718 0.400230
0.000010 0.000010 0.007045 0.000010 0.000010 0.000010 0.000010 0.000010 0.405179 0.000010 0.000010 0.000010 0.000010 0.587656 0.000010
0.000010 0.000010 0.214046 0.000010 0.000010 0.000010 0.000010 0.000010 0.000010 0.000010 0.522470 0.000010 0.000010 0.263364 0.000010
0.000010 0.000010 0.294923 0.000010 0.058802 0.000010 0.000010 0.057635 0.000010 0.000010 0.175585 0.230446 0.000010 0.182519 0.000010
0.000010 0.000010 0.000010 0.211036 0.000010 0.000010 0.000010 0.000010 0.788834 0.000010 0.000010 0.000010 0.000010 0.000010 0.000010
0.000010 0.000010 0.000010 0.000010 0.441245 0.021449 0.000010 0.000010 0.000010 0.000010 0.000010 0.422970 0.000010 0.114225 0.000010
0.000010 0.000010 0.000010 0.000010 0.000010 0.000010 0.000010 0.000010 0.509257 0.000010 0.490613 0.000010 0.000010 0.000010 0.000010
0.000010 0.000010 0.000010 0.000010 0.269146 0.000010 0.000010 0.000010 0.193243 0.000010 0.087739 0.000010 0.000010 0.449761 0.000010
0.000010 0.000010 0.000010 0.000010 0.000010 0.000010 0.000010 0.000010 0.071465 0.000010 0.000010 0.124600 0.000010 0.465088 0.338738
0.000010 0.000010 0.000010 0.000010 0.051871 0.162777 0.000010 0.000010 0.056617 0.000010 0.548441 0.180194 0.000010 0.000010 0.000010
0.000010 0.078036 0.000010 0.000010 0.000010 0.142717 0.000010 0.120525 0.000010 0.000010 0.115063 0.126814 0.000010 0.192832 0.223933
0.000010 0.000010 0.000010 0.000010 0.000010 0.000010 0.000010 0.000010 0.156252 0.000010 0.338542 0.387583 0.000010 0.117513 0.000010
0.000010 0.000010 0.704994 0.000010 0.000010 0.000010 0.000010 0.161924 0.000010 0.000010 0.000010 0.132961 0.000010 0.000010 0.000010
0.000010 0.000010 0.000010 0.000010 0.106059 0.000010 0.000010 0.302963 0.000010 0.000010 0.000010 0.000010 0.000010 0.000010 0.590858
0.000010 0.000010 0.999860 0.000010 0.000010 0.000010 0.000010 0.000010 0.000010 0.000010 0.000010 0.000010 0.000010 0.000010 0.000010
0.000010 0.000010 0.000010 0.000010 0.000010 0.000010 0.000010 0.000010 0.000010 0.000010 0.238506 0.485701 0.000010 0.000010 0.275672
0.000010 0.272348 0.097790 0.000010 0.000010 0.000010 0.000010 0.000010 0.249468 0.000010 0.000010 0.134635 0.000010 0.245659 0.000010
0.000010 0.205058 0.069103 0.000010 0.054163 0.000010 0.000010 0.105943 0.000010 0.000010 0.315979 0.000010 0.000010 0.181419 0.068254
0.000010 0.000010 0.000010 0.000010 0.000010 0.000010 0.000010 0.272528 0.186349 0.000010 0.541003 0.000010 0.000010 0.000010 0.000010
0.000010 0.000010 0.272517 0.000010 0.067921 0.000010 0.000010 0.038938 0.148548 0.000010 0.167533 0.000010 0.000010 0.000010 0.304453
0.000010 0.000010 0.000010 0.000010 0.000010 0.000010 0.000010 0.000010 0.000010 0.000010 0.999860 0.000010 0.000010 0.000010 0.000010
0.000010 0.242224 0.000010 0.000010 0.000010 0.000010 0.000010 0.000010 0.271719 0.000010 0.124658 0.000010 0.000010 0.361288 0.000010
0.345982 0.000010 0.000010 0.000010 0.000010 0.000010 0.498905 0.000010 0.000010 0.000010 0.000010 0.000010 0.154993 0.000010 0.000010
0.000010 0.971664 0.000010 0.000010 0.000010 0.000010 0.000010 0.000010 0.000010 0.000010 0.000010 0.000010 0.000010 0.028206 0.000010
0.000010 0.169753 0.213001 0.000010 0.052796 0.000010 0.000010 0.087575 0.000010 0.000010 0.145200 0.331585 0.000010 0.000010 0.000010
0.000010 0.000010 0.000010 0.000010 0.000010 0.282823 0.000010 0.000010 0.000010 0.000010 0.000010 0.551817 0.000010 0.165241 0.000010
0.000010 0.043276 0.172040 0.000010 0.358211 0.000010 0.000010 0.000010 0.000010 0.000010 0.031724 0.000010 0.000010 0.306992 0.087666
0.000010 0.495996 0.000010 0.000010 0.000010 0.000010 0.000010 0.000010 0.000010 0.000010 0.382293 0.000010 0.000010 0.121591 0.000010
0.031433 0.320013 0.084799 0.000010 0.066798 0.049304 0.000010 0.000010 0.103394 0.000010 0.228545 0.115644 0.000010 0.000010 0.000010
0.000010 0.117066 0.000010 0.000010 0.000010 0.274396 0.000010 0.000010 0.000010 0.000010 0.000010 0.000010 0.000010 0.608418 0.000010
0.000010 0.000010 0.000010 0.000010 0.356901 0.242415 0.000010 0.000010 0.000010 0.000010 0.000010 0.181465 0.000010 0.000010 0.219110
0.000010 0.000010 0.751624 0.000010 0.220317 0.000010 0.000010 0.000010 0.000010 0.000010 0.000010 0.000010 0.027939 0.000010 0.000010
0.000010 0.000010 0.000010 0.000010 0.000010 0.000010 0.000010 0.000010 0.126911 0.000010 0.872959 0.000010 0.000010 0.000010 0.000010
0.000010 0.743680 0.000010 0.000010 0.000010 0.200584 0.000010 0.000010 0.000010 0.000010 0.000010 0.055616 0.000010 0.000010 0.000010
0.000010 0.000010 0.000010 0.000010 0.110680 0.000010 0.000010 0.000010 0.000010 0.000010 0.311744 0.577457 0.000010 0.000010 0.000010
0.000010 0.000010 0.000010 0.000010 0.000010 0.000010 0.999860 0.000010 0.000010 0.000010 0.000010 0.000010 0.000010 0.000010 0.000010
