0.547433 0.000010 0.000010 0.092513 0.360034
0.308619 0.007745 0.118565 0.404972 0.160099
0.421196 0.000010 0.295719 0.073611 0.209464
0.999960 0.000010 0.000010 0.000010 0.000010
0.250698 0.000010 0.421193 0.255582 0.072518
0.999960 0.000010 0.000010 0.000010 0.000010
0.000010 0.032811 0.000010 0.967159 0.000010
0.416102 0.000010 0.527846 0.056032 0.000010
0.097555 0.000010 0.099303 0.356613 0.446518
0.120661 0.741763 0.000010 0.137557 0.000010
0.000010 0.999960 0.000010 0.000010 0.000010
0.000010 0.014883 0.000010 0.985087 0.000010
0.320536 0.000010 0.189286 0.000010 0.490157
0.000010 0.002043 0.085867 0.263190 0.648890
0.524245 0.000010 0.092480 0.136455 0.246810
0.000010 0.000010 0.999960 0.000010 0.000010
0.000010 0.999959 0.000011 0.000010 0.000010
0.000010 0.999960 0.000010 0.000010 0.000010
0.999960 0.000010 0.000010 0.000010 0.000010
0.000010 0.999960 0.000010 0.000010 0.000010
0.000010 0.478160 0.521810 0.000010 0.000010
0.855799 0.000010 0.000010 0.000010 0.144171
0.000010 0.999960 0.000010 0.000010 0.000010
0.000010 0.999960 0.000010 0.000010 0.000010
0.000010 0.999960 0.000010 0.000010 0.000010
0.727540 0.000010 0.000010 0.000010 0.272430
0.585073 0.000010 0.199363 0.215543 0.000010
0.000010 0.015241 0.000010 0.223020 0.761719
0.000010 0.000010 0.137382 0.452929 0.409669
0.000010 0.988215 0.000010 0.000010 0.011755
0.000010 0.999960 0.000010 0.000010 0.000010
0.000010 0.023828 0.848002 0.000010 0.128150
0.000010 0.999960 0.000010 0.000010 0.000010
0.000010 0.175463 0.824507 0.000010 0.000010
0.617294 0.012995 0.000010 0.000010 0.369691
0.000010 0.006538 0.047355 0.537525 0.408571
0.000010 0.999960 0.000010 0.000010 0.000010
0.000010 0.999960 0.000010 0.000010 0.000010
0.364518 0.000010 0.439246 0.196216 0.000010
0.000010 0.000010 0.285150 0.000010 0.714820
0.108577 0.000010 0.000010 0.366808 0.524595
0.000010 0.000010 0.481006 0.518964 0.000010
0.000010 0.906824 0.093146 0.000010 0.000010
0.142708 0.000010 0.000010 0.857262 0.000010
0.000010 0.999960 0.000010 0.000010 0.000010
0.000010 0.048537 0.221549 0.000010 0.729894
0.283990 0.010673 0.139143 0.566184 0.000010
0.008927 0.991043 0.000010 0.000010 0.000010
0.000010 0.999960 0.000010 0.000010 0.000010
0.000010 0.000010 0.000010 0.999960 0.000010
0.309668 0.000010 0.226387 0.123457 0.340477
0.736917 0.000010 0.255422 0.007641 0.000010
0.000010 0.907460 0.000010 0.000010 0.092510
0.186271 0.000010 0.000010 0.280672 0.533037
0.249899 0.000010 0.394275 0.355806 0.000010
0.130097 0.869873 0.000010 0.000010 0.000010
0.000010 0.000010 0.110685 0.129873 0.759422
0.693530 0.000010 0.000010 0.000010 0.306440
0.490651 0.000010 0.000010 0.000010 0.509319
0.321848 0.000010 0.000010 0.000010 0.678122
0.249411 0.000010 0.211366 0.210855 0.328358
0.401967 0.000010 0.000010 0.264634 0.333380
0.145441 0.000010 0.053304 0.000010 0.801235
0.100663 0.009838 0.000010 0.584628 0.304861
0.103966 0.000010 0.471336 0.261676 0.163012
0.000010 0.990201 0.000010 0.009769 0.000010
0.000010 0.000010 0.264056 0.000010 0.735914
0.000010 0.008703 0.220121 0.253621 0.517545
0.999960 0.000010 0.000010 0.000010 0.000010
0.999960 0.000010 0.000010 0.000010 0.000010
0.227529 0.000010 0.772441 0.000010 0.000010
0.000010 0.000010 0.501987 0.000010 0.497983
0.999960 0.000010 0.000010 0.000010 0.000010
0.407445 0.000010 0.000010 0.328122 0.264413
0.514688 0.000010 0.000010 0.000010 0.485282
0.000010 0.000010 0.999960 0.000010 0.000010
0.000010 0.999960 0.000010 0.000010 0.000010
0.000010 0.999960 0.000010 0.000010 0.000010
0.005359 0.994611 0.000010 0.000010 0.000010
0.113264 0.115069 0.000010 0.000010 0.771647
0.167489 0.016572 0.279344 0.371494 0.165102
0.000010 0.999960 0.000010 0.000010 0.000010
0.000010 0.999960 0.000010 0.000010 0.000010
0.497420 0.000010 0.466359 0.036201 0.000010
0.000010 0.999960 0.000010 0.000010 0.000010
0.000010 0.966104 0.000010 0.000010 0.033866
0.450514 0.000010 0.161074 0.144828 0.243573
0.000010 0.999960 0.000010 0.000010 0.000010
0.991412 0.008558 0.000010 0.000010 0.000010
0.130652 0.000010 0.644780 0.224549 0.000010
0.000010 0.999960 0.000010 0.000010 0.000010
0.000010 0.251076 0.000010 0.381304 0.367600
0.000010 0.000010 0.181384 0.000010 0.818586
0.000010 0.999960 0.000010 0.000010 0.000010
0.820327 0.000010 0.000010 0.000010 0.179643
0.000010 0.021512 0.375012 0.270919 0.332547
0.000010 0.999960 0.000010 0.000010 0.000010
0.210183 0.020654 0.474629 0.294525 0.000010
0.000010 0.000010 0.597012 0.402958 0.000010
0.216626 0.000010 0.000010 0.391072 0.392282
0.234861 0.000012 0.358545 0.000010 0.406572
0.000010 0.000010 0.000010 0.000010 0.999960
0.095455 0.000010 0.284343 0.000010 0.620182
0.106865 0.000010 0.060339 0.340362 0.492424
0.698686 0.000010 0.000010 0.000010 0.301284
0.222556 0.000010 0.000010 0.589834 0.187590
0.298789 0.000010 0.000010 0.307478 0.393713
0.000010 0.999960 0.000010 0.000010 0.000010
0.199919 0.000010 0.362458 0.301880 0.135733
0.384675 0.000010 0.000010 0.000010 0.615295
0.442982 0.000010 0.000010 0.556988 0.000010
0.000010 0.963671 0.000010 0.000010 0.036299
0.000010 0.991613 0.000010 0.000010 0.008357
0.337841 0.000014 0.000010 0.488754 0.173382
0.417902 0.000010 0.328800 0.103638 0.149649
0.000010 0.880893 0.000010 0.119077 0.000010
0.286961 0.000010 0.219384 0.093452 0.400194
0.000010 0.999960 0.000010 0.000010 0.000010
0.000010 0.999960 0.000010 0.000010 0.000010
0.235989 0.000010 0.476657 0.000010 0.287334
0.000010 0.000010 0.572303 0.000010 0.427667
0.000010 0.000010 0.348507 0.000010 0.651463
0.000010 0.500539 0.000010 0.000010 0.499431
0.000010 0.000010 0.000010 0.000010 0.999960
0.988182 0.011788 0.000010 0.000010 0.000010
0.000010 0.000010 0.000010 0.000010 0.999960
0.168110 0.000010 0.591315 0.000010 0.240556
0.000010 0.000010 0.000010 0.000010 0.999960
0.368064 0.000010 0.631906 0.000010 0.000010
0.215902 0.019467 0.580872 0.183749 0.000010
0.000010 0.972267 0.000010 0.027703 0.000010
0.156380 0.000010 0.123443 0.378837 0.341330
0.000010 0.000010 0.386488 0.000010 0.613482
0.301147 0.000010 0.231853 0.037112 0.429878
0.269518 0.000010 0.000010 0.370720 0.359742
0.000010 0.000010 0.000010 0.000010 0.999960
0.858546 0.000010 0.000010 0.000010 0.141424
0.000010 0.999960 0.000010 0.000010 0.000010
0.000010 0.978683 0.000010 0.000010 0.021287
0.000010 0.999960 0.000010 0.000010 0.000010
0.000010 0.883219 0.000010 0.000010 0.116751
0.040976 0.958993 0.000010 0.000010 0.000010
0.437609 0.000010 0.252927 0.309444 0.000010
0.000010 0.997717 0.000010 0.002253 0.000010
0.000010 0.999960 0.000010 0.000010 0.000010
0.000010 0.999960 0.000010 0.000010 0.000010
0.000010 0.999960 0.000010 0.000010 0.000010
0.000010 0.999960 0.000010 0.000010 0.000010
0.000010 0.999960 0.000010 0.000010 0.000010
0.000010 0.999960 0.000010 0.000010 0.000010
0.000010 0.007551 0.356020 0.000010 0.636409
0.768748 0.000010 0.000010 0.231222 0.000010
0.000010 0.000010 0.000010 0.000010 0.999960
0.035308 0.007347 0.597674 0.000010 0.359662
0.763903 0.000010 0.236067 0.000010 0.000010
0.304120 0.000010 0.000010 0.297864 0.397996
0.172612 0.000010 0.155510 0.097405 0.574463
0.000010 0.003564 0.000010 0.329075 0.667341
0.303257 0.000010 0.276192 0.312019 0.108521
0.000010 0.000010 0.226872 0.240279 0.532830
0.255347 0.003993 0.740640 0.000010 0.000010
0.000010 0.990313 0.000010 0.009657 0.000010
0.185214 0.000010 0.134633 0.305029 0.375114
0.000010 0.012789 0.522471 0.464720 0.000010
0.000010 0.000010 0.000010 0.000010 0.999960
0.000010 0.995441 0.000010 0.004529 0.000010
0.000010 0.999960 0.000010 0.000010 0.000010
0.000010 0.970794 0.000010 0.000010 0.029176
0.455208 0.000010 0.000010 0.193518 0.351253
0.684264 0.000010 0.000010 0.000010 0.315706
0.149686 0.000010 0.000010 0.850284 0.000010
0.164620 0.003746 0.380872 0.450753 0.000010
0.000010 0.987842 0.000010 0.000010 0.012128
0.000010 0.000010 0.551806 0.000010 0.448164
0.000010 0.000010 0.380411 0.306562 0.313007
0.000010 0.000010 0.180554 0.000010 0.819416
0.000010 0.000010 0.249199 0.218139 0.532642
0.000010 0.999960 0.000010 0.000010 0.000010
0.000010 0.999960 0.000010 0.000010 0.000010
0.042562 0.004334 0.672148 0.000010 0.280946
0.213938 0.004309 0.000010 0.539533 0.242211
0.000010 0.998145 0.000010 0.001825 0.000010
0.149386 0.022607 0.215685 0.612312 0.000010
0.421731 0.021412 0.275783 0.281064 0.000010
0.156168 0.004057 0.240445 0.000010 0.599320
0.000010 0.999960 0.000010 0.000010 0.000010
0.000010 0.000010 0.000010 0.280653 0.719317
0.000010 0.008953 0.249434 0.367869 0.373734
0.361386 0.000010 0.237117 0.247043 0.154445
0.977279 0.022691 0.000010 0.000010 0.000010
0.001346 0.998624 0.000010 0.000010 0.000010
0.000010 0.999960 0.000010 0.000010 0.000010
0.030968 0.969002 0.000010 0.000010 0.000010
0.443965 0.004739 0.324875 0.226411 0.000010
0.517519 0.000010 0.482451 0.000010 0.000010
0.523534 0.000010 0.000010 0.172945 0.303502
0.000010 0.013615 0.000010 0.000010 0.986355
0.000010 0.000010 0.000010 0.999960 0.000010
0.684320 0.000010 0.000010 0.000010 0.315650
0.000010 0.430552 0.000010 0.569418 0.000010
0.000010 0.008033 0.585625 0.000010 0.406322
0.231425 0.000010 0.447078 0.000010 0.321477
0.000010 0.000010 0.000010 0.000010 0.999960
0.273745 0.000010 0.373895 0.000010 0.352339
0.428019 0.000010 0.204864 0.367097 0.000010
0.000010 0.000010 0.080729 0.476208 0.443043
0.401279 0.000010 0.000010 0.000010 0.598691
0.000010 0.000010 0.423513 0.000010 0.576457
0.000010 0.000010 0.815634 0.000010 0.184336
0.327013 0.000010 0.331075 0.048406 0.293496
0.000010 0.078912 0.921058 0.000010 0.000010
0.000010 0.000010 0.999960 0.000010 0.000010
0.000010 0.979600 0.000010 0.000010 0.020370
0.000010 0.999960 0.000010 0.000010 0.000010
0.061810 0.000010 0.661817 0.000010 0.276353
0.433461 0.000010 0.196709 0.027023 0.342798
0.069852 0.000010 0.368329 0.180418 0.381392
0.000010 0.000010 0.375329 0.152497 0.472154
0.000017 0.000010 0.740153 0.259810 0.000010
0.000010 0.000010 0.000010 0.999960 0.000010
0.000010 0.000010 0.498738 0.000010 0.501232
0.203089 0.000010 0.352044 0.000010 0.444847
0.349740 0.000010 0.000010 0.032483 0.617757
0.222025 0.000010 0.000010 0.777945 0.000010
0.716427 0.000010 0.283543 0.000010 0.000010
0.000010 0.999960 0.000010 0.000010 0.000010
0.000010 0.000010 0.000010 0.536057 0.463913
0.000010 0.000010 0.202228 0.797742 0.000010
0.000171 0.969491 0.000010 0.030318 0.000010
0.178078 0.000010 0.403785 0.418117 0.000010
0.250475 0.000010 0.151165 0.114238 0.484112
0.000010 0.000010 0.000010 0.999960 0.000010
0.000010 0.999960 0.000010 0.000010 0.000010
0.295641 0.000010 0.000010 0.704329 0.000010
0.000010 0.004429 0.393087 0.541006 0.061469
0.591448 0.000010 0.000010 0.000010 0.408522
0.488664 0.000010 0.141901 0.000010 0.369415
0.308409 0.000309 0.120774 0.403138 0.167370
0.000012 0.999958 0.000010 0.000010 0.000010
0.000010 0.999960 0.000010 0.000010 0.000010
0.000010 0.999960 0.000010 0.000010 0.000010
0.000010 0.999960 0.000010 0.000010 0.000010
0.346137 0.000010 0.127037 0.000010 0.526807
0.000010 0.999960 0.000010 0.000010 0.000010
0.000010 0.984088 0.015882 0.000010 0.000010
0.263493 0.017163 0.197348 0.071513 0.450483
0.285705 0.000010 0.000010 0.362781 0.351493
0.441594 0.016616 0.037921 0.188401 0.315467
0.000010 0.010635 0.000010 0.645594 0.343751
0.269709 0.000010 0.154335 0.393269 0.182677
0.433400 0.000010 0.000010 0.000010 0.566570
0.000010 0.000010 0.000010 0.000010 0.999960
0.203550 0.000010 0.316674 0.097937 0.381830
0.464628 0.000010 0.000010 0.198837 0.336515
0.178653 0.000010 0.000010 0.702376 0.118952
0.103870 0.012669 0.575380 0.015992 0.292089
0.305572 0.000010 0.434951 0.000010 0.259457
0.140744 0.000010 0.493401 0.365835 0.000010
0.252654 0.000010 0.000010 0.333458 0.413868
0.968183 0.031787 0.000010 0.000010 0.000010
0.557142 0.007165 0.085407 0.350276 0.000010
0.302282 0.004008 0.101857 0.533350 0.058503
0.000010 0.000010 0.000010 0.999960 0.000010
0.000010 0.000010 0.510424 0.191050 0.298506
0.000010 0.215186 0.000010 0.000010 0.784784
0.000010 0.000010 0.320166 0.370851 0.308962
0.393667 0.000010 0.148491 0.189448 0.268384
0.055828 0.000010 0.189778 0.538331 0.216053
0.286220 0.000010 0.713750 0.000010 0.000010
0.567800 0.000010 0.000010 0.236814 0.195366
0.120082 0.004048 0.000010 0.493002 0.382858
0.000010 0.000010 0.240072 0.099374 0.660534
0.000010 0.000010 0.450821 0.000010 0.549149
0.000010 0.000010 0.013124 0.462458 0.524398
0.081115 0.004025 0.335661 0.019838 0.559360
0.000010 0.000010 0.280679 0.000010 0.719291
0.298000 0.000010 0.072929 0.393813 0.235248
0.213360 0.000010 0.000010 0.396003 0.390617
0.167843 0.000010 0.000010 0.402910 0.429227
0.000010 0.000010 0.262231 0.262176 0.475573
0.158861 0.000010 0.000010 0.000010 0.841109
0.000010 0.000010 0.000010 0.526695 0.473275
0.000010 0.999960 0.000010 0.000010 0.000010
0.000010 0.000010 0.000010 0.999960 0.000010
0.000010 0.000010 0.557273 0.000010 0.442697
0.123358 0.000010 0.405291 0.248709 0.222631
0.353180 0.000010 0.000010 0.505226 0.141574
0.000010 0.000010 0.000010 0.520388 0.479582
0.000010 0.026766 0.587091 0.112058 0.274075
0.328932 0.000010 0.000010 0.671038 0.000010
0.159947 0.000010 0.385816 0.000010 0.454217
0.775845 0.027933 0.196202 0.000010 0.000010
0.085927 0.000010 0.000010 0.000010 0.914043
0.000010 0.000010 0.294147 0.000010 0.705823
0.000010 0.000010 0.808117 0.000010 0.191853
0.000010 0.999960 0.000010 0.000010 0.000010
0.000010 0.999960 0.000010 0.000010 0.000010
0.000010 0.000010 0.000010 0.479584 0.520386
0.000010 0.000010 0.000010 0.999960 0.000010
0.000010 0.998363 0.000010 0.001607 0.000010
0.532050 0.006477 0.001299 0.000010 0.460164
0.000010 0.000010 0.823368 0.000010 0.176602
0.000010 0.000010 0.013681 0.000010 0.986289
0.264764 0.000010 0.269829 0.000010 0.465386
0.193285 0.004189 0.057262 0.745253 0.000010
0.597447 0.000010 0.000010 0.232146 0.170386
0.464889 0.000010 0.000010 0.000010 0.535081
0.000010 0.000010 0.123985 0.446742 0.429253
0.283528 0.000010 0.153221 0.000010 0.563230
0.445402 0.000010 0.000010 0.448063 0.106515
0.510519 0.000010 0.100107 0.000010 0.389354
0.000010 0.000010 0.140312 0.000010 0.859658
0.270476 0.000010 0.000010 0.000010 0.729494
0.000010 0.000010 0.000010 0.149354 0.850616
0.153282 0.000010 0.153680 0.266641 0.426386
0.000010 0.081406 0.365979 0.000010 0.552595
0.600795 0.000010 0.000010 0.399175 0.000010
0.000010 0.000010 0.241064 0.079117 0.679799
0.559330 0.000010 0.073045 0.000010 0.367606
0.356821 0.052905 0.590254 0.000010 0.000010
0.494407 0.004729 0.407292 0.000010 0.093563
0.320064 0.000010 0.000010 0.000010 0.679906
0.028293 0.000010 0.000010 0.579964 0.391723
0.609609 0.011097 0.379274 0.000010 0.000010
0.120160 0.000010 0.345754 0.412792 0.121284
0.681588 0.046770 0.000010 0.271622 0.000010
0.000010 0.000010 0.000010 0.000010 0.999960
0.000010 0.000010 0.698505 0.000010 0.301465
0.000010 0.000010 0.138580 0.343716 0.517683
0.000010 0.000010 0.000010 0.044617 0.955353
0.000010 0.000010 0.620965 0.000010 0.379005
0.077504 0.000010 0.282866 0.250860 0.388760
0.312504 0.000010 0.000010 0.575161 0.112316
0.227115 0.000010 0.000010 0.772855 0.000010
0.992615 0.007355 0.000010 0.000010 0.000010
0.350101 0.000010 0.000010 0.649869 0.000010
0.003124 0.000010 0.000010 0.000010 0.996846
0.393464 0.000010 0.000010 0.248300 0.358215
0.100042 0.000010 0.015129 0.457007 0.427812
0.000010 0.000010 0.519123 0.480847 0.000010
0.000010 0.430368 0.317935 0.251677 0.000010
0.000010 0.000010 0.605154 0.000010 0.394816
0.000010 0.000010 0.000010 0.999960 0.000010
0.357323 0.176113 0.159040 0.000010 0.307514
0.482028 0.017916 0.000010 0.170096 0.329950
0.492411 0.000010 0.000010 0.002958 0.504611
0.245551 0.000010 0.000010 0.754419 0.000010
0.000010 0.159618 0.000010 0.840352 0.000010
0.836530 0.000010 0.070428 0.093022 0.000010
0.325995 0.000010 0.418225 0.096818 0.158952
0.313450 0.000010 0.233556 0.387822 0.065162
0.000010 0.000010 0.000010 0.000010 0.999960
0.000010 0.000010 0.000010 0.907022 0.092948
0.000010 0.000010 0.835153 0.164817 0.000010
0.000010 0.000010 0.000010 0.999960 0.000010
0.000010 0.999960 0.000010 0.000010 0.000010
0.660942 0.000010 0.000010 0.000010 0.339028
0.189822 0.000010 0.174415 0.104113 0.531640
0.000010 0.000010 0.000010 0.999960 0.000010
0.158463 0.000010 0.226827 0.121619 0.493082
0.454271 0.000010 0.000010 0.545699 0.000010
0.000010 0.999960 0.000010 0.000010 0.000010
0.000010 0.999959 0.000011 0.000010 0.000010
0.000010 0.000010 0.281133 0.000010 0.718837
0.000010 0.000010 0.000010 0.999960 0.000010
0.000010 0.001966 0.246667 0.751348 0.000010
0.414178 0.003965 0.181747 0.356349 0.043762
0.291621 0.000010 0.452923 0.000010 0.255435
0.000010 0.999960 0.000010 0.000010 0.000010
0.042504 0.000010 0.000010 0.551663 0.405813
0.382359 0.000010 0.139239 0.205784 0.272608
0.000010 0.000010 0.182636 0.321884 0.495461
0.000010 0.000010 0.000010 0.999960 0.000010
0.470926 0.000010 0.000010 0.000010 0.529044
0.000010 0.982262 0.000010 0.000010 0.017708
0.384057 0.000010 0.000010 0.615913 0.000010
0.999960 0.000010 0.000010 0.000010 0.000010
0.000010 0.999960 0.000010 0.000010 0.000010
0.000010 0.999960 0.000010 0.000010 0.000010
0.416459 0.004958 0.168892 0.409680 0.000010
0.000010 0.000010 0.374199 0.000010 0.625771
0.262087 0.000010 0.451361 0.286531 0.000010
0.000010 0.982001 0.017969 0.000010 0.000010
0.163761 0.000010 0.179658 0.000010 0.656561
0.344402 0.000010 0.396842 0.206740 0.052006
0.027853 0.000010 0.108915 0.421834 0.441389
0.000010 0.000010 0.414452 0.000010 0.585518
0.000010 0.992484 0.000010 0.007486 0.000010
0.000010 0.000018 0.263545 0.000010 0.736417
0.515093 0.000010 0.484877 0.000010 0.000010
0.178486 0.000010 0.000010 0.510703 0.310791
0.000010 0.000010 0.507238 0.492732 0.000010
0.000010 0.031552 0.000010 0.968418 0.000010
0.166129 0.017046 0.000010 0.000010 0.816806
0.000010 0.000010 0.000010 0.331472 0.668498
0.720136 0.000010 0.000010 0.279834 0.000010
0.000010 0.000010 0.000010 0.171766 0.828204
0.103048 0.000010 0.000010 0.393584 0.503348
0.904920 0.000010 0.095050 0.000010 0.000010
0.160704 0.000010 0.313376 0.525900 0.000010
0.512260 0.000010 0.487710 0.000010 0.000010
0.999960 0.000010 0.000010 0.000010 0.000010
0.170100 0.000010 0.196603 0.633277 0.000010
0.220815 0.000010 0.199556 0.247064 0.332555
0.999960 0.000010 0.000010 0.000010 0.000010
0.283253 0.000010 0.116274 0.000010 0.600453
0.781003 0.000010 0.000010 0.218967 0.000010
0.180478 0.000010 0.254206 0.271520 0.293786
0.264204 0.000010 0.106620 0.060605 0.568560
0.190302 0.000010 0.180996 0.493794 0.134897
0.000010 0.000010 0.000010 0.999960 0.000010
0.000011 0.999958 0.000011 0.000010 0.000010
0.638733 0.000010 0.000010 0.100650 0.260597
0.000010 0.000010 0.000010 0.000010 0.999960
0.000010 0.000010 0.309350 0.248978 0.441652
0.000010 0.000010 0.000010 0.999960 0.000010
0.258887 0.000010 0.197685 0.000010 0.543408
0.403397 0.000010 0.000010 0.360309 0.236275
0.121038 0.000010 0.148227 0.435747 0.294978
0.205629 0.000010 0.164790 0.300758 0.328813
0.331483 0.000010 0.000010 0.425725 0.242772
0.000010 0.000010 0.569802 0.149337 0.280841
0.000010 0.000010 0.999960 0.000010 0.000010
0.000010 0.000010 0.000010 0.999960 0.000010
0.000010 0.013399 0.986571 0.000010 0.000010
0.000010 0.000010 0.000010 0.999960 0.000010
0.125300 0.000010 0.186712 0.223912 0.464066
0.000010 0.000010 0.875051 0.000010 0.124919
0.336262 0.000010 0.000010 0.419910 0.243808
0.000010 0.000010 0.125052 0.546501 0.328427
0.000010 0.000010 0.354833 0.269732 0.375414
0.260520 0.000010 0.207198 0.532262 0.000010
0.378635 0.000010 0.234280 0.387065 0.000010
0.647440 0.000010 0.204527 0.148013 0.000010
0.999960 0.000010 0.000010 0.000010 0.000010
0.522833 0.000010 0.190387 0.254414 0.032357
0.000010 0.999960 0.000010 0.000010 0.000010
0.192866 0.000010 0.000010 0.455753 0.351362
0.479176 0.000010 0.153963 0.000010 0.366840
0.199348 0.000010 0.000010 0.000010 0.800622
0.000010 0.007560 0.000010 0.252639 0.739781
0.000010 0.000010 0.252061 0.033379 0.714540
0.000010 0.000010 0.407752 0.328866 0.263361
0.000010 0.000010 0.999960 0.000010 0.000010
0.260829 0.014418 0.585281 0.139365 0.000107
0.143740 0.017989 0.202980 0.136770 0.498521
0.312750 0.000010 0.000010 0.687220 0.000010
0.095695 0.008796 0.493767 0.306342 0.095400
0.000010 0.000010 0.386434 0.613536 0.000010
0.000010 0.000010 0.269597 0.418646 0.311737
0.461370 0.000010 0.000010 0.176303 0.362307
0.000010 0.000010 0.139167 0.302808 0.558004
0.000010 0.063277 0.000010 0.000010 0.936693
0.395034 0.000010 0.000010 0.604936 0.000010
0.295720 0.000010 0.236726 0.000010 0.467534
0.000010 0.000010 0.999960 0.000010 0.000010
0.145653 0.000010 0.246129 0.452659 0.155550
0.527213 0.000010 0.000010 0.000010 0.472757
0.241112 0.000010 0.000010 0.000010 0.758858
0.134038 0.000010 0.368763 0.214789 0.282400
0.000010 0.999960 0.000010 0.000010 0.000010
0.633536 0.000010 0.000010 0.163986 0.202458
0.000010 0.000010 0.250169 0.472175 0.277636
0.443746 0.000010 0.000010 0.000010 0.556224
0.000010 0.999960 0.000010 0.000010 0.000010
0.000010 0.000010 0.413491 0.341251 0.245238
0.000010 0.000010 0.142183 0.697916 0.159881
0.591732 0.000010 0.000010 0.408238 0.000010
0.058031 0.003740 0.000010 0.254330 0.683889
0.000010 0.000010 0.186281 0.674776 0.138923
0.000010 0.000010 0.000010 0.000010 0.999960
0.000010 0.000010 0.395979 0.000010 0.603991
0.410738 0.023189 0.000010 0.295929 0.270133
0.081921 0.000010 0.497408 0.420651 0.000010
0.000010 0.000010 0.000010 0.999960 0.000010
0.454937 0.000010 0.380232 0.164811 0.000010
0.151351 0.000010 0.263874 0.349155 0.235610
0.512791 0.000010 0.000010 0.137050 0.350140
0.000010 0.000010 0.462114 0.150637 0.387230
0.000010 0.015939 0.000010 0.984031 0.000010
0.177151 0.000010 0.000010 0.303282 0.519547
0.000010 0.000010 0.630165 0.369805 0.000010
0.228390 0.000010 0.000010 0.771580 0.000010
0.130841 0.000010 0.463203 0.000010 0.405936
0.000010 0.000010 0.400355 0.599615 0.000010
0.597194 0.000010 0.402776 0.000010 0.000010
0.049457 0.000010 0.000010 0.639241 0.311282
0.087880 0.000010 0.119443 0.265894 0.526773
0.000010 0.000010 0.445864 0.000010 0.554106
0.000010 0.000010 0.000010 0.689013 0.310957
0.000010 0.000010 0.231426 0.353233 0.415321
0.054290 0.000010 0.134089 0.282161 0.529450
0.000010 0.000010 0.000010 0.449789 0.550181
0.286206 0.000011 0.000010 0.000010 0.713763
0.000010 0.026302 0.000010 0.000010 0.973668
0.267464 0.000010 0.326986 0.405531 0.000010
0.000010 0.000010 0.577906 0.031571 0.390503
0.210347 0.000010 0.000010 0.000010 0.789623
0.000010 0.000010 0.327900 0.672070 0.000010
0.000010 0.000010 0.000010 0.999960 0.000010
0.439990 0.112367 0.000010 0.447623 0.000010
0.111744 0.000010 0.020726 0.786393 0.081127
0.000010 0.000010 0.999960 0.000010 0.000010
0.509198 0.000010 0.000010 0.410935 0.079846
0.000010 0.000010 0.000010 0.999960 0.000010
0.286707 0.000010 0.000010 0.000010 0.713263
0.000010 0.999960 0.000010 0.000010 0.000010
0.000010 0.999960 0.000010 0.000010 0.000010
0.000010 0.030516 0.969454 0.000010 0.000010
0.000010 0.000010 0.000010 0.000010 0.999960
0.000010 0.000010 0.672553 0.000010 0.327417
0.254032 0.000010 0.526140 0.000010 0.219807
0.000010 0.004681 0.000010 0.766516 0.228784
0.011580 0.940242 0.015099 0.000010 0.033070
0.000010 0.000010 0.000010 0.999960 0.000010
0.003858 0.996112 0.000010 0.000010 0.000010
0.000010 0.000010 0.240601 0.314743 0.444637
0.000010 0.000010 0.464009 0.133434 0.402537
0.000010 0.999960 0.000010 0.000010 0.000010
0.460503 0.032266 0.189750 0.317470 0.000010
0.243324 0.000010 0.174975 0.000010 0.581681
0.000010 0.000010 0.155172 0.196887 0.647921
0.431401 0.000010 0.000010 0.272040 0.296539
0.000010 0.000010 0.000010 0.000010 0.999960
0.310249 0.000010 0.689721 0.000010 0.000010
0.324227 0.000010 0.000010 0.000010 0.675743
0.826487 0.000010 0.000010 0.000010 0.173483
0.000010 0.000010 0.345290 0.282405 0.372284
0.000010 0.000010 0.999960 0.000010 0.000010
0.000010 0.053828 0.000010 0.276084 0.670068
0.276556 0.000010 0.415791 0.114302 0.193341
0.323091 0.000010 0.063437 0.000010 0.613452
0.000010 0.004649 0.247351 0.416272 0.331718
0.000010 0.999960 0.000010 0.000010 0.000010
0.000010 0.000010 0.342311 0.348793 0.308876
0.000010 0.000010 0.818959 0.181011 0.000010
0.287075 0.000010 0.000010 0.000010 0.712895
0.000010 0.992197 0.000010 0.000010 0.007773
0.000010 0.020916 0.000010 0.979054 0.000010
0.132610 0.000010 0.467524 0.000010 0.399845
0.000010 0.966138 0.000010 0.033832 0.000010
0.000010 0.999960 0.000010 0.000010 0.000010
0.000010 0.999960 0.000010 0.000010 0.000010
0.000010 0.000010 0.999960 0.000010 0.000010
0.304359 0.000010 0.000010 0.169538 0.526084
0.535964 0.000010 0.000010 0.211582 0.252434
0.138208 0.000010 0.148330 0.103638 0.609813
0.597066 0.007758 0.395156 0.000010 0.000010
0.000010 0.989429 0.000010 0.010541 0.000010
0.142567 0.008862 0.246886 0.601675 0.000010
0.389060 0.000010 0.151385 0.245994 0.213551
0.000010 0.999960 0.000010 0.000010 0.000010
0.671561 0.005378 0.000010 0.000010 0.323042
0.000010 0.000010 0.999960 0.000010 0.000010
0.377303 0.000010 0.246962 0.095901 0.279823
0.419508 0.003897 0.354585 0.000010 0.222000
0.000010 0.463547 0.536423 0.000010 0.000010
0.058678 0.000010 0.200373 0.609042 0.131897
0.000010 0.000010 0.999960 0.000010 0.000010
0.000010 0.999960 0.000010 0.000010 0.000010
0.000010 0.999960 0.000010 0.000010 0.000010
0.000010 0.999960 0.000010 0.000010 0.000010
0.000010 0.999960 0.000010 0.000010 0.000010
0.158452 0.000010 0.248142 0.583434 0.009962
0.569166 0.000010 0.430804 0.000010 0.000010
0.000010 0.999960 0.000010 0.000010 0.000010
0.999960 0.000010 0.000010 0.000010 0.000010
0.000010 0.999960 0.000010 0.000010 0.000010
0.000010 0.999960 0.000010 0.000010 0.000010
0.365142 0.025578 0.309013 0.300256 0.000010
0.082066 0.004720 0.380041 0.338937 0.194237
0.000010 0.000010 0.782448 0.217522 0.000010
0.416434 0.000010 0.583536 0.000010 0.000010
0.000010 0.020242 0.000010 0.273514 0.706224
0.000010 0.007863 0.000010 0.343877 0.648240
0.045010 0.711935 0.107355 0.135690 0.000010
0.082832 0.000010 0.785780 0.000010 0.131368
0.000010 0.999960 0.000010 0.000010 0.000010
0.333684 0.000010 0.183768 0.086972 0.395566
0.000010 0.047530 0.000010 0.541862 0.410588
0.999960 0.000010 0.000010 0.000010 0.000010
0.274728 0.000010 0.462764 0.262488 0.000010
0.000010 0.000010 0.000010 0.999960 0.000010
0.000010 0.000010 0.000010 0.000010 0.999960
0.258941 0.000010 0.000010 0.635037 0.106002
0.198714 0.038675 0.356635 0.313843 0.092134
0.369672 0.000010 0.000010 0.154756 0.475552
0.447548 0.000010 0.000010 0.000010 0.552422
0.000010 0.000010 0.277465 0.305991 0.416524
0.310024 0.000010 0.118186 0.456252 0.115528
0.145117 0.003850 0.000010 0.394470 0.456553
0.999960 0.000010 0.000010 0.000010 0.000010
0.999960 0.000010 0.000010 0.000010 0.000010
0.744822 0.000010 0.039402 0.215756 0.000010
0.137567 0.000010 0.000010 0.284575 0.577838
0.296020 0.000010 0.000010 0.000010 0.703950
0.767215 0.232755 0.000010 0.000010 0.000010
0.000010 0.007652 0.992318 0.000010 0.000010
0.000010 0.009644 0.000010 0.990326 0.000010
0.000010 0.064533 0.935437 0.000010 0.000010
0.558031 0.000010 0.116859 0.325090 0.000010
0.000010 0.027529 0.713616 0.000010 0.258835
0.012931 0.987039 0.000010 0.000010 0.000010
0.000010 0.999960 0.000010 0.000010 0.000010
0.322580 0.000010 0.224700 0.440484 0.012226
0.000010 0.000010 0.999960 0.000010 0.000010
0.000010 0.000011 0.000010 0.628719 0.371251
0.999960 0.000010 0.000010 0.000010 0.000010
0.000010 0.000010 0.000010 0.000010 0.999960
0.588214 0.000010 0.174274 0.237492 0.000010
0.000010 0.938431 0.000010 0.061539 0.000010
0.000010 0.000010 0.695946 0.304024 0.000010
0.000010 0.000010 0.216208 0.000010 0.783762
0.000010 0.000010 0.206819 0.094405 0.698756
0.000010 0.000010 0.000010 0.000010 0.999960
0.123148 0.000010 0.000010 0.000010 0.876822
0.187208 0.000010 0.292636 0.135888 0.384258
0.999960 0.000010 0.000010 0.000010 0.000010
0.000010 0.000010 0.000010 0.570335 0.429635
0.656011 0.000010 0.000010 0.000010 0.343959
0.000010 0.000010 0.440686 0.559284 0.000010
0.434284 0.000010 0.000010 0.565686 0.000010
0.464659 0.000010 0.000010 0.535311 0.000010
0.000010 0.000010 0.518437 0.169902 0.311641
0.197559 0.029579 0.165974 0.280963 0.325924
0.201275 0.000010 0.105540 0.000010 0.693165
0.000010 0.000010 0.999960 0.000010 0.000010
0.000010 0.000010 0.214579 0.400298 0.385103
0.243639 0.000010 0.000010 0.231215 0.525127
0.383687 0.000010 0.000010 0.000010 0.616283
0.651632 0.000010 0.348338 0.000010 0.000010
0.546633 0.000010 0.000010 0.000010 0.453337
0.000010 0.991228 0.000010 0.000010 0.008742
0.303241 0.016057 0.000010 0.000010 0.680682
0.438309 0.003056 0.261248 0.000010 0.297378
0.000010 0.000010 0.000010 0.540286 0.459684
0.568141 0.022509 0.409330 0.000010 0.000010
0.000010 0.000010 0.000010 0.999960 0.000010
0.081255 0.000010 0.664160 0.254565 0.000010
0.000010 0.000010 0.000010 0.482040 0.517930
0.000010 0.000010 0.487744 0.000010 0.512226
0.252180 0.000010 0.284123 0.094095 0.369592
0.000010 0.000010 0.818048 0.000010 0.181922
0.185187 0.000010 0.000010 0.448866 0.365927
0.214599 0.194906 0.327862 0.262623 0.000010
0.808622 0.000010 0.000010 0.000010 0.191348
0.560235 0.019389 0.000010 0.420356 0.000010
0.000010 0.000010 0.248464 0.464718 0.286798
0.000010 0.000010 0.000010 0.385728 0.614242
0.000010 0.000010 0.000010 0.000010 0.999960
0.000010 0.996780 0.000010 0.003190 0.000010
0.999960 0.000010 0.000010 0.000010 0.000010
0.057638 0.000010 0.537799 0.404543 0.000010
0.000010 0.959301 0.000010 0.000010 0.040669
0.342050 0.012872 0.167595 0.161624 0.315859
0.000010 0.000010 0.284828 0.402870 0.312282
0.193111 0.010270 0.169432 0.308641 0.318546
0.226302 0.000010 0.287466 0.000010 0.486213
0.434896 0.000010 0.336574 0.228510 0.000010
0.000010 0.999960 0.000010 0.000010 0.000010
0.000010 0.008415 0.000010 0.000010 0.991555
0.000010 0.006251 0.000010 0.620820 0.372909
0.000010 0.000010 0.502979 0.125912 0.371089
0.000010 0.000010 0.999960 0.000010 0.000010
0.000010 0.999956 0.000010 0.000014 0.000010
0.000010 0.000010 0.999960 0.000010 0.000010
0.000010 0.999960 0.000010 0.000010 0.000010
0.000014 0.999956 0.000010 0.000010 0.000010
0.000010 0.991931 0.000010 0.000010 0.008039
0.000010 0.999960 0.000010 0.000010 0.000010
0.000010 0.999960 0.000010 0.000010 0.000010
0.552231 0.000010 0.270282 0.000010 0.177467
0.000010 0.000010 0.348676 0.286133 0.365171
0.332453 0.000010 0.207843 0.188360 0.271334
0.562636 0.000010 0.437334 0.000010 0.000010
0.126824 0.000010 0.000010 0.873146 0.000010
0.000010 0.000010 0.000010 0.999960 0.000010
0.328347 0.000010 0.129386 0.494769 0.047488
0.047253 0.952717 0.000010 0.000010 0.000010
0.130823 0.000010 0.000010 0.557807 0.311350
0.000010 0.004585 0.169261 0.493197 0.332947
0.181172 0.000010 0.000010 0.563027 0.255781
0.228435 0.000010 0.474256 0.297289 0.000010
0.155153 0.000010 0.120705 0.270210 0.453922
0.000010 0.000010 0.000010 0.977846 0.022124
0.479538 0.007135 0.513308 0.000010 0.000010
0.112005 0.000010 0.416328 0.122013 0.349644
0.172691 0.000010 0.012017 0.435315 0.379967
0.343245 0.000010 0.139032 0.517703 0.000010
0.142590 0.000010 0.544686 0.312704 0.000010
0.000010 0.000010 0.000010 0.327310 0.672660
0.052125 0.000010 0.142162 0.402651 0.403052
0.000010 0.000017 0.319472 0.000010 0.680491
0.000010 0.000010 0.051533 0.854977 0.093471
0.000010 0.000010 0.683409 0.316561 0.000010
0.008607 0.000010 0.213574 0.116761 0.661048
0.101886 0.000010 0.169838 0.340728 0.387538
0.190975 0.022121 0.786884 0.000010 0.000010
0.590522 0.048158 0.361300 0.000010 0.000010
0.149833 0.005834 0.018157 0.688458 0.137717
0.000010 0.000010 0.457456 0.542514 0.000010
0.000010 0.999960 0.000010 0.000010 0.000010
0.000010 0.990498 0.009472 0.000010 0.000010
0.000010 0.999960 0.000010 0.000010 0.000010
0.000010 0.000010 0.000010 0.999960 0.000010
0.000010 0.999960 0.000010 0.000010 0.000010
0.287576 0.018538 0.046158 0.306613 0.341115
0.999960 0.000010 0.000010 0.000010 0.000010
0.000010 0.967297 0.000010 0.000010 0.032673
0.069064 0.006617 0.033430 0.294325 0.596563
0.000010 0.012460 0.307879 0.199702 0.479949
0.366507 0.000010 0.000010 0.297981 0.335492
0.560070 0.000010 0.000010 0.439900 0.000010
0.000010 0.000010 0.303216 0.696754 0.000010
0.268879 0.013303 0.236805 0.059651 0.421363
0.029925 0.970045 0.000010 0.000010 0.000010
0.999960 0.000010 0.000010 0.000010 0.000010
0.371970 0.000010 0.296748 0.331262 0.000010
0.365602 0.000010 0.114210 0.520167 0.000010
0.000010 0.999960 0.000010 0.000010 0.000010
0.205466 0.000010 0.067695 0.474671 0.252158
0.469505 0.003717 0.000010 0.196999 0.329769
0.079354 0.003821 0.205117 0.469070 0.242638
0.590668 0.000010 0.000010 0.409302 0.000010
0.676612 0.000010 0.323358 0.000010 0.000010
0.709063 0.000010 0.000010 0.000010 0.290907
0.820223 0.179747 0.000010 0.000010 0.000010
0.000010 0.000010 0.379203 0.000010 0.620767
0.389648 0.000010 0.507641 0.102691 0.000010
0.000010 0.000010 0.000010 0.999960 0.000010
0.097455 0.012872 0.390282 0.499380 0.000010
0.135712 0.000010 0.254207 0.091285 0.518786
0.999960 0.000010 0.000010 0.000010 0.000010
0.000010 0.982738 0.000010 0.000010 0.017232
0.476634 0.000010 0.000010 0.000010 0.523336
0.000010 0.000010 0.096737 0.000010 0.903233
0.000010 0.000010 0.167429 0.371653 0.460898
0.999960 0.000010 0.000010 0.000010 0.000010
0.260279 0.000010 0.000010 0.739691 0.000010
0.000010 0.999960 0.000010 0.000010 0.000010
0.999960 0.000010 0.000010 0.000010 0.000010
0.577101 0.000010 0.000010 0.000010 0.422869
0.000010 0.999960 0.000010 0.000010 0.000010
0.076550 0.000010 0.276941 0.139743 0.506755
0.060880 0.005827 0.795746 0.045728 0.091819
0.000010 0.000010 0.406692 0.593278 0.000010
0.000010 0.999960 0.000010 0.000010 0.000010
0.123778 0.000010 0.510592 0.133412 0.232208
0.000010 0.000010 0.000010 0.720202 0.279768
0.410238 0.000010 0.000010 0.000010 0.589732
0.579839 0.000010 0.420131 0.000010 0.000010
0.000010 0.242698 0.000010 0.757272 0.000010
0.219075 0.000010 0.100176 0.221381 0.459359
0.000010 0.000010 0.999960 0.000010 0.000010
0.000010 0.000010 0.553735 0.000010 0.446235
0.196351 0.000010 0.525600 0.000010 0.278029
0.000010 0.000010 0.999960 0.000010 0.000010
0.763050 0.000010 0.000010 0.236920 0.000010
0.369251 0.000010 0.000010 0.630719 0.000010
0.000010 0.000010 0.728460 0.000010 0.271510
0.023309 0.976661 0.000010 0.000010 0.000010
0.000010 0.999960 0.000010 0.000010 0.000010
0.203836 0.093591 0.062039 0.000010 0.640524
0.221118 0.000010 0.618893 0.000010 0.159969
0.233337 0.000010 0.470717 0.000010 0.295926
0.129431 0.006262 0.533205 0.071093 0.260010
0.334492 0.000010 0.000010 0.309418 0.356069
0.418003 0.000010 0.400926 0.000010 0.181051
0.208790 0.000010 0.124712 0.000010 0.666478
0.350657 0.025379 0.152921 0.440832 0.030211
0.348872 0.000010 0.000010 0.336791 0.314317
0.000010 0.000010 0.000010 0.000010 0.999960
0.000010 0.000010 0.434779 0.000010 0.565191
0.000010 0.005267 0.864862 0.000010 0.129851
0.999960 0.000010 0.000010 0.000010 0.000010
0.806349 0.033387 0.160244 0.000010 0.000010
0.432245 0.004643 0.207343 0.289135 0.066633
0.543074 0.000010 0.002974 0.000010 0.453932
