0.108863 0.242439 0.163361 0.000010 0.000010 0.000010 0.089278 0.028956 0.000010 0.000010 0.000010 0.367023 0.000010 0.000010
0.137588 0.000010 0.000010 0.000010 0.244176 0.000010 0.011225 0.000010 0.007415 0.000010 0.000010 0.000010 0.000010 0.599506
0.086982 0.000010 0.208177 0.000010 0.146032 0.357468 0.000010 0.000010 0.000010 0.000010 0.087682 0.113579 0.000010 0.000010
0.999870 0.000010 0.000010 0.000010 0.000010 0.000010 0.000010 0.000010 0.000010 0.000010 0.000010 0.000010 0.000010 0.000010
0.000010 0.000010 0.253756 0.000010 0.000010 0.242006 0.258181 0.000010 0.000010 0.000010 0.143479 0.102489 0.000010 0.000010
0.238950 0.000010 0.000010 0.000010 0.418692 0.000010 0.000010 0.000010 0.000010 0.000010 0.000010 0.000010 0.000010 0.342247
0.000010 0.000010 0.000010 0.000010 0.468979 0.000010 0.356262 0.000010 0.000010 0.027186 0.000010 0.000010 0.000010 0.147473
0.223416 0.020857 0.512724 0.000010 0.000010 0.000010 0.000010 0.033604 0.000010 0.000010 0.000010 0.101216 0.000010 0.108104
0.121818 0.000010 0.000010 0.000010 0.000010 0.229762 0.000010 0.000010 0.000010 0.000010 0.449552 0.000010 0.000010 0.198768
0.066211 0.000010 0.000010 0.000010 0.000010 0.000010 0.045339 0.067777 0.080541 0.160100 0.036289 0.026551 0.517130 0.000010
0.000010 0.000010 0.000010 0.459519 0.000010 0.000010 0.000010 0.000010 0.000010 0.540361 0.000010 0.000010 0.000010 0.000010
0.000010 0.985187 0.000010 0.000010 0.000010 0.000010 0.000010 0.000010 0.014693 0.000010 0.000010 0.000010 0.000010 0.000010
0.158832 0.000010 0.000010 0.000010 0.000010 0.319178 0.000010 0.000010 0.000010 0.000010 0.186528 0.335362 0.000010 0.000010
0.109008 0.000010 0.180177 0.000010 0.000010 0.175274 0.062145 0.000010 0.000010 0.000010 0.100369 0.372947 0.000010 0.000010
0.000010 0.075177 0.000010 0.000010 0.194164 0.073765 0.000010 0.296933 0.000010 0.000010 0.285875 0.074006 0.000010 0.000010
0.000010 0.000010 0.000010 0.000010 0.000010 0.000010 0.269855 0.000010 0.000010 0.000010 0.730025 0.000010 0.000010 0.000010
0.000010 0.000010 0.000010 0.000010 0.000010 0.000010 0.000010 0.000010 0.999870 0.000010 0.000010 0.000010 0.000010 0.000010
0.000010 0.000010 0.000010 0.000010 0.000010 0.000010 0.000010 0.000010 0.000010 0.000010 0.000010 0.000010 0.999870 0.000010
0.999870 0.000010 0.000010 0.000010 0.000010 0.000010 0.000010 0.000010 0.000010 0.000010 0.000010 0.000010 0.000010 0.000010
0.000010 0.000010 0.000010 0.000010 0.000010 0.000010 0.000010 0.000010 0.999870 0.000010 0.000010 0.000010 0.000010 0.000010
0.000010 0.555294 0.000010 0.000010 0.000010 0.000010 0.000010 0.000010 0.000010 0.000010 0.000010 0.000010 0.444586 0.000010
0.000010 0.000010 0.000010 0.000010 0.000010 0.319808 0.002368 0.358681 0.000010 0.000010 0.319042 0.000010 0.000010 0.000010
0.000010 0.000010 0.000010 0.000010 0.000010 0.000010 0.000010 0.000010 0.999870 0.000010 0.000010 0.000010 0.000010 0.000010
0.000010 0.000010 0.000010 0.905287 0.000010 0.000010 0.000010 0.000010 0.094593 0.000010 0.000010 0.000010 0.000010 0.000010
0.000010 0.000010 0.000010 0.000010 0.000010 0.000010 0.000010 0.000010 0.339507 0.544233 0.000010 0.000010 0.116150 0.000010
0.259900 0.000010 0.000010 0.000010 0.000010 0.000010 0.000010 0.000010 0.000010 0.000010 0.271325 0.000010 0.000010 0.468664
0.188182 0.211056 0.000010 0.000010 0.000010 0.206741 0.112785 0.000010 0.000010 0.000010 0.000010 0.281146 0.000010 0.000010
0.000010 0.000010 0.161424 0.000010 0.000010 0.485274 0.000010 0.000010 0.018169 0.000010 0.106792 0.228252 0.000010 0.000010
0.000010 0.000010 0.000010 0.000010 0.000010 0.246487 0.557350 0.182589 0.000010 0.000010 0.013474 0.000010 0.000010 0.000010
0.000010 0.000010 0.000010 0.000010 0.000010 0.000010 0.000010 0.000010 0.000010 0.999870 0.000010 0.000010 0.000010 0.000010
0.000010 0.000010 0.000010 0.376684 0.000010 0.000010 0.000010 0.000010 0.043845 0.398778 0.000010 0.000010 0.180592 0.000010
0.999870 0.000010 0.000010 0.000010 0.000010 0.000010 0.000010 0.000010 0.000010 0.000010 0.000010 0.000010 0.000010 0.000010
0.000010 0.000010 0.000010 0.999870 0.000010 0.000010 0.000010 0.000010 0.000010 0.000010 0.000010 0.000010 0.000010 0.000010
0.000010 0.000010 0.624058 0.000010 0.000010 0.000010 0.000010 0.000010 0.000010 0.000010 0.000010 0.000010 0.183424 0.192408
0.000010 0.000010 0.380011 0.000010 0.000010 0.000010 0.000010 0.000010 0.000010 0.000010 0.000010 0.607017 0.012862 0.000010
0.000010 0.367927 0.000010 0.000010 0.446425 0.185538 0.000010 0.000010 0.000010 0.000010 0.000010 0.000010 0.000010 0.000010
0.000010 0.000010 0.000010 0.614466 0.000010 0.000010 0.000010 0.000010 0.385414 0.000010 0.000010 0.000010 0.000010 0.000010
0.000010 0.000010 0.000010 0.695230 0.000010 0.000010 0.000010 0.000010 0.000010 0.000010 0.000010 0.000010 0.304650 0.000010
0.166924 0.000010 0.094304 0.000010 0.000010 0.000010 0.111210 0.299900 0.000010 0.000010 0.327573 0.000010 0.000010 0.000010
0.000010 0.000010 0.000010 0.000010 0.000010 0.127804 0.145213 0.000010 0.000010 0.000010 0.000010 0.428959 0.000010 0.297924
0.000010 0.000010 0.164541 0.000010 0.000010 0.056159 0.091204 0.198233 0.000010 0.000010 0.000010 0.489773 0.000010 0.000010
0.000010 0.000010 0.137142 0.000010 0.000010 0.000010 0.710140 0.000010 0.000010 0.000010 0.152608 0.000010 0.000010 0.000010
0.000010 0.000010 0.079943 0.000010 0.000010 0.000010 0.000010 0.000010 0.253249 0.000010 0.003488 0.000010 0.663220 0.000010
0.098567 0.000010 0.105982 0.000010 0.000010 0.175288 0.513611 0.106462 0.000010 0.000010 0.000010 0.000010 0.000010 0.000010
0.000010 0.000010 0.000010 0.316003 0.000010 0.000010 0.000010 0.000010 0.457028 0.000010 0.000010 0.000010 0.226859 0.000010
0.000010 0.000010 0.341176 0.000010 0.117182 0.268869 0.000010 0.000010 0.000010 0.000010 0.000010 0.180749 0.047355 0.044589
0.161016 0.143529 0.000010 0.000010 0.536777 0.049741 0.056508 0.033728 0.000010 0.000010 0.007884 0.000010 0.010757 0.000010
0.000010 0.000010 0.000010 0.173264 0.000010 0.000010 0.000010 0.000010 0.000010 0.176834 0.000010 0.000010 0.649792 0.000010
0.000010 0.000010 0.000010 0.592630 0.000010 0.000010 0.000010 0.000010 0.230208 0.000010 0.000010 0.000010 0.177053 0.000010
0.000010 0.394448 0.000010 0.000010 0.239019 0.010815 0.000010 0.000010 0.000010 0.000010 0.000010 0.000010 0.000010 0.355618
0.000010 0.000010 0.000010 0.000010 0.071636 0.079540 0.326803 0.000010 0.000010 0.000010 0.153374 0.000010 0.000010 0.368556
0.000010 0.210927 0.100207 0.000010 0.000010 0.000010 0.000010 0.331337 0.000010 0.000010 0.357429 0.000010 0.000010 0.000010
0.074179 0.000010 0.000010 0.925701 0.000010 0.000010 0.000010 0.000010 0.000010 0.000010 0.000010 0.000010 0.000010 0.000010
0.000010 0.000010 0.000010 0.000010 0.000010 0.000010 0.519147 0.000010 0.000010 0.000010 0.000010 0.480733 0.000010 0.000010
0.000010 0.000010 0.328385 0.000010 0.000010 0.205073 0.249570 0.000010 0.000010 0.000010 0.124319 0.000010 0.000010 0.092562
0.115057 0.000010 0.000010 0.316510 0.000010 0.000010 0.000010 0.000010 0.000010 0.000010 0.000010 0.000010 0.568323 0.000010
0.000010 0.000010 0.000010 0.000010 0.000010 0.149027 0.076700 0.000010 0.000010 0.000010 0.000010 0.424203 0.000010 0.349970
0.000010 0.000010 0.000010 0.000010 0.000010 0.000010 0.000010 0.000010 0.000010 0.000010 0.000010 0.494893 0.000010 0.504987
0.000010 0.000010 0.000010 0.000010 0.000010 0.000010 0.000010 0.000010 0.000010 0.000010 0.275449 0.724431 0.000010 0.000010
0.124609 0.000010 0.000010 0.000010 0.306209 0.000010 0.000010 0.130962 0.000010 0.000010 0.168155 0.269976 0.000010 0.000010
0.000010 0.000010 0.153099 0.000010 0.000010 0.188817 0.386939 0.000010 0.000010 0.000010 0.271045 0.000010 0.000010 0.000010
0.000010 0.000010 0.000010 0.000010 0.000010 0.000010 0.384124 0.000010 0.000010 0.000010 0.102132 0.478779 0.000010 0.034865
0.000010 0.195305 0.000010 0.000010 0.000010 0.000010 0.000010 0.081745 0.000010 0.000010 0.188773 0.534077 0.000010 0.000010
0.000010 0.628444 0.000010 0.000010 0.219297 0.152149 0.000010 0.000010 0.000010 0.000010 0.000010 0.000010 0.000010 0.000010
0.489633 0.243093 0.267165 0.000010 0.000010 0.000010 0.000010 0.000010 0.000010 0.000010 0.000010 0.000010 0.000010 0.000010
0.000010 0.000010 0.000010 0.284767 0.000176 0.000010 0.000010 0.000010 0.295398 0.000010 0.000010 0.000010 0.419559 0.000010
0.000010 0.033374 0.000010 0.000010 0.000010 0.163628 0.000010 0.443860 0.000010 0.000010 0.000010 0.000010 0.000010 0.359037
0.000010 0.000010 0.000010 0.000010 0.227761 0.070429 0.000010 0.367240 0.000010 0.000010 0.325591 0.000010 0.008889 0.000010
0.000010 0.808225 0.000010 0.000010 0.000010 0.000010 0.000010 0.000010 0.000010 0.000010 0.000010 0.000010 0.000010 0.191655
0.000010 0.000010 0.000010 0.000010 0.000010 0.872525 0.000010 0.127355 0.000010 0.000010 0.000010 0.000010 0.000010 0.000010
0.000010 0.093200 0.590906 0.000010 0.000010 0.000010 0.000010 0.000010 0.000010 0.000010 0.315784 0.000010 0.000010 0.000010
0.000010 0.157526 0.032134 0.000010 0.231835 0.000010 0.000010 0.071720 0.000010 0.000010 0.033987 0.371389 0.000010 0.101339
0.000010 0.000010 0.000010 0.000010 0.000010 0.000010 0.999870 0.000010 0.000010 0.000010 0.000010 0.000010 0.000010 0.000010
0.000010 0.000010 0.000010 0.000010 0.174179 0.000010 0.090441 0.000010 0.000010 0.000010 0.259332 0.422616 0.000010 0.053342
0.294836 0.252796 0.000010 0.000010 0.000010 0.000010 0.007640 0.332043 0.000010 0.000010 0.000010 0.000010 0.000010 0.112595
0.000010 0.000010 0.908580 0.000010 0.000010 0.000010 0.000010 0.000010 0.000010 0.000010 0.000010 0.000010 0.000010 0.091300
0.000010 0.000010 0.000010 0.690982 0.000010 0.000010 0.000010 0.000010 0.308898 0.000010 0.000010 0.000010 0.000010 0.000010
0.000010 0.000010 0.000010 0.000010 0.000010 0.000010 0.000010 0.000010 0.000010 0.999870 0.000010 0.000010 0.000010 0.000010
0.000010 0.000010 0.000010 0.000010 0.000010 0.000010 0.000010 0.000010 0.000010 0.000010 0.000010 0.000010 0.999870 0.000010
0.907650 0.000010 0.000010 0.000010 0.000010 0.000010 0.000010 0.000010 0.020141 0.072099 0.000010 0.000010 0.000010 0.000010
0.000010 0.000010 0.035438 0.000010 0.463545 0.173492 0.000010 0.204577 0.000010 0.000010 0.000010 0.104585 0.018283 0.000010
0.000010 0.000010 0.000010 0.000010 0.000010 0.000010 0.000010 0.000010 0.999870 0.000010 0.000010 0.000010 0.000010 0.000010
0.000010 0.000010 0.000010 0.000010 0.000010 0.000010 0.000010 0.000010 0.000010 0.999870 0.000010 0.000010 0.000010 0.000010
0.259682 0.000010 0.138013 0.000010 0.117776 0.031916 0.142197 0.000010 0.000010 0.000010 0.310336 0.000010 0.000010 0.000010
0.000010 0.000010 0.000010 0.000010 0.000010 0.000010 0.000010 0.000010 0.292848 0.380288 0.000010 0.000010 0.326755 0.000010
0.000010 0.000010 0.000010 0.401186 0.000010 0.030292 0.000010 0.000010 0.116463 0.235598 0.000010 0.000010 0.216371 0.000010
0.130204 0.000010 0.103520 0.000010 0.064155 0.000010 0.000010 0.000010 0.000010 0.000010 0.000010 0.702021 0.000010 0.000010
0.000010 0.000010 0.000010 0.000010 0.000010 0.000010 0.000010 0.000010 0.797486 0.202394 0.000010 0.000010 0.000010 0.000010
0.000010 0.000010 0.000010 0.000010 0.000010 0.000010 0.000010 0.988345 0.011535 0.000010 0.000010 0.000010 0.000010 0.000010
0.483653 0.036134 0.344215 0.000010 0.000010 0.022520 0.000010 0.113387 0.000010 0.000010 0.000010 0.000010 0.000010 0.000010
0.000010 0.000010 0.000010 0.000010 0.000010 0.000010 0.000010 0.000010 0.375903 0.000010 0.000010 0.000010 0.623977 0.000010
0.000010 0.000010 0.000010 0.000010 0.313521 0.316807 0.101880 0.000010 0.000010 0.000010 0.000010 0.000010 0.267691 0.000010
0.000010 0.000010 0.000010 0.000010 0.000010 0.702684 0.000010 0.000010 0.000010 0.000010 0.000010 0.000010 0.000010 0.297196
0.000010 0.000010 0.000010 0.000010 0.000010 0.000010 0.000010 0.000010 0.000010 0.739433 0.000010 0.000010 0.260447 0.000010
0.282049 0.000010 0.000010 0.000010 0.000010 0.000010 0.693210 0.000010 0.000010 0.000010 0.024631 0.000010 0.000010 0.000010
0.000010 0.041394 0.000010 0.022271 0.328937 0.000010 0.000010 0.000010 0.000010 0.000010 0.000010 0.174654 0.000010 0.432654
0.000010 0.000010 0.000010 0.000010 0.000010 0.000010 0.000010 0.000010 0.999870 0.000010 0.000010 0.000010 0.000010 0.000010
0.174085 0.123888 0.186674 0.018822 0.334430 0.000010 0.000010 0.000010 0.000010 0.000010 0.000010 0.000010 0.000010 0.162021
0.000010 0.000010 0.000010 0.000010 0.000010 0.999870 0.000010 0.000010 0.000010 0.000010 0.000010 0.000010 0.000010 0.000010
0.000010 0.000010 0.000010 0.000010 0.242035 0.332691 0.099307 0.142794 0.000010 0.000010 0.000010 0.183084 0.000010 0.000010
0.000010 0.000010 0.000010 0.000010 0.000010 0.522574 0.000010 0.000010 0.000010 0.000010 0.477306 0.000010 0.000010 0.000010
0.000010 0.000010 0.000010 0.000010 0.000010 0.000010 0.000010 0.000010 0.000010 0.000010 0.000010 0.000010 0.000010 0.999870
0.000010 0.306272 0.000010 0.000010 0.000010 0.000010 0.000010 0.000010 0.000010 0.000010 0.000010 0.693608 0.000010 0.000010
0.241041 0.122986 0.000010 0.000010 0.179355 0.448134 0.000010 0.000010 0.000010 0.000010 0.000010 0.008394 0.000010 0.000010
0.999870 0.000010 0.000010 0.000010 0.000010 0.000010 0.000010 0.000010 0.000010 0.000010 0.000010 0.000010 0.000010 0.000010
0.000010 0.000010 0.000010 0.000010 0.000010 0.000010 0.606369 0.000010 0.000010 0.000010 0.133548 0.259973 0.000010 0.000010
0.000010 0.000010 0.000010 0.000010 0.000010 0.092249 0.361571 0.217642 0.000010 0.000010 0.000010 0.000010 0.000010 0.328437
0.000010 0.000010 0.000010 0.000010 0.000010 0.000010 0.000010 0.000010 0.000010 0.999870 0.000010 0.000010 0.000010 0.000010
0.110842 0.110762 0.143476 0.000010 0.000010 0.000010 0.138457 0.008560 0.000010 0.000010 0.446790 0.041042 0.000010 0.000010
0.177600 0.147904 0.000010 0.000010 0.232997 0.000010 0.000010 0.000010 0.000010 0.000010 0.000010 0.268152 0.000010 0.173258
0.066239 0.027099 0.000010 0.000010 0.406163 0.000010 0.000010 0.000010 0.000010 0.000010 0.500399 0.000010 0.000010 0.000010
0.000010 0.000010 0.000010 0.967021 0.000010 0.032859 0.000010 0.000010 0.000010 0.000010 0.000010 0.000010 0.000010 0.000010
0.000010 0.000010 0.000010 0.000010 0.000010 0.000010 0.000010 0.000010 0.000010 0.999870 0.000010 0.000010 0.000010 0.000010
0.000010 0.857909 0.000010 0.000010 0.000010 0.141971 0.000010 0.000010 0.000010 0.000010 0.000010 0.000010 0.000010 0.000010
0.000010 0.000010 0.492183 0.000010 0.000010 0.000010 0.000010 0.000010 0.000010 0.000010 0.271095 0.000010 0.000010 0.236612
0.000010 0.000010 0.000010 0.754838 0.000010 0.000010 0.000010 0.000010 0.000010 0.123706 0.000010 0.121346 0.000010 0.000010
0.383425 0.000010 0.000010 0.000010 0.000010 0.381025 0.135807 0.000010 0.000010 0.000010 0.099643 0.000010 0.000010 0.000010
0.000010 0.000010 0.000010 0.999870 0.000010 0.000010 0.000010 0.000010 0.000010 0.000010 0.000010 0.000010 0.000010 0.000010
0.000010 0.000010 0.000010 0.384088 0.000010 0.000010 0.000010 0.000010 0.615792 0.000010 0.000010 0.000010 0.000010 0.000010
0.000010 0.010292 0.401727 0.000010 0.000010 0.000010 0.000010 0.000010 0.000010 0.000010 0.519950 0.067930 0.000010 0.000010
0.000010 0.000010 0.000010 0.000010 0.000010 0.999870 0.000010 0.000010 0.000010 0.000010 0.000010 0.000010 0.000010 0.000010
0.000010 0.000010 0.000010 0.000010 0.000010 0.134512 0.000010 0.601903 0.000010 0.000010 0.000010 0.000010 0.000010 0.263475
0.000010 0.553477 0.000010 0.000010 0.000010 0.000010 0.000010 0.000010 0.446403 0.000010 0.000010 0.000010 0.000010 0.000010
0.000010 0.000010 0.000010 0.000010 0.000010 0.000010 0.000010 0.999870 0.000010 0.000010 0.000010 0.000010 0.000010 0.000010
0.000010 0.000010 0.000010 0.000010 0.000010 0.000010 0.000010 0.000010 0.000010 0.000010 0.000010 0.000010 0.000010 0.999870
0.095259 0.000010 0.243140 0.000010 0.000010 0.059195 0.068409 0.130988 0.000010 0.000010 0.000010 0.402929 0.000010 0.000010
0.059630 0.102286 0.113420 0.000010 0.000010 0.000010 0.000010 0.234866 0.000010 0.000010 0.284943 0.000010 0.000010 0.204776
0.000010 0.000010 0.000010 0.000010 0.000010 0.999870 0.000010 0.000010 0.000010 0.000010 0.000010 0.000010 0.000010 0.000010
0.252484 0.000010 0.000010 0.000010 0.000010 0.000010 0.000010 0.000010 0.000010 0.000010 0.747396 0.000010 0.000010 0.000010
0.000010 0.069306 0.653044 0.000010 0.000010 0.000010 0.264425 0.000010 0.000010 0.013124 0.000010 0.000010 0.000010 0.000010
0.000010 0.000010 0.000010 0.095325 0.000010 0.000010 0.000010 0.000010 0.000010 0.000010 0.000010 0.000010 0.904555 0.000010
0.000010 0.000010 0.000010 0.000010 0.000010 0.000010 0.080367 0.307930 0.000010 0.000010 0.000010 0.611593 0.000010 0.000010
0.000010 0.218363 0.297399 0.000010 0.000010 0.000010 0.000010 0.000010 0.000010 0.000010 0.000010 0.484128 0.000010 0.000010
0.018334 0.189607 0.000010 0.000010 0.040060 0.035457 0.000010 0.424240 0.000010 0.000010 0.292222 0.000010 0.000010 0.000010
0.098907 0.037421 0.000010 0.000010 0.072773 0.068124 0.349923 0.263883 0.000010 0.000010 0.000010 0.108898 0.000010 0.000010
0.000010 0.112912 0.000010 0.000010 0.260360 0.000010 0.000010 0.000010 0.000010 0.000010 0.000010 0.626619 0.000010 0.000010
0.252024 0.000010 0.000010 0.000010 0.284144 0.000010 0.000010 0.000010 0.000010 0.000010 0.000010 0.327676 0.000010 0.136056
0.000010 0.000010 0.000010 0.000010 0.000010 0.000010 0.000010 0.000010 0.000010 0.000010 0.000010 0.000010 0.999870 0.000010
0.000010 0.000010 0.000010 0.338434 0.000010 0.000010 0.021121 0.000010 0.194416 0.000010 0.000010 0.000010 0.445930 0.000010
0.000010 0.000010 0.000010 0.325798 0.000010 0.000010 0.000010 0.000010 0.674082 0.000010 0.000010 0.000010 0.000010 0.000010
0.000010 0.106595 0.000010 0.340093 0.000010 0.000010 0.000010 0.000010 0.000010 0.000010 0.000010 0.000010 0.553202 0.000010
0.000010 0.000010 0.000010 0.000010 0.000010 0.000010 0.000010 0.025904 0.000010 0.358515 0.000010 0.000010 0.615471 0.000010
0.000010 0.319956 0.000010 0.000010 0.000010 0.000010 0.000010 0.000010 0.000010 0.000010 0.679924 0.000010 0.000010 0.000010
0.000010 0.000010 0.000010 0.000010 0.000010 0.000010 0.000010 0.000010 0.000010 0.394167 0.000010 0.000010 0.605713 0.000010
0.000010 0.000010 0.000010 0.141824 0.000010 0.000010 0.000010 0.000010 0.858056 0.000010 0.000010 0.000010 0.000010 0.000010
0.000010 0.000010 0.000010 0.999870 0.000010 0.000010 0.000010 0.000010 0.000010 0.000010 0.000010 0.000010 0.000010 0.000010
0.000010 0.000010 0.000010 0.060118 0.000010 0.000010 0.000010 0.000010 0.939762 0.000010 0.000010 0.000010 0.000010 0.000010
0.000010 0.000010 0.000010 0.338436 0.000010 0.000010 0.000010 0.000010 0.464238 0.197215 0.000010 0.000010 0.000010 0.000010
0.000010 0.000010 0.000010 0.601315 0.000010 0.000010 0.000010 0.000010 0.000010 0.398565 0.000010 0.000010 0.000010 0.000010
0.000010 0.000010 0.000010 0.322152 0.000010 0.000010 0.000010 0.000010 0.107233 0.000010 0.000010 0.000010 0.570505 0.000010
0.000010 0.589462 0.000010 0.000010 0.000010 0.000010 0.000010 0.000010 0.000010 0.000010 0.000010 0.000010 0.000010 0.410418
0.000010 0.539555 0.000010 0.000010 0.000010 0.000010 0.000010 0.000010 0.000010 0.020798 0.439537 0.000010 0.000010 0.000010
0.000010 0.000010 0.000010 0.000010 0.000010 0.000010 0.000010 0.000010 0.000010 0.000010 0.000010 0.999870 0.000010 0.000010
0.000010 0.000010 0.177474 0.000010 0.005502 0.095734 0.169955 0.397477 0.000010 0.000010 0.000010 0.089995 0.005895 0.057909
0.000010 0.538499 0.000010 0.000010 0.000010 0.461381 0.000010 0.000010 0.000010 0.000010 0.000010 0.000010 0.000010 0.000010
0.000010 0.295764 0.000010 0.000010 0.000010 0.168342 0.535784 0.000010 0.000010 0.000010 0.000010 0.000010 0.000010 0.000010
0.000010 0.028150 0.000010 0.000010 0.000010 0.000010 0.000010 0.509353 0.000010 0.000010 0.188219 0.000010 0.000010 0.274178
0.000010 0.000010 0.275904 0.000010 0.000010 0.218626 0.302351 0.203018 0.000010 0.000010 0.000010 0.000010 0.000010 0.000010
0.000010 0.481914 0.000010 0.000010 0.000010 0.000010 0.026960 0.491017 0.000010 0.000010 0.000010 0.000010 0.000010 0.000010
0.000010 0.000010 0.064558 0.000010 0.190509 0.139010 0.131156 0.000010 0.000010 0.000010 0.095622 0.210691 0.000010 0.168385
0.000010 0.000010 0.000010 0.000010 0.000010 0.000010 0.000010 0.999870 0.000010 0.000010 0.000010 0.000010 0.000010 0.000010
0.000010 0.000010 0.000010 0.000010 0.000010 0.000010 0.000010 0.000010 0.629672 0.370208 0.000010 0.000010 0.000010 0.000010
0.000010 0.000010 0.169592 0.000010 0.372722 0.179965 0.277621 0.000010 0.000010 0.000010 0.000010 0.000010 0.000010 0.000010
0.000010 0.299399 0.000010 0.000010 0.000010 0.163720 0.000010 0.520427 0.016354 0.000010 0.000010 0.000010 0.000010 0.000010
0.000010 0.999870 0.000010 0.000010 0.000010 0.000010 0.000010 0.000010 0.000010 0.000010 0.000010 0.000010 0.000010 0.000010
0.000010 0.000010 0.000010 0.000010 0.000010 0.000010 0.000010 0.000010 0.316048 0.000010 0.000010 0.000010 0.683832 0.000010
0.000010 0.000010 0.000010 0.032583 0.000010 0.000010 0.000010 0.000010 0.000010 0.837494 0.000010 0.000010 0.129813 0.000010
0.000010 0.018451 0.000010 0.981429 0.000010 0.000010 0.000010 0.000010 0.000010 0.000010 0.000010 0.000010 0.000010 0.000010
0.062615 0.104662 0.000010 0.000010 0.000010 0.000010 0.464921 0.265989 0.000010 0.000010 0.025858 0.075874 0.000010 0.000010
0.000010 0.000010 0.000010 0.000010 0.000010 0.000010 0.000010 0.000010 0.000010 0.000010 0.553782 0.446098 0.000010 0.000010
0.000010 0.171451 0.000010 0.000010 0.165458 0.000010 0.335024 0.000010 0.000010 0.000010 0.015530 0.000010 0.000010 0.312447
0.000010 0.139171 0.201141 0.009416 0.000010 0.000010 0.000010 0.137535 0.000010 0.000010 0.512648 0.000010 0.000010 0.000010
0.000010 0.000010 0.000010 0.999870 0.000010 0.000010 0.000010 0.000010 0.000010 0.000010 0.000010 0.000010 0.000010 0.000010
0.105977 0.000010 0.401756 0.000010 0.000010 0.000010 0.000010 0.000010 0.000010 0.000010 0.492157 0.000010 0.000010 0.000010
0.277011 0.595243 0.000010 0.000010 0.000010 0.000010 0.127636 0.000010 0.000010 0.000010 0.000010 0.000010 0.000010 0.000010
0.000010 0.151582 0.182094 0.000010 0.185505 0.164589 0.140104 0.000010 0.000010 0.000010 0.176046 0.000010 0.000010 0.000010
0.000010 0.000010 0.296494 0.000010 0.333784 0.252842 0.000010 0.000010 0.000010 0.000010 0.000010 0.116781 0.000010 0.000010
0.000010 0.000010 0.000010 0.307939 0.000010 0.000010 0.000010 0.000010 0.691941 0.000010 0.000010 0.000010 0.000010 0.000010
0.000010 0.000010 0.000010 0.113735 0.000010 0.000010 0.000010 0.000010 0.000010 0.630067 0.000010 0.000010 0.256088 0.000010
0.740138 0.051700 0.000010 0.000010 0.000010 0.000010 0.000010 0.000010 0.000010 0.000010 0.000010 0.208051 0.000010 0.000010
0.000010 0.000010 0.394663 0.000010 0.000010 0.000010 0.035220 0.000010 0.000010 0.000010 0.239133 0.156119 0.000010 0.174776
0.000010 0.000010 0.000010 0.000010 0.000010 0.000010 0.000010 0.000010 0.999870 0.000010 0.000010 0.000010 0.000010 0.000010
0.000010 0.000010 0.000010 0.000010 0.673262 0.000010 0.145078 0.000010 0.000010 0.000010 0.157691 0.000010 0.023869 0.000010
0.000010 0.134299 0.000010 0.000010 0.000010 0.123038 0.000010 0.000010 0.000010 0.024115 0.492334 0.000010 0.000010 0.226123
0.000010 0.026839 0.000010 0.002299 0.285983 0.141525 0.121142 0.157291 0.000010 0.000010 0.139655 0.125206 0.000010 0.000010
0.000010 0.000010 0.000010 0.000010 0.000010 0.000010 0.000010 0.000010 0.000010 0.000010 0.000010 0.000010 0.999870 0.000010
0.000010 0.000010 0.000010 0.000010 0.000010 0.759597 0.000010 0.240283 0.000010 0.000010 0.000010 0.000010 0.000010 0.000010
0.061315 0.000010 0.000010 0.000010 0.521746 0.316237 0.000010 0.000010 0.000010 0.000010 0.041639 0.058972 0.000010 0.000010
0.000010 0.100661 0.000010 0.000010 0.000010 0.000010 0.397147 0.000010 0.000010 0.000010 0.502082 0.000010 0.000010 0.000010
0.000010 0.000010 0.000011 0.012819 0.000010 0.000010 0.000010 0.787585 0.000010 0.000010 0.000010 0.000010 0.000010 0.199485
0.000016 0.000010 0.000010 0.561625 0.000014 0.000010 0.000010 0.000010 0.000010 0.232044 0.000010 0.000010 0.206211 0.000010
0.000010 0.000010 0.000010 0.119791 0.000010 0.000010 0.000010 0.000010 0.000010 0.880089 0.000010 0.000010 0.000010 0.000010
0.000010 0.000010 0.000010 0.000010 0.000010 0.000010 0.000010 0.000010 0.000010 0.974697 0.000010 0.025183 0.000010 0.000010
0.910311 0.000010 0.000010 0.000010 0.000010 0.089568 0.000010 0.000011 0.000010 0.000010 0.000010 0.000010 0.000010 0.000010
0.000010 0.185936 0.111841 0.000010 0.000010 0.000010 0.000010 0.621733 0.000010 0.000010 0.000010 0.000010 0.000010 0.080389
0.058196 0.000010 0.000010 0.000010 0.000010 0.201033 0.000010 0.154452 0.000010 0.000010 0.309268 0.276962 0.000010 0.000010
0.000010 0.999870 0.000010 0.000010 0.000010 0.000010 0.000010 0.000010 0.000010 0.000010 0.000010 0.000010 0.000010 0.000010
0.000010 0.000010 0.629817 0.000010 0.000010 0.223267 0.000010 0.000010 0.000010 0.000010 0.146806 0.000010 0.000010 0.000010
0.438905 0.000010 0.560975 0.000010 0.000010 0.000010 0.000010 0.000010 0.000010 0.000010 0.000010 0.000010 0.000010 0.000010
0.000010 0.000010 0.293545 0.000010 0.000010 0.259186 0.000010 0.000010 0.000010 0.000010 0.000010 0.000010 0.447159 0.000010
0.000010 0.094474 0.125777 0.000010 0.023763 0.000010 0.000010 0.442627 0.000010 0.007009 0.000010 0.306271 0.000010 0.000010
0.040039 0.000010 0.117478 0.000010 0.047395 0.000010 0.084092 0.280811 0.000010 0.000010 0.158691 0.000010 0.000010 0.271424
0.000010 0.479561 0.000010 0.000010 0.000010 0.520319 0.000010 0.000010 0.000010 0.000010 0.000010 0.000010 0.000010 0.000010
0.096519 0.099096 0.000010 0.000010 0.139824 0.073422 0.147716 0.000010 0.000010 0.000010 0.040534 0.225749 0.000010 0.177080
0.170897 0.000010 0.000010 0.000010 0.301864 0.000010 0.172860 0.246869 0.000010 0.000010 0.000010 0.107420 0.000010 0.000010
0.136710 0.193928 0.000010 0.000010 0.000010 0.566293 0.000010 0.000010 0.000010 0.000010 0.102968 0.000010 0.000010 0.000010
0.000010 0.000010 0.000010 0.000010 0.151158 0.000010 0.000010 0.113425 0.000010 0.000010 0.097274 0.370576 0.000010 0.267477
0.000010 0.000010 0.298391 0.000010 0.147699 0.510617 0.000010 0.000010 0.000010 0.000010 0.000010 0.043193 0.000010 0.000010
0.000010 0.164486 0.604186 0.000010 0.000010 0.000010 0.144487 0.000010 0.000010 0.000010 0.008060 0.000010 0.000010 0.078691
0.000010 0.000010 0.140320 0.000010 0.133191 0.013129 0.216266 0.219864 0.000010 0.000010 0.000010 0.277150 0.000010 0.000010
0.000010 0.000010 0.608855 0.000010 0.000010 0.000010 0.000010 0.000010 0.081437 0.000010 0.309597 0.000010 0.000010 0.000010
0.210593 0.016284 0.422531 0.000010 0.000010 0.000010 0.000010 0.350492 0.000010 0.000010 0.000010 0.000010 0.000010 0.000010
0.000010 0.000010 0.000010 0.195720 0.000010 0.000010 0.000010 0.000010 0.000010 0.178416 0.000010 0.011531 0.614233 0.000010
0.000010 0.000010 0.000010 0.758785 0.000010 0.000010 0.000010 0.000010 0.241095 0.000010 0.000010 0.000010 0.000010 0.000010
0.000010 0.158424 0.000010 0.000010 0.574417 0.027487 0.000010 0.163096 0.000010 0.000010 0.000010 0.076486 0.000010 0.000010
0.000010 0.013204 0.000010 0.000010 0.050800 0.000010 0.350687 0.242271 0.000010 0.000010 0.000010 0.204600 0.000010 0.138357
0.114311 0.000010 0.226281 0.000010 0.000010 0.264415 0.000010 0.000010 0.000010 0.000010 0.000010 0.032151 0.000010 0.362753
0.000010 0.000010 0.462750 0.000010 0.000010 0.537130 0.000010 0.000010 0.000010 0.000010 0.000010 0.000010 0.000010 0.000010
0.000010 0.000010 0.173167 0.000010 0.779277 0.000010 0.000010 0.000010 0.000010 0.000010 0.047445 0.000010 0.000010 0.000010
0.000010 0.000010 0.335719 0.000010 0.000010 0.664161 0.000010 0.000010 0.000010 0.000010 0.000010 0.000010 0.000010 0.000010
0.283831 0.000010 0.113047 0.000010 0.000010 0.421262 0.029614 0.152156 0.000010 0.000010 0.000010 0.000010 0.000010 0.000010
0.000010 0.000010 0.333222 0.000010 0.000010 0.253051 0.013446 0.237459 0.000010 0.000010 0.070086 0.092656 0.000010 0.000010
0.000010 0.000010 0.000010 0.000010 0.000010 0.000010 0.000010 0.000010 0.000010 0.000010 0.000010 0.177719 0.000010 0.822161
0.108920 0.000010 0.000010 0.000010 0.463444 0.000010 0.000010 0.000010 0.000010 0.000010 0.000010 0.000010 0.000010 0.427526
0.421757 0.000010 0.096428 0.000010 0.000010 0.221634 0.122209 0.000010 0.000010 0.000010 0.137882 0.000010 0.000010 0.000010
0.000010 0.000010 0.000010 0.000010 0.000010 0.000010 0.000010 0.000010 0.000010 0.999870 0.000010 0.000010 0.000010 0.000010
0.000010 0.000010 0.000010 0.000010 0.000010 0.258972 0.000010 0.072949 0.000010 0.000010 0.148576 0.000010 0.000010 0.519402
0.467700 0.000010 0.000010 0.000010 0.000010 0.000010 0.532180 0.000010 0.000010 0.000010 0.000010 0.000010 0.000010 0.000010
0.000010 0.029121 0.000010 0.970759 0.000010 0.000010 0.000010 0.000010 0.000010 0.000010 0.000010 0.000010 0.000010 0.000010
0.012408 0.266020 0.397456 0.000010 0.000010 0.164420 0.159606 0.000010 0.000010 0.000010 0.000010 0.000010 0.000010 0.000010
0.218583 0.000010 0.000010 0.000010 0.000010 0.000010 0.000010 0.000010 0.000010 0.000010 0.000010 0.000010 0.000010 0.781297
0.000010 0.999870 0.000010 0.000010 0.000010 0.000010 0.000010 0.000010 0.000010 0.000010 0.000010 0.000010 0.000010 0.000010
0.000010 0.000010 0.000010 0.000010 0.000010 0.000010 0.000010 0.000010 0.000010 0.999870 0.000010 0.000010 0.000010 0.000010
0.000010 0.996697 0.000010 0.000010 0.000010 0.003183 0.000010 0.000010 0.000010 0.000010 0.000010 0.000010 0.000010 0.000010
0.077332 0.000010 0.000010 0.000010 0.329477 0.000010 0.284039 0.304691 0.004370 0.000010 0.000010 0.000010 0.000010 0.000010
0.000010 0.000010 0.000010 0.000010 0.000010 0.392407 0.000010 0.000010 0.000010 0.000010 0.000010 0.000010 0.000010 0.607473
0.000010 0.097709 0.000010 0.000010 0.000010 0.000010 0.286320 0.265499 0.000010 0.000010 0.000010 0.350372 0.000010 0.000010
0.000010 0.000010 0.000010 0.000010 0.000010 0.000010 0.260035 0.000010 0.000010 0.000010 0.000010 0.000010 0.000010 0.739845
0.000010 0.000010 0.000010 0.012362 0.000010 0.000010 0.000010 0.000010 0.312859 0.000010 0.000010 0.000010 0.674669 0.000010
0.000010 0.000010 0.000010 0.396230 0.000010 0.000010 0.000010 0.000010 0.443651 0.160009 0.000010 0.000010 0.000010 0.000010
0.000010 0.000010 0.000010 0.243451 0.000010 0.000010 0.000010 0.000010 0.000010 0.158934 0.000010 0.000010 0.597505 0.000010
0.000010 0.000010 0.000010 0.727894 0.000010 0.000010 0.000010 0.000010 0.000010 0.271986 0.000010 0.000010 0.000010 0.000010
0.343703 0.000010 0.000010 0.000010 0.000010 0.000010 0.291282 0.000010 0.000010 0.000010 0.000010 0.264990 0.000010 0.099925
0.000010 0.000010 0.000010 0.000010 0.000010 0.000010 0.000010 0.000010 0.507642 0.108097 0.000010 0.000010 0.384151 0.000010
0.000010 0.000010 0.015346 0.339126 0.000010 0.000010 0.000010 0.000010 0.645418 0.000010 0.000010 0.000010 0.000010 0.000010
0.277499 0.000010 0.000010 0.000010 0.000010 0.106204 0.000010 0.000010 0.016994 0.000010 0.599202 0.000010 0.000010 0.000010
0.127902 0.093164 0.000010 0.000010 0.000010 0.000010 0.120990 0.000010 0.000010 0.000010 0.000010 0.114842 0.000010 0.543012
0.000010 0.164456 0.000010 0.016972 0.000010 0.000010 0.554716 0.000010 0.000010 0.000010 0.003240 0.260526 0.000010 0.000010
0.000010 0.284557 0.000010 0.000010 0.000010 0.122411 0.000010 0.000010 0.000010 0.013394 0.579539 0.000010 0.000010 0.000010
0.000010 0.000010 0.000010 0.000010 0.182851 0.102186 0.000010 0.076710 0.000010 0.000010 0.147343 0.253602 0.000010 0.237228
0.334875 0.000010 0.000010 0.000010 0.065909 0.375340 0.000010 0.048955 0.000010 0.000010 0.000010 0.000010 0.000010 0.174831
0.000010 0.224310 0.000010 0.000010 0.014841 0.064121 0.000010 0.000010 0.000010 0.000010 0.381712 0.241789 0.000010 0.073147
0.000010 0.412512 0.331273 0.000010 0.000010 0.000010 0.000010 0.175611 0.000010 0.000010 0.000010 0.080504 0.000010 0.000010
0.048972 0.000010 0.000010 0.000010 0.000010 0.000010 0.115307 0.176041 0.000010 0.000010 0.291834 0.174070 0.000010 0.193696
0.000010 0.000010 0.000010 0.000010 0.000010 0.000010 0.000010 0.000010 0.000010 0.000010 0.999870 0.000010 0.000010 0.000010
0.077252 0.000010 0.506640 0.000010 0.000010 0.000010 0.176503 0.226521 0.012994 0.000010 0.000010 0.000010 0.000010 0.000010
0.276790 0.055455 0.234137 0.000010 0.000010 0.197122 0.000010 0.000010 0.000010 0.000010 0.000010 0.121119 0.000010 0.115297
0.103757 0.000010 0.000010 0.000010 0.049478 0.268842 0.231676 0.187608 0.000010 0.000010 0.000010 0.000010 0.000010 0.158559
0.259088 0.000010 0.000010 0.000010 0.000010 0.106819 0.000010 0.000010 0.000010 0.000010 0.307529 0.326463 0.000010 0.000010
0.976512 0.000010 0.000010 0.023368 0.000010 0.000010 0.000010 0.000010 0.000010 0.000010 0.000010 0.000010 0.000010 0.000010
0.000010 0.224649 0.000010 0.001313 0.000010 0.000010 0.175904 0.000010 0.000010 0.000010 0.000010 0.598034 0.000010 0.000010
0.000010 0.375344 0.114331 0.000010 0.000010 0.000010 0.000010 0.000010 0.000010 0.000010 0.510216 0.000010 0.000010 0.000010
0.000010 0.000010 0.000010 0.000010 0.435902 0.000010 0.000010 0.000010 0.000010 0.000010 0.241667 0.184032 0.000010 0.138300
0.070677 0.074028 0.391080 0.000010 0.155794 0.210922 0.000010 0.000010 0.000010 0.000010 0.000010 0.000010 0.000010 0.097420
0.000010 0.804398 0.000010 0.000010 0.000010 0.000010 0.000010 0.000010 0.000010 0.000010 0.000010 0.000010 0.195482 0.000010
0.053979 0.000010 0.104847 0.000010 0.228865 0.154135 0.000010 0.207026 0.000010 0.000010 0.183746 0.000010 0.000010 0.067332
0.000010 0.460295 0.000010 0.000010 0.000010 0.170218 0.000010 0.000010 0.000010 0.000010 0.369378 0.000010 0.000010 0.000010
0.000010 0.333912 0.000010 0.000010 0.051739 0.091462 0.000010 0.268057 0.000010 0.000010 0.254739 0.000010 0.000010 0.000010
0.000010 0.000010 0.000010 0.000010 0.000010 0.402972 0.000010 0.235363 0.000010 0.000010 0.361555 0.000010 0.000010 0.000010
0.200830 0.000010 0.000010 0.000010 0.079168 0.116147 0.000010 0.000010 0.000010 0.000010 0.405594 0.198171 0.000010 0.000010
0.000010 0.000010 0.000010 0.000010 0.186651 0.000010 0.000010 0.000010 0.000010 0.000010 0.314070 0.454778 0.000010 0.044400
0.000010 0.000010 0.000010 0.000010 0.000010 0.165449 0.000010 0.000010 0.000010 0.000010 0.834431 0.000010 0.000010 0.000010
0.000013 0.000010 0.285626 0.000010 0.338634 0.000010 0.000010 0.000010 0.000010 0.000010 0.000010 0.375626 0.000010 0.000010
0.000010 0.079694 0.000010 0.000010 0.000010 0.199732 0.246463 0.000010 0.000010 0.000010 0.000010 0.474011 0.000010 0.000010
0.000010 0.000010 0.286659 0.000010 0.000010 0.083708 0.057042 0.451916 0.000010 0.000010 0.000010 0.034353 0.000010 0.086241
0.275767 0.000010 0.000010 0.000010 0.000010 0.000010 0.000010 0.000010 0.000010 0.000010 0.015058 0.000010 0.000010 0.709065
0.244270 0.135698 0.000010 0.000010 0.000010 0.000010 0.000010 0.619922 0.000010 0.000010 0.000010 0.000010 0.000010 0.000010
0.152652 0.000010 0.034576 0.000010 0.097978 0.204643 0.119441 0.000101 0.000010 0.000010 0.181847 0.125186 0.000010 0.083527
0.000010 0.270868 0.000010 0.000010 0.000010 0.000010 0.000010 0.000010 0.000010 0.000010 0.000010 0.729012 0.000010 0.000010
0.000010 0.000010 0.124486 0.000010 0.174932 0.170614 0.042828 0.140770 0.000010 0.000010 0.133469 0.000010 0.000010 0.212830
0.076141 0.000010 0.000010 0.000010 0.415557 0.508192 0.000010 0.000010 0.000010 0.000010 0.000010 0.000010 0.000010 0.000010
0.243487 0.000010 0.000010 0.000010 0.000010 0.235305 0.330503 0.000010 0.000010 0.000010 0.128653 0.000010 0.000010 0.061963
0.000010 0.000010 0.000010 0.000010 0.000010 0.000010 0.000010 0.000010 0.474034 0.525846 0.000010 0.000010 0.000010 0.000010
0.000010 0.000010 0.000010 0.000010 0.000010 0.000010 0.864283 0.135597 0.000010 0.000010 0.000010 0.000010 0.000010 0.000010
0.000010 0.149651 0.421380 0.000010 0.000010 0.338030 0.000010 0.090839 0.000010 0.000010 0.000010 0.000010 0.000010 0.000010
0.223274 0.000010 0.000010 0.000010 0.259789 0.141224 0.000010 0.000010 0.000010 0.000010 0.000010 0.000010 0.000010 0.375614
0.000010 0.000010 0.244837 0.000010 0.000010 0.223391 0.192040 0.000010 0.000010 0.000010 0.087720 0.251921 0.000010 0.000010
0.000010 0.000010 0.000010 0.000010 0.305561 0.545392 0.000010 0.000010 0.000010 0.000010 0.000010 0.000010 0.000010 0.148936
0.000010 0.168084 0.677577 0.000010 0.000010 0.000010 0.058201 0.008405 0.028553 0.000010 0.059099 0.000010 0.000010 0.000010
0.319420 0.000010 0.000010 0.000010 0.147772 0.000010 0.000010 0.000010 0.000010 0.000010 0.206482 0.000010 0.000010 0.326227
0.426686 0.255283 0.193073 0.000010 0.000010 0.124858 0.000010 0.000010 0.000010 0.000010 0.000010 0.000010 0.000010 0.000010
0.000010 0.000010 0.000010 0.000010 0.000010 0.913888 0.000010 0.061446 0.000010 0.024556 0.000010 0.000010 0.000010 0.000010
0.000010 0.237215 0.000010 0.000010 0.039257 0.204644 0.000010 0.000010 0.000010 0.000010 0.062212 0.269504 0.000010 0.187089
0.072329 0.000010 0.149711 0.000010 0.000010 0.000010 0.000010 0.238247 0.000010 0.000010 0.000013 0.539609 0.000010 0.000010
0.000010 0.145390 0.497961 0.000010 0.000010 0.003773 0.000010 0.000010 0.000010 0.000010 0.000010 0.000010 0.000010 0.352776
0.000010 0.000010 0.000010 0.407196 0.000010 0.000010 0.000010 0.000010 0.592684 0.000010 0.000010 0.000010 0.000010 0.000010
0.048674 0.057200 0.186136 0.002803 0.008518 0.009793 0.054270 0.062348 0.051444 0.165527 0.070644 0.046018 0.100480 0.136145
0.000010 0.146431 0.258190 0.000010 0.000010 0.086546 0.000010 0.053278 0.000010 0.000010 0.164715 0.088702 0.000010 0.202068
0.109438 0.000010 0.000010 0.000010 0.000010 0.890442 0.000010 0.000010 0.000010 0.000010 0.000010 0.000010 0.000010 0.000010
0.000010 0.000010 0.000010 0.000010 0.000010 0.000010 0.000010 0.000010 0.576212 0.000010 0.000010 0.000010 0.423668 0.000010
0.000010 0.000010 0.000010 0.000010 0.000010 0.000010 0.000010 0.000010 0.000010 0.000010 0.000010 0.987219 0.012661 0.000010
0.000010 0.743771 0.251213 0.000010 0.000010 0.004906 0.000010 0.000010 0.000010 0.000010 0.000010 0.000010 0.000010 0.000010
0.000010 0.000010 0.000010 0.000010 0.488838 0.000010 0.214146 0.230015 0.000010 0.000010 0.000010 0.000010 0.000010 0.066901
0.000010 0.130261 0.000010 0.000010 0.000010 0.000010 0.295201 0.000010 0.000010 0.000010 0.034744 0.539694 0.000010 0.000010
0.000010 0.000010 0.226205 0.000010 0.220746 0.000010 0.247785 0.107853 0.000010 0.004644 0.000010 0.192688 0.000010 0.000010
0.000010 0.000010 0.000010 0.000010 0.000010 0.000010 0.164344 0.000010 0.000010 0.000010 0.318069 0.353061 0.000010 0.164427
0.000010 0.000010 0.000010 0.000010 0.080944 0.000010 0.000010 0.000010 0.000010 0.000010 0.018681 0.196214 0.000010 0.704060
0.000010 0.211967 0.000010 0.000010 0.000010 0.000010 0.141714 0.000010 0.000010 0.000010 0.000010 0.000010 0.000010 0.646210
0.195456 0.000010 0.000010 0.000010 0.000010 0.000010 0.000010 0.171249 0.000010 0.000010 0.000010 0.633186 0.000010 0.000010
0.369526 0.000010 0.000010 0.000010 0.000010 0.136921 0.000010 0.000010 0.000010 0.000010 0.000010 0.000010 0.000010 0.493442
0.000010 0.000010 0.000010 0.000010 0.000010 0.000010 0.455741 0.082275 0.000010 0.000010 0.232253 0.000010 0.000010 0.229631
0.000010 0.000010 0.000010 0.000010 0.000010 0.000010 0.000010 0.999870 0.000010 0.000010 0.000010 0.000010 0.000010 0.000010
0.270846 0.000010 0.000010 0.000010 0.000010 0.000010 0.000010 0.000010 0.000010 0.000010 0.000010 0.000010 0.000010 0.729034
0.000010 0.000010 0.000010 0.000010 0.000010 0.644957 0.000010 0.000010 0.000010 0.000010 0.000010 0.354923 0.000010 0.000010
0.000010 0.000010 0.000010 0.000010 0.325120 0.342120 0.000010 0.000010 0.000010 0.000010 0.332650 0.000010 0.000010 0.000010
0.059129 0.000010 0.232546 0.018125 0.000010 0.000010 0.000010 0.000010 0.060153 0.000010 0.147625 0.270630 0.000010 0.211722
0.000010 0.071870 0.000010 0.000010 0.000010 0.020101 0.000010 0.000010 0.000010 0.000010 0.793689 0.000010 0.000010 0.114239
