0.374314 0.000010 0.000010 0.192790 0.432866 0.000010
0.197767 0.007784 0.000010 0.386442 0.407987 0.000010
0.287903 0.000010 0.000010 0.226475 0.000010 0.485592
0.999950 0.000010 0.000010 0.000010 0.000010 0.000010
0.000010 0.000010 0.000010 0.173186 0.000010 0.826774
0.382274 0.000010 0.000010 0.617686 0.000010 0.000010
0.975394 0.024566 0.000010 0.000010 0.000010 0.000010
0.999950 0.000010 0.000010 0.000010 0.000010 0.000010
0.000010 0.000010 0.000010 0.000010 0.737743 0.262217
0.000010 0.587677 0.157891 0.000010 0.085477 0.168935
0.000010 0.271136 0.728824 0.000010 0.000010 0.000010
0.000010 0.000010 0.018990 0.980970 0.000010 0.000010
0.154422 0.000010 0.000010 0.244135 0.084702 0.516721
0.223369 0.000010 0.000010 0.217364 0.119296 0.439951
0.000010 0.000010 0.000010 0.323874 0.380844 0.295252
0.000010 0.000010 0.000010 0.000010 0.000010 0.999950
0.000010 0.830356 0.169604 0.000010 0.000010 0.000010
0.000010 0.999950 0.000010 0.000010 0.000010 0.000010
0.000010 0.000010 0.000010 0.818744 0.181216 0.000010
0.000010 0.418992 0.580968 0.000010 0.000010 0.000010
0.000010 0.486548 0.000010 0.513412 0.000010 0.000010
0.000010 0.000010 0.000010 0.000010 0.000010 0.999950
0.000010 0.000010 0.999950 0.000010 0.000010 0.000010
0.000010 0.628948 0.371012 0.000010 0.000010 0.000010
0.000010 0.421869 0.578091 0.000010 0.000010 0.000010
0.000010 0.000010 0.000010 0.510243 0.110843 0.378884
0.208153 0.000010 0.000010 0.000010 0.665771 0.126046
0.169493 0.016774 0.000010 0.296678 0.325046 0.191998
0.341488 0.000010 0.000010 0.094257 0.354663 0.209573
0.000010 0.992287 0.000010 0.000010 0.007673 0.000010
0.000010 0.175697 0.824263 0.000010 0.000010 0.000010
0.975816 0.024144 0.000010 0.000010 0.000010 0.000010
0.000010 0.000010 0.999950 0.000010 0.000010 0.000010
0.833353 0.166607 0.000010 0.000010 0.000010 0.000010
0.987918 0.000010 0.012042 0.000010 0.000010 0.000010
0.206920 0.007266 0.000010 0.255208 0.498092 0.032504
0.000010 0.523500 0.476460 0.000010 0.000010 0.000010
0.000010 0.301675 0.698285 0.000010 0.000010 0.000010
0.219185 0.000010 0.000010 0.370596 0.201844 0.208355
0.474234 0.000010 0.000010 0.183713 0.156070 0.185963
0.287108 0.000010 0.000010 0.000010 0.268673 0.444189
0.511769 0.000010 0.000010 0.258788 0.229412 0.000010
0.074574 0.618733 0.286896 0.000010 0.000010 0.019777
0.337772 0.006630 0.000010 0.198801 0.000010 0.456777
0.000010 0.490785 0.509175 0.000010 0.000010 0.000010
0.292361 0.049928 0.000010 0.074305 0.583385 0.000010
0.108749 0.010029 0.000010 0.571810 0.013461 0.295942
0.000010 0.793577 0.199322 0.007071 0.000010 0.000010
0.000010 0.403563 0.596397 0.000010 0.000010 0.000010
0.000010 0.000010 0.000010 0.483750 0.516210 0.000010
0.008784 0.000010 0.000010 0.161076 0.590530 0.239590
0.103368 0.000010 0.000010 0.337157 0.456037 0.103418
0.000010 0.922089 0.000010 0.000010 0.000010 0.077871
0.000010 0.000010 0.000010 0.000010 0.999950 0.000010
0.500367 0.000010 0.000010 0.368345 0.131258 0.000010
0.000010 0.000010 0.882635 0.000010 0.000010 0.117325
0.233298 0.000010 0.000010 0.185698 0.069841 0.511143
0.138265 0.000010 0.000010 0.000010 0.381734 0.479972
0.000010 0.000010 0.000010 0.079283 0.920677 0.000010
0.000010 0.000010 0.000010 0.472786 0.000010 0.527174
0.000010 0.000010 0.000010 0.447687 0.000010 0.552273
0.000010 0.000010 0.000010 0.000010 0.587388 0.412572
0.328268 0.000010 0.000010 0.000010 0.177847 0.493855
0.087503 0.012987 0.000010 0.164534 0.377996 0.356970
0.999950 0.000010 0.000010 0.000010 0.000010 0.000010
0.000010 0.000010 0.999950 0.000010 0.000010 0.000010
0.481320 0.000010 0.000010 0.171073 0.347578 0.000010
0.000010 0.000010 0.008962 0.279889 0.471337 0.239792
0.999950 0.000010 0.000010 0.000010 0.000010 0.000010
0.000010 0.000010 0.000010 0.000010 0.999950 0.000010
0.560929 0.001606 0.000010 0.437435 0.000010 0.000010
0.541920 0.000010 0.000010 0.328055 0.129995 0.000010
0.000010 0.000010 0.000010 0.000010 0.999950 0.000010
0.000010 0.000015 0.000010 0.234008 0.000010 0.765947
0.357169 0.000010 0.000010 0.000010 0.397267 0.245534
0.464565 0.000010 0.000010 0.535395 0.000010 0.000010
0.000010 0.000010 0.999950 0.000010 0.000010 0.000010
0.000010 0.999950 0.000010 0.000010 0.000010 0.000010
0.000010 0.000010 0.999950 0.000010 0.000010 0.000010
0.186890 0.000010 0.114223 0.352997 0.317350 0.028530
0.082206 0.017712 0.000010 0.000010 0.311581 0.588481
0.000010 0.999950 0.000010 0.000010 0.000010 0.000010
0.000010 0.549844 0.450116 0.000010 0.000010 0.000010
0.173222 0.000012 0.000010 0.411630 0.082003 0.333124
0.000010 0.850759 0.149201 0.000010 0.000010 0.000010
0.000010 0.525735 0.442393 0.012670 0.000010 0.019182
0.469983 0.000010 0.000010 0.000010 0.165122 0.364865
0.000010 0.999950 0.000010 0.000010 0.000010 0.000010
0.202532 0.000010 0.008350 0.478873 0.000010 0.310225
0.693779 0.000010 0.000010 0.227078 0.079113 0.000010
0.000010 0.000010 0.999950 0.000010 0.000010 0.000010
0.167433 0.127712 0.124670 0.268836 0.126567 0.184783
0.000010 0.000010 0.000010 0.396867 0.296245 0.306858
0.000010 0.999950 0.000010 0.000010 0.000010 0.000010
0.443312 0.000010 0.000010 0.262804 0.000010 0.293854
0.445512 0.000015 0.029113 0.224364 0.300986 0.000010
0.000010 0.999950 0.000010 0.000010 0.000010 0.000010
0.727054 0.023296 0.000010 0.249621 0.000010 0.000010
0.999950 0.000010 0.000010 0.000010 0.000010 0.000010
0.000010 0.000010 0.000010 0.000010 0.467769 0.532191
0.000010 0.000010 0.000010 0.000010 0.000010 0.999950
0.999950 0.000010 0.000010 0.000010 0.000010 0.000010
0.665351 0.000010 0.000010 0.000010 0.334609 0.000010
0.126256 0.000010 0.000010 0.306186 0.294199 0.273339
0.000010 0.000010 0.000010 0.000010 0.000010 0.999950
0.308299 0.000010 0.000010 0.159777 0.122782 0.409122
0.291963 0.000010 0.000010 0.000010 0.707997 0.000010
0.000010 0.999950 0.000010 0.000010 0.000010 0.000010
0.000010 0.000010 0.000010 0.320257 0.000010 0.679703
0.548833 0.000010 0.000010 0.187385 0.263752 0.000010
0.000010 0.000010 0.000010 0.000010 0.000010 0.999950
0.000010 0.000010 0.970181 0.000010 0.029779 0.000010
0.000010 0.990432 0.000010 0.000010 0.000010 0.009528
0.477153 0.004536 0.000010 0.000010 0.518282 0.000010
0.124017 0.000010 0.000010 0.436141 0.000010 0.439812
0.117908 0.000010 0.882052 0.000010 0.000010 0.000010
0.264016 0.000010 0.000010 0.000010 0.291297 0.444657
0.000010 0.000010 0.999950 0.000010 0.000010 0.000010
0.000010 0.680875 0.319085 0.000010 0.000010 0.000010
0.247657 0.000010 0.000010 0.461084 0.111206 0.180033
0.341598 0.000010 0.000012 0.000010 0.658360 0.000010
0.236196 0.000010 0.000010 0.066827 0.382744 0.314213
0.523493 0.476467 0.000010 0.000010 0.000010 0.000010
0.409005 0.000010 0.000010 0.487174 0.000010 0.103791
0.258606 0.011800 0.000010 0.000010 0.000010 0.729564
0.158452 0.000010 0.000010 0.210091 0.631428 0.000010
0.140688 0.000010 0.000010 0.000010 0.262928 0.596354
0.000010 0.000010 0.000010 0.000010 0.999950 0.000010
0.000010 0.000010 0.000010 0.000010 0.000010 0.999950
0.465322 0.021575 0.000010 0.513073 0.000010 0.000010
0.000010 0.000010 0.977200 0.000010 0.000010 0.022760
0.155449 0.000010 0.000010 0.000010 0.259349 0.585171
0.675184 0.000010 0.000010 0.000010 0.324776 0.000010
0.396486 0.000010 0.000010 0.269611 0.333873 0.000010
0.217602 0.000010 0.000010 0.000010 0.000010 0.782358
0.000010 0.000010 0.000010 0.515335 0.484625 0.000010
0.000010 0.000010 0.000010 0.449041 0.550919 0.000010
0.000010 0.288660 0.711300 0.000010 0.000010 0.000010
0.022700 0.239827 0.737443 0.000010 0.000010 0.000010
0.000010 0.284162 0.715798 0.000010 0.000010 0.000010
0.000010 0.167239 0.724209 0.000010 0.108522 0.000010
0.000010 0.393992 0.569129 0.000010 0.000010 0.036849
0.000010 0.000010 0.000010 0.000010 0.816058 0.183902
0.000010 0.293483 0.701069 0.005418 0.000010 0.000010
0.000010 0.322865 0.677095 0.000010 0.000010 0.000010
0.000010 0.000010 0.999950 0.000010 0.000010 0.000010
0.000010 0.999950 0.000010 0.000010 0.000010 0.000010
0.000010 0.772719 0.227241 0.000010 0.000010 0.000010
0.000010 0.674992 0.324968 0.000010 0.000010 0.000010
0.000010 0.200412 0.799548 0.000010 0.000010 0.000010
0.157548 0.000010 0.007158 0.297182 0.538093 0.000010
0.000010 0.000010 0.000010 0.000010 0.000010 0.999950
0.000010 0.000010 0.000010 0.999950 0.000010 0.000010
0.653356 0.005536 0.000010 0.341078 0.000010 0.000010
0.000010 0.000010 0.000010 0.999950 0.000010 0.000010
0.556756 0.000010 0.000010 0.000010 0.161790 0.281424
0.000010 0.000010 0.000010 0.174618 0.825342 0.000010
0.000010 0.000010 0.000010 0.240785 0.000010 0.759175
0.365884 0.000010 0.000010 0.289565 0.344521 0.000010
0.000010 0.000010 0.000010 0.267487 0.593012 0.139472
0.000010 0.000010 0.004486 0.000010 0.995474 0.000010
0.007471 0.611055 0.381444 0.000010 0.000010 0.000010
0.326476 0.000010 0.000010 0.384520 0.160319 0.128665
0.987747 0.012213 0.000010 0.000010 0.000010 0.000010
0.555176 0.000010 0.000010 0.444784 0.000010 0.000010
0.000010 0.837900 0.155547 0.006523 0.000010 0.000010
0.000010 0.788250 0.211710 0.000010 0.000010 0.000010
0.000010 0.304163 0.674096 0.000010 0.021712 0.000010
0.171380 0.000010 0.000010 0.404276 0.000010 0.424314
0.000010 0.000010 0.000010 0.000010 0.158069 0.841891
0.359001 0.000010 0.000010 0.189932 0.217018 0.234029
0.358145 0.000010 0.007653 0.226893 0.000010 0.407288
0.000010 0.000010 0.999950 0.000010 0.000010 0.000010
0.349191 0.004234 0.000010 0.531338 0.000010 0.115216
0.000010 0.000010 0.000010 0.437044 0.562916 0.000010
0.470724 0.000010 0.000010 0.150137 0.379110 0.000010
0.270903 0.000010 0.000010 0.229857 0.218051 0.281168
0.000010 0.533534 0.466426 0.000010 0.000010 0.000010
0.000010 0.999950 0.000010 0.000010 0.000010 0.000010
0.635582 0.004648 0.000010 0.359740 0.000010 0.000010
0.400354 0.000010 0.004448 0.289597 0.260023 0.045568
0.000010 0.999950 0.000010 0.000010 0.000010 0.000010
0.000010 0.000010 0.025324 0.974636 0.000010 0.000010
0.238780 0.022212 0.000010 0.079220 0.314197 0.345581
0.000010 0.004025 0.000010 0.582105 0.413839 0.000010
0.000010 0.395550 0.604410 0.000010 0.000010 0.000010
0.000010 0.000010 0.000010 0.000010 0.000010 0.999950
0.173960 0.009163 0.000010 0.000010 0.116240 0.700617
0.000010 0.000010 0.000010 0.000010 0.270127 0.729833
0.563671 0.021043 0.000010 0.000018 0.000010 0.415247
0.000011 0.288583 0.711374 0.000012 0.000010 0.000010
0.000010 0.096293 0.903667 0.000010 0.000010 0.000010
0.000010 0.970521 0.000010 0.000010 0.000010 0.029439
0.000010 0.000010 0.000010 0.999950 0.000010 0.000010
0.434360 0.000010 0.000010 0.121145 0.081034 0.363441
0.000010 0.000010 0.000010 0.000010 0.000010 0.999950
0.000010 0.014012 0.000010 0.217465 0.768494 0.000010
0.108725 0.000010 0.009086 0.318919 0.045842 0.517419
0.365295 0.000010 0.000010 0.634665 0.000010 0.000010
0.137707 0.314704 0.123132 0.137841 0.097038 0.189579
0.535499 0.008924 0.000010 0.012403 0.212454 0.230710
0.345122 0.000010 0.000010 0.253640 0.401207 0.000010
0.000010 0.000010 0.000010 0.000010 0.999950 0.000010
0.000010 0.000010 0.000010 0.756640 0.243320 0.000010
0.428354 0.000010 0.000010 0.315226 0.070014 0.186386
0.193015 0.000010 0.000010 0.000010 0.000010 0.806945
0.000010 0.000010 0.000010 0.046029 0.705780 0.248161
0.444185 0.000010 0.000010 0.169615 0.386170 0.000010
0.680046 0.000010 0.000010 0.319914 0.000010 0.000010
0.681918 0.000010 0.000010 0.318042 0.000010 0.000010
0.471885 0.084121 0.000010 0.000010 0.000010 0.443964
0.999950 0.000010 0.000010 0.000010 0.000010 0.000010
0.000010 0.627406 0.354507 0.000010 0.000010 0.018056
0.000010 0.232371 0.767589 0.000010 0.000010 0.000010
0.660602 0.000010 0.000010 0.098839 0.000010 0.240529
0.000010 0.000010 0.000010 0.233021 0.642703 0.124246
0.000010 0.000010 0.000010 0.132103 0.416602 0.451264
0.449563 0.000010 0.000010 0.001297 0.549110 0.000010
0.000010 0.000010 0.000010 0.999950 0.000010 0.000010
0.000010 0.000010 0.000010 0.000010 0.424281 0.575679
0.538650 0.000010 0.000010 0.215838 0.000010 0.245482
0.536716 0.000010 0.000010 0.208035 0.000010 0.255220
0.000010 0.000010 0.000010 0.000010 0.729076 0.270884
0.000010 0.000010 0.000010 0.999950 0.000010 0.000010
0.259882 0.000010 0.000010 0.000010 0.189202 0.550886
0.000010 0.000010 0.999950 0.000010 0.000010 0.000010
0.000010 0.000010 0.000010 0.181823 0.199282 0.618865
0.110634 0.000010 0.000010 0.275521 0.000010 0.613816
0.000010 0.000010 0.970601 0.000010 0.000010 0.029359
0.521637 0.000010 0.000010 0.000010 0.207604 0.270729
0.000010 0.000010 0.000010 0.283426 0.466169 0.250376
0.641266 0.000010 0.000010 0.358694 0.000010 0.000010
0.000010 0.999950 0.000010 0.000010 0.000010 0.000010
0.000010 0.000010 0.000010 0.000010 0.999950 0.000010
0.220251 0.004377 0.000010 0.520073 0.000010 0.255280
0.371186 0.000010 0.000010 0.000010 0.412966 0.215818
0.149463 0.000010 0.000010 0.000010 0.626553 0.223954
0.412384 0.000010 0.005155 0.000010 0.582432 0.000010
0.000010 0.693384 0.306576 0.000010 0.000010 0.000010
0.000010 0.243942 0.756018 0.000010 0.000010 0.000010
0.000010 0.000010 0.999950 0.000010 0.000010 0.000010
0.000010 0.422172 0.577788 0.000010 0.000010 0.000010
0.561303 0.000010 0.000010 0.000010 0.000010 0.438657
0.000010 0.999950 0.000010 0.000010 0.000010 0.000010
0.015151 0.116650 0.868170 0.000010 0.000010 0.000010
0.000010 0.000010 0.019719 0.212166 0.250388 0.517707
0.647205 0.000010 0.000010 0.000010 0.000010 0.352755
0.129006 0.000010 0.016932 0.000010 0.454669 0.399373
0.000010 0.012059 0.000010 0.000010 0.259636 0.728275
0.000010 0.000010 0.000010 0.144458 0.527084 0.328429
0.218343 0.000010 0.000010 0.106593 0.331748 0.343295
0.000010 0.000010 0.000010 0.000010 0.906738 0.093222
0.000010 0.000010 0.000010 0.376758 0.623202 0.000010
0.000010 0.000010 0.000010 0.000010 0.000010 0.999950
0.000010 0.000010 0.000010 0.773908 0.226052 0.000010
0.987621 0.012339 0.000010 0.000010 0.000010 0.000010
0.389782 0.000010 0.000010 0.000010 0.125265 0.484922
0.571820 0.000014 0.000010 0.200801 0.000010 0.227345
0.000010 0.000010 0.000010 0.372021 0.377470 0.250479
0.277969 0.000010 0.034375 0.000010 0.000010 0.687626
0.515475 0.007026 0.000010 0.000010 0.477470 0.000010
0.000010 0.003967 0.000010 0.000010 0.000010 0.995993
0.000010 0.000010 0.000010 0.230906 0.359200 0.409864
0.321094 0.000010 0.000010 0.423777 0.255099 0.000010
0.000010 0.000010 0.211866 0.000010 0.788094 0.000010
0.366155 0.000010 0.000010 0.090831 0.237371 0.305623
0.000010 0.000010 0.003313 0.315514 0.145209 0.535945
0.000010 0.000010 0.000010 0.000010 0.617576 0.382384
0.152647 0.000010 0.000010 0.413937 0.433386 0.000010
0.072280 0.000010 0.000010 0.000010 0.000010 0.927680
0.000010 0.003994 0.000010 0.221710 0.303524 0.470752
0.000010 0.000010 0.000010 0.478717 0.000010 0.521243
0.000010 0.000010 0.000010 0.408390 0.453058 0.138522
0.000010 0.000010 0.000010 0.138555 0.245997 0.615418
0.692092 0.000010 0.000010 0.000010 0.307868 0.000010
0.000010 0.000010 0.000010 0.707673 0.292287 0.000010
0.261525 0.000010 0.000010 0.069697 0.000010 0.668748
0.514544 0.000010 0.000010 0.297939 0.000010 0.187486
0.223252 0.000010 0.000010 0.000010 0.585250 0.191468
0.273104 0.000010 0.000010 0.173583 0.000010 0.553283
0.000010 0.000010 0.000010 0.517469 0.255277 0.227224
0.170943 0.000010 0.000010 0.000010 0.420355 0.408673
0.000010 0.999950 0.000010 0.000010 0.000010 0.000010
0.000010 0.000010 0.000010 0.000010 0.000010 0.999950
0.122086 0.000010 0.000010 0.609673 0.000010 0.268212
0.000010 0.000010 0.000010 0.687563 0.312397 0.000010
0.117668 0.000010 0.000010 0.000010 0.303607 0.578694
0.149109 0.000010 0.000010 0.147943 0.247672 0.455257
0.569315 0.032223 0.000010 0.060649 0.187267 0.150535
0.000010 0.000010 0.000010 0.386667 0.000010 0.613293
0.226034 0.000010 0.000010 0.668529 0.105407 0.000010
0.000010 0.000010 0.025614 0.000010 0.576828 0.397529
0.000010 0.000010 0.000010 0.152636 0.847324 0.000010
0.532911 0.000010 0.000010 0.284743 0.182316 0.000010
0.698959 0.000010 0.000010 0.000010 0.301001 0.000010
0.000010 0.387609 0.612351 0.000010 0.000010 0.000010
0.000010 0.000010 0.999950 0.000010 0.000010 0.000010
0.000010 0.000010 0.000010 0.000010 0.077376 0.922584
0.000010 0.000010 0.000010 0.999950 0.000010 0.000010
0.000010 0.297060 0.701283 0.001627 0.000010 0.000010
0.219561 0.005089 0.000010 0.000010 0.450806 0.324525
0.569606 0.000010 0.000010 0.430354 0.000010 0.000010
0.095089 0.000010 0.000010 0.303455 0.450400 0.151035
0.291433 0.000010 0.000010 0.000010 0.272493 0.436045
0.422866 0.000010 0.004386 0.187756 0.000010 0.384971
0.000010 0.000010 0.000010 0.178583 0.523910 0.297477
0.000010 0.000010 0.000010 0.000010 0.999950 0.000010
0.403490 0.000010 0.000010 0.000010 0.318147 0.278334
0.377987 0.000010 0.000010 0.077562 0.327517 0.216914
0.000010 0.000010 0.000010 0.157212 0.513400 0.329359
0.294541 0.000010 0.000010 0.076110 0.251984 0.377345
0.171286 0.000010 0.000010 0.000010 0.828674 0.000010
0.085245 0.000010 0.000010 0.000010 0.454500 0.460226
0.000010 0.000010 0.000010 0.112057 0.581101 0.306812
0.000010 0.000010 0.000010 0.212018 0.000010 0.787942
0.606987 0.077625 0.000010 0.000010 0.091179 0.224189
0.000010 0.000010 0.000010 0.476210 0.000010 0.523750
0.299311 0.000010 0.000010 0.217999 0.363086 0.119583
0.000010 0.000010 0.000010 0.299895 0.378162 0.321913
0.357011 0.000010 0.051579 0.591380 0.000010 0.000010
0.110228 0.005009 0.000010 0.490459 0.394284 0.000010
0.097385 0.000010 0.000010 0.000010 0.758640 0.143944
0.506480 0.000010 0.000010 0.000010 0.493480 0.000010
0.422028 0.011005 0.000010 0.000010 0.000010 0.566937
0.427028 0.000010 0.000010 0.000010 0.305429 0.267513
0.000010 0.045424 0.000010 0.000010 0.000010 0.954536
0.000010 0.000010 0.000010 0.000010 0.999950 0.000010
0.294663 0.000010 0.000010 0.000010 0.603554 0.101752
0.384019 0.000010 0.000010 0.222279 0.202983 0.190700
0.000010 0.000010 0.000010 0.000010 0.000010 0.999950
0.805605 0.000010 0.000010 0.000010 0.194355 0.000010
0.340853 0.000010 0.000010 0.000010 0.287261 0.371856
0.000010 0.000010 0.000010 0.225587 0.000010 0.774373
0.000010 0.000010 0.000010 0.000010 0.000010 0.999950
0.000010 0.000010 0.009395 0.406959 0.583616 0.000010
0.000010 0.000010 0.000010 0.704412 0.295548 0.000010
0.000010 0.000010 0.000010 0.000010 0.999950 0.000010
0.000010 0.000010 0.000010 0.432836 0.567124 0.000010
0.000010 0.000010 0.000010 0.000010 0.000010 0.999950
0.299729 0.000010 0.000010 0.700231 0.000010 0.000010
0.000010 0.321807 0.115115 0.563048 0.000010 0.000010
0.490579 0.000010 0.000010 0.097393 0.181288 0.230720
0.572556 0.000010 0.000010 0.000010 0.000010 0.427404
0.418730 0.123577 0.055125 0.207052 0.000010 0.195507
0.000010 0.016695 0.000010 0.000010 0.247228 0.736047
0.000010 0.000010 0.000010 0.000010 0.384201 0.615759
0.000010 0.000010 0.000010 0.000010 0.686206 0.313754
0.000010 0.161179 0.000010 0.838781 0.000010 0.000010
0.000010 0.000010 0.000010 0.354041 0.000010 0.645919
0.542105 0.000010 0.000010 0.000010 0.390057 0.067808
0.739486 0.000010 0.000010 0.000010 0.260474 0.000010
0.000010 0.000010 0.000010 0.572369 0.427591 0.000010
0.000010 0.000010 0.000010 0.000010 0.000010 0.999950
0.582933 0.000010 0.000010 0.000010 0.000010 0.417027
0.348815 0.000010 0.000010 0.000010 0.651145 0.000010
0.000010 0.231138 0.768822 0.000010 0.000010 0.000010
0.101886 0.000010 0.000010 0.000010 0.151087 0.746997
0.693962 0.000010 0.000010 0.000010 0.000010 0.305998
0.999950 0.000010 0.000010 0.000010 0.000010 0.000010
0.056575 0.003249 0.000010 0.165073 0.252810 0.522282
0.162395 0.000010 0.000010 0.000010 0.000010 0.837565
0.000010 0.940661 0.059299 0.000010 0.000010 0.000010
0.000010 0.999950 0.000010 0.000010 0.000010 0.000010
0.141434 0.000010 0.000010 0.199513 0.342023 0.317010
0.000010 0.000010 0.000010 0.263230 0.736730 0.000010
0.000010 0.006769 0.000010 0.993191 0.000010 0.000010
0.000010 0.004089 0.000010 0.197528 0.343650 0.454713
0.337604 0.000010 0.000010 0.054535 0.000010 0.607831
0.000010 0.999950 0.000010 0.000010 0.000010 0.000010
0.255450 0.000010 0.000010 0.000010 0.152348 0.592172
0.235013 0.000010 0.000010 0.321712 0.443245 0.000010
0.292114 0.000010 0.000010 0.491955 0.215900 0.000010
0.000010 0.000010 0.009774 0.000010 0.249790 0.740406
0.000010 0.000010 0.000010 0.173247 0.060112 0.766611
0.000010 0.487896 0.496384 0.000010 0.015689 0.000010
0.000010 0.000010 0.000010 0.000010 0.236367 0.763593
0.583950 0.000010 0.000010 0.000010 0.000010 0.416010
0.000010 0.000010 0.999950 0.000010 0.000010 0.000010
0.000010 0.000010 0.999950 0.000010 0.000010 0.000010
0.689166 0.005245 0.000010 0.000010 0.305559 0.000010
0.591176 0.000010 0.000010 0.000010 0.408784 0.000010
0.575851 0.000010 0.000010 0.424109 0.000010 0.000010
0.018952 0.339842 0.641176 0.000010 0.000010 0.000010
0.504429 0.000010 0.000010 0.102158 0.251699 0.141693
0.244155 0.000010 0.000010 0.141509 0.300708 0.313608
0.000010 0.000010 0.000010 0.000010 0.134140 0.865820
0.287170 0.000010 0.000010 0.215909 0.496890 0.000010
0.000010 0.559878 0.432388 0.000018 0.007695 0.000010
0.000010 0.000015 0.000010 0.339331 0.660624 0.000010
0.309047 0.000010 0.000010 0.581968 0.108956 0.000010
0.553614 0.000010 0.000010 0.000010 0.000010 0.446346
0.000010 0.000010 0.000010 0.000010 0.000010 0.999950
0.000010 0.000010 0.040048 0.000010 0.000010 0.959912
0.075538 0.000019 0.016729 0.000010 0.514333 0.393371
0.048458 0.000010 0.000010 0.520563 0.430950 0.000010
0.085967 0.000010 0.000010 0.601801 0.312202 0.000010
0.039560 0.000010 0.000010 0.443742 0.278709 0.237969
0.547775 0.000010 0.000010 0.182207 0.269988 0.000010
0.965990 0.033961 0.000018 0.000010 0.000010 0.000010
0.793288 0.000010 0.000010 0.206672 0.000010 0.000010
0.187699 0.000010 0.000010 0.000010 0.000010 0.812261
0.000010 0.000010 0.000010 0.208306 0.791654 0.000010
0.000010 0.000010 0.000010 0.000010 0.221303 0.778657
0.569174 0.000010 0.000010 0.153029 0.277767 0.000010
0.657902 0.000010 0.000010 0.000010 0.342058 0.000010
0.000010 0.000010 0.000010 0.000010 0.999950 0.000010
0.000010 0.000010 0.000010 0.000010 0.999950 0.000010
0.661204 0.000010 0.000010 0.000010 0.338756 0.000010
0.483160 0.000010 0.000010 0.105385 0.310788 0.100647
0.000010 0.000010 0.000010 0.272127 0.454762 0.273081
0.008062 0.000010 0.000010 0.000010 0.000010 0.991898
0.000010 0.547737 0.452223 0.000010 0.000010 0.000010
0.000010 0.000010 0.000010 0.000010 0.657852 0.342108
0.000010 0.000010 0.000010 0.000010 0.999950 0.000010
0.028526 0.000010 0.000010 0.362572 0.409748 0.199134
0.000010 0.000010 0.000010 0.245633 0.000010 0.754327
0.000010 0.000010 0.000010 0.089093 0.377158 0.533719
0.000010 0.000010 0.000010 0.000010 0.266645 0.733315
0.741218 0.000010 0.000010 0.000010 0.235549 0.023203
0.280106 0.000010 0.000010 0.000010 0.259958 0.459905
0.000010 0.000010 0.000010 0.319822 0.167964 0.512185
0.277224 0.000010 0.000010 0.324449 0.087602 0.310705
0.000010 0.000010 0.000010 0.345635 0.000010 0.654325
0.999950 0.000010 0.000010 0.000010 0.000010 0.000010
0.985417 0.000010 0.014543 0.000010 0.000010 0.000010
0.193929 0.000010 0.000010 0.164330 0.338836 0.302885
0.000010 0.000010 0.000010 0.000010 0.000010 0.999950
0.516111 0.000010 0.000010 0.044896 0.206225 0.232748
0.000010 0.000010 0.000010 0.000010 0.000010 0.999950
0.275517 0.000010 0.000010 0.000010 0.000010 0.724443
0.495970 0.000010 0.000010 0.158490 0.000010 0.345511
0.340424 0.000010 0.000010 0.000010 0.000010 0.659536
0.723680 0.000010 0.000010 0.054112 0.222178 0.000010
0.000010 0.000010 0.000010 0.000010 0.283847 0.716113
0.740062 0.000010 0.000010 0.259898 0.000010 0.000010
0.000010 0.000010 0.000010 0.441491 0.467396 0.091084
0.000010 0.309253 0.690707 0.000010 0.000010 0.000010
0.000010 0.000010 0.000010 0.148005 0.202327 0.649637
0.000010 0.000010 0.000010 0.584369 0.415591 0.000010
0.000010 0.000010 0.000010 0.393077 0.606883 0.000010
0.000010 0.009917 0.000010 0.000010 0.990043 0.000010
0.446267 0.000010 0.000010 0.215254 0.338450 0.000010
0.152955 0.000010 0.000010 0.231019 0.113612 0.502394
0.999950 0.000010 0.000010 0.000010 0.000010 0.000010
0.984923 0.000010 0.015037 0.000010 0.000010 0.000010
0.180821 0.023031 0.000010 0.000010 0.796118 0.000010
0.000010 0.000010 0.000010 0.112683 0.415481 0.471806
0.167820 0.000010 0.009564 0.413501 0.409095 0.000010
0.337628 0.000010 0.000010 0.159497 0.000010 0.502845
0.276697 0.000010 0.000010 0.000010 0.067799 0.655474
0.541583 0.000010 0.000010 0.000010 0.000010 0.458377
0.000010 0.000010 0.000010 0.195227 0.315473 0.489271
0.000010 0.000010 0.063912 0.000010 0.936048 0.000010
0.000010 0.000010 0.001920 0.176678 0.453853 0.367529
0.329828 0.000010 0.000010 0.323957 0.346184 0.000010
0.000010 0.000010 0.000010 0.000010 0.786482 0.213478
0.682792 0.000010 0.000010 0.000010 0.000010 0.317168
0.285124 0.000010 0.000010 0.714836 0.000010 0.000010
0.000010 0.000010 0.000010 0.000010 0.999950 0.000010
0.727606 0.000010 0.000010 0.000010 0.272354 0.000010
0.000010 0.652556 0.347404 0.000010 0.000010 0.000010
0.162515 0.000010 0.000010 0.000010 0.201424 0.636031
0.000010 0.000010 0.000010 0.483420 0.319766 0.196784
0.000010 0.000010 0.000010 0.000010 0.999950 0.000010
0.000010 0.751807 0.248153 0.000010 0.000010 0.000010
0.078723 0.000010 0.000010 0.401339 0.519908 0.000010
0.450945 0.000010 0.000010 0.465602 0.000010 0.083422
0.000010 0.000010 0.000010 0.000010 0.999950 0.000010
0.000010 0.000010 0.003661 0.000010 0.329211 0.667098
0.421206 0.000010 0.000010 0.283612 0.000010 0.295151
0.000010 0.000010 0.000010 0.000010 0.999950 0.000010
0.740134 0.000010 0.000010 0.000010 0.259826 0.000010
0.169887 0.024238 0.000010 0.321039 0.470206 0.014620
0.857355 0.001309 0.000010 0.000010 0.000010 0.141306
0.000010 0.000010 0.000010 0.000010 0.000010 0.999950
0.310050 0.000010 0.000010 0.483206 0.206714 0.000010
0.569124 0.000010 0.000010 0.086777 0.194211 0.149868
0.000010 0.000010 0.000010 0.000010 0.575390 0.424570
0.585076 0.000010 0.000010 0.000010 0.110967 0.303926
0.000010 0.016680 0.000010 0.983280 0.000010 0.000010
0.564636 0.000010 0.000010 0.154748 0.005088 0.275507
0.480890 0.000010 0.000010 0.519070 0.000010 0.000010
0.101723 0.000010 0.000010 0.000010 0.231883 0.666364
0.197550 0.000010 0.000010 0.276958 0.525462 0.000010
0.507896 0.000010 0.000010 0.288646 0.068768 0.134670
0.000010 0.000010 0.000010 0.999950 0.000010 0.000010
0.000010 0.000010 0.000010 0.000010 0.265136 0.734824
0.142856 0.000010 0.000010 0.000010 0.584696 0.272419
0.870728 0.000010 0.000010 0.000010 0.129232 0.000010
0.000010 0.000010 0.000010 0.225261 0.308995 0.465714
0.446563 0.000010 0.000010 0.121472 0.431934 0.000010
0.234557 0.000010 0.000010 0.000010 0.264065 0.501348
0.383285 0.000010 0.000010 0.000010 0.616675 0.000010
0.000010 0.000010 0.000010 0.404595 0.595365 0.000010
0.000010 0.000010 0.027197 0.240641 0.732132 0.000010
0.568769 0.000010 0.000010 0.000010 0.000010 0.431191
0.277385 0.000010 0.000010 0.722575 0.000010 0.000010
0.085809 0.000010 0.000010 0.000010 0.369725 0.544437
0.247172 0.000010 0.000010 0.597923 0.154875 0.000010
0.000010 0.000010 0.000010 0.292143 0.707817 0.000010
0.000010 0.110252 0.000010 0.000010 0.889708 0.000010
0.000010 0.000010 0.009236 0.417073 0.442402 0.131270
0.999950 0.000010 0.000010 0.000010 0.000010 0.000010
0.000010 0.000010 0.000010 0.000010 0.213535 0.786425
0.000010 0.000010 0.000010 0.000010 0.000010 0.999950
0.000010 0.000010 0.000010 0.000010 0.363447 0.636513
0.000010 0.999950 0.000010 0.000010 0.000010 0.000010
0.000010 0.619863 0.380097 0.000010 0.000010 0.000010
0.000010 0.032413 0.000010 0.420615 0.546942 0.000010
0.538180 0.000010 0.000010 0.000010 0.325877 0.135912
0.197403 0.000010 0.000010 0.273596 0.277812 0.251168
0.459744 0.000010 0.000010 0.000010 0.000010 0.540216
0.589816 0.004832 0.000010 0.000010 0.000010 0.405322
0.000014 0.235866 0.709948 0.000010 0.054152 0.000010
0.000010 0.000010 0.000010 0.000010 0.000010 0.999950
0.000010 0.291718 0.708242 0.000010 0.000010 0.000010
0.000010 0.000010 0.000010 0.000010 0.999950 0.000010
0.000010 0.000010 0.000010 0.441695 0.558265 0.000010
0.000010 0.556667 0.443293 0.000010 0.000010 0.000010
0.000010 0.039050 0.000010 0.779435 0.181485 0.000010
0.128050 0.000010 0.000010 0.153613 0.378686 0.339631
0.000010 0.000010 0.000010 0.362662 0.551286 0.086022
0.000010 0.000010 0.000010 0.000010 0.291122 0.708838
0.000010 0.000010 0.000010 0.000010 0.000010 0.999950
0.051373 0.000010 0.000010 0.000010 0.706812 0.241786
0.134954 0.000010 0.000010 0.000010 0.865006 0.000010
0.000010 0.000010 0.000010 0.449250 0.550710 0.000010
0.603286 0.000010 0.000010 0.000010 0.000010 0.396674
0.000010 0.000010 0.000010 0.000010 0.999950 0.000010
0.000010 0.050174 0.000010 0.000010 0.949786 0.000010
0.628023 0.000010 0.000010 0.062765 0.000010 0.309182
0.296351 0.000010 0.000010 0.000010 0.232508 0.471111
0.402011 0.000010 0.004897 0.142389 0.052334 0.398358
0.000010 0.999950 0.000010 0.000010 0.000010 0.000010
0.999950 0.000010 0.000010 0.000010 0.000010 0.000010
0.565421 0.000010 0.000010 0.434539 0.000010 0.000010
0.035850 0.000010 0.000010 0.000010 0.323472 0.640648
0.000010 0.999950 0.000010 0.000010 0.000010 0.000010
0.097021 0.000010 0.025795 0.000010 0.642211 0.234953
0.112868 0.000010 0.000010 0.000010 0.268263 0.618839
0.000010 0.965398 0.000010 0.000010 0.000010 0.034562
0.000010 0.999950 0.000010 0.000010 0.000010 0.000010
0.000010 0.849659 0.150301 0.000010 0.000010 0.000010
0.999950 0.000010 0.000010 0.000010 0.000010 0.000010
0.000010 0.000010 0.000010 0.000010 0.407124 0.592836
0.199659 0.000689 0.000010 0.000010 0.392736 0.406896
0.000010 0.000010 0.000010 0.675013 0.324947 0.000010
0.397181 0.000010 0.007830 0.000010 0.283616 0.311354
0.004898 0.763016 0.232056 0.000010 0.000010 0.000010
0.778109 0.000010 0.010334 0.000010 0.000010 0.211527
0.000010 0.000010 0.000010 0.195402 0.321744 0.482824
0.000010 0.400376 0.599584 0.000010 0.000010 0.000010
0.132669 0.000010 0.004629 0.776907 0.085775 0.000010
0.485898 0.000010 0.000010 0.089869 0.000010 0.424204
0.000010 0.000010 0.000010 0.336096 0.289056 0.374818
0.000010 0.000010 0.003816 0.221381 0.198024 0.576759
0.000010 0.322495 0.146881 0.530594 0.000010 0.000010
0.999950 0.000010 0.000010 0.000010 0.000010 0.000010
0.421003 0.000010 0.000010 0.578957 0.000010 0.000010
0.000010 0.000010 0.999950 0.000010 0.000010 0.000010
0.000010 0.549590 0.450370 0.000010 0.000010 0.000010
0.000010 0.446975 0.552985 0.000010 0.000010 0.000010
0.000010 0.383041 0.616919 0.000010 0.000010 0.000010
0.326894 0.000010 0.000010 0.585672 0.000010 0.087404
0.458191 0.000010 0.000010 0.288765 0.253014 0.000010
0.000010 0.999950 0.000010 0.000010 0.000010 0.000010
0.327392 0.000010 0.000010 0.056854 0.000010 0.615724
0.000010 0.000010 0.999950 0.000010 0.000010 0.000010
0.000010 0.494475 0.505485 0.000010 0.000010 0.000010
0.000010 0.026748 0.000010 0.371096 0.295706 0.306430
0.366724 0.000010 0.007167 0.420553 0.000010 0.205536
0.651439 0.000010 0.000010 0.162891 0.185640 0.000010
0.416582 0.004126 0.000010 0.000010 0.177977 0.401295
0.000010 0.000010 0.013722 0.000010 0.986238 0.000010
0.000010 0.000010 0.009739 0.439255 0.456120 0.094866
0.180378 0.720624 0.000010 0.000010 0.000010 0.098968
0.392535 0.004154 0.000010 0.301182 0.274080 0.028038
0.000010 0.999950 0.000010 0.000010 0.000010 0.000010
0.000010 0.000010 0.000010 0.613272 0.035803 0.350895
0.000010 0.044778 0.000010 0.511448 0.000010 0.443743
0.000010 0.000010 0.000010 0.000010 0.000010 0.999950
0.000010 0.000010 0.000010 0.999950 0.000010 0.000010
0.000010 0.000010 0.000010 0.000010 0.000010 0.999950
0.000010 0.000010 0.000010 0.000010 0.999950 0.000010
0.066828 0.003157 0.000010 0.000010 0.383689 0.546306
0.452824 0.040092 0.000010 0.000010 0.000010 0.507054
0.000010 0.000010 0.000010 0.076988 0.454664 0.468318
0.000010 0.000010 0.000010 0.000010 0.841114 0.158846
0.386626 0.000010 0.000010 0.613334 0.000010 0.000010
0.143757 0.000010 0.000010 0.196062 0.000010 0.660151
0.000010 0.003882 0.000015 0.000010 0.361591 0.634492
0.000010 0.000010 0.000010 0.000010 0.000010 0.999950
0.999950 0.000010 0.000010 0.000010 0.000010 0.000010
0.187516 0.000010 0.000010 0.247652 0.000010 0.564803
0.000010 0.000010 0.000010 0.335608 0.660305 0.004058
0.000010 0.000010 0.000010 0.000010 0.498605 0.501355
0.000010 0.227872 0.000010 0.772088 0.000010 0.000010
0.517253 0.011940 0.000010 0.000010 0.107192 0.363595
0.579574 0.000010 0.009557 0.000010 0.410839 0.000010
0.000010 0.063492 0.000010 0.713233 0.000010 0.223245
0.148809 0.000010 0.000010 0.000010 0.315835 0.535326
0.000010 0.022327 0.000010 0.599540 0.378103 0.000010
0.004749 0.995211 0.000010 0.000010 0.000010 0.000010
0.000010 0.000010 0.999950 0.000010 0.000010 0.000010
0.361944 0.000010 0.000010 0.115870 0.000010 0.522156
0.595821 0.000010 0.000010 0.404139 0.000010 0.000010
0.000010 0.004351 0.000010 0.650358 0.345261 0.000010
0.000010 0.000010 0.000010 0.000010 0.875394 0.124566
0.169974 0.000010 0.000010 0.340503 0.403885 0.085618
0.154302 0.000010 0.000010 0.597136 0.020019 0.228523
0.000010 0.481138 0.455440 0.063392 0.000010 0.000010
0.547290 0.000010 0.000010 0.000010 0.000010 0.452670
0.415827 0.000010 0.000010 0.000010 0.584133 0.000010
0.088595 0.000010 0.000010 0.000010 0.234706 0.676668
0.000010 0.000010 0.000010 0.000010 0.000010 0.999950
0.000010 0.000010 0.000010 0.000010 0.999950 0.000010
0.303878 0.000010 0.000010 0.163504 0.000010 0.532588
0.631112 0.000010 0.000010 0.000010 0.368848 0.000010
0.000010 0.000010 0.000010 0.207831 0.000010 0.792129
0.000010 0.000010 0.000010 0.000010 0.407770 0.592190
0.272516 0.000010 0.000010 0.305438 0.121515 0.300512
0.363693 0.000010 0.000010 0.000010 0.395935 0.240342
0.999950 0.000010 0.000010 0.000010 0.000010 0.000010
0.999950 0.000010 0.000010 0.000010 0.000010 0.000010
0.315090 0.030083 0.000010 0.000010 0.000010 0.654797
0.265324 0.000010 0.000010 0.172079 0.424054 0.138523
0.999950 0.000010 0.000010 0.000010 0.000010 0.000010
0.624119 0.000010 0.000010 0.375841 0.000010 0.000010
0.000010 0.000010 0.000010 0.000010 0.680573 0.319387
0.434050 0.000010 0.000010 0.000010 0.565910 0.000010
0.599757 0.000010 0.000010 0.080896 0.000010 0.319318
0.000010 0.000010 0.000010 0.247778 0.752182 0.000010
0.000010 0.000010 0.999950 0.000010 0.000010 0.000010
0.197068 0.016455 0.000010 0.000010 0.723734 0.062723
0.617226 0.006975 0.000010 0.000010 0.375769 0.000010
0.000010 0.000010 0.000010 0.167173 0.272004 0.560793
0.000010 0.000010 0.022104 0.000010 0.977856 0.000010
0.988331 0.000010 0.011629 0.000010 0.000010 0.000010
0.348581 0.000010 0.000010 0.345776 0.000010 0.305613
0.000010 0.000010 0.000010 0.000010 0.819851 0.180109
0.224004 0.000010 0.000010 0.429031 0.000010 0.346935
0.159809 0.000010 0.000010 0.000010 0.564659 0.275502
0.712197 0.000010 0.000010 0.000010 0.000010 0.287763
0.000010 0.000010 0.000010 0.000010 0.741840 0.258120
0.398788 0.196438 0.000010 0.300637 0.000010 0.104117
0.199268 0.000010 0.000010 0.143050 0.654400 0.003262
0.000010 0.021542 0.000010 0.330331 0.111009 0.537098
0.000010 0.000010 0.000010 0.664548 0.000010 0.335412
0.000010 0.000010 0.000010 0.000010 0.000010 0.999950
0.000010 0.000010 0.000010 0.360160 0.639640 0.000171
0.003046 0.637801 0.359123 0.000010 0.000010 0.000010
0.353073 0.000010 0.000010 0.000010 0.164038 0.482859
0.370040 0.000010 0.000010 0.000010 0.629920 0.000010
0.000010 0.585095 0.364041 0.050834 0.000010 0.000010
0.429681 0.000010 0.014675 0.192264 0.363361 0.000010
0.621515 0.000010 0.000010 0.279857 0.098598 0.000010
0.497211 0.000010 0.013024 0.000010 0.489735 0.000010
0.094926 0.000010 0.000010 0.171604 0.314028 0.419421
0.708471 0.000010 0.000010 0.000010 0.000010 0.291489
0.000010 0.999950 0.000010 0.000010 0.000010 0.000010
0.206020 0.000010 0.008857 0.000010 0.785093 0.000010
0.000010 0.000010 0.006415 0.649035 0.235179 0.109351
0.585878 0.004680 0.000010 0.409412 0.000010 0.000010
0.989023 0.000010 0.000010 0.010937 0.000010 0.000010
0.000010 0.584611 0.415349 0.000010 0.000010 0.000010
0.999950 0.000010 0.000010 0.000010 0.000010 0.000010
0.000010 0.999950 0.000010 0.000010 0.000010 0.000010
0.000010 0.000010 0.999950 0.000010 0.000010 0.000010
0.000010 0.438536 0.552983 0.008452 0.000010 0.000010
0.000010 0.268956 0.731004 0.000010 0.000010 0.000010
0.000010 0.999950 0.000010 0.000010 0.000010 0.000010
0.086967 0.000010 0.005117 0.000010 0.556196 0.351700
0.467307 0.000010 0.000010 0.345845 0.186817 0.000010
0.000010 0.000010 0.000010 0.585726 0.286514 0.127730
0.566496 0.000010 0.000010 0.000010 0.000010 0.433464
0.000010 0.000010 0.000010 0.000010 0.388253 0.611707
0.000010 0.000010 0.000010 0.000010 0.315655 0.684305
0.240619 0.000010 0.000010 0.383581 0.361848 0.013932
0.000010 0.965731 0.000010 0.000010 0.000010 0.034229
0.000010 0.000010 0.000010 0.000010 0.247012 0.752948
0.368714 0.004398 0.000010 0.564482 0.062386 0.000010
0.000010 0.000010 0.000010 0.218536 0.291393 0.490041
0.261708 0.000010 0.000010 0.176207 0.000010 0.562055
0.000010 0.000010 0.000010 0.000010 0.999950 0.000010
0.000010 0.000010 0.000010 0.180984 0.818976 0.000010
0.254449 0.000010 0.000010 0.000010 0.000010 0.745511
0.000010 0.000010 0.000010 0.564564 0.435396 0.000010
0.000010 0.000010 0.000010 0.999950 0.000010 0.000010
0.000010 0.000010 0.000010 0.623584 0.000010 0.376376
0.422920 0.000010 0.000010 0.521932 0.000010 0.055119
0.293497 0.000010 0.000010 0.013541 0.315734 0.377207
0.184069 0.000010 0.000010 0.095459 0.505394 0.215059
0.357720 0.000010 0.000010 0.000010 0.642240 0.000010
0.512790 0.000010 0.000010 0.487170 0.000010 0.000010
0.000010 0.000010 0.000010 0.999950 0.000010 0.000010
0.000010 0.000014 0.000010 0.045900 0.520070 0.433996
0.270005 0.000010 0.000010 0.000010 0.000010 0.729955
0.000010 0.000010 0.030920 0.000010 0.969040 0.000010
0.520500 0.058323 0.000010 0.000010 0.421147 0.000010
0.124869 0.000010 0.007498 0.560078 0.133138 0.174407
0.999950 0.000010 0.000010 0.000010 0.000010 0.000010
0.000010 0.547890 0.452070 0.000010 0.000010 0.000010
0.000010 0.999950 0.000010 0.000010 0.000010 0.000010
0.000010 0.000010 0.999950 0.000010 0.000010 0.000010
0.000010 0.000010 0.000010 0.000010 0.000010 0.999950
0.000010 0.999950 0.000010 0.000010 0.000010 0.000010
0.365197 0.000010 0.020290 0.000010 0.614483 0.000010
0.296002 0.000010 0.000010 0.000010 0.000010 0.703958
0.000010 0.971721 0.000010 0.000010 0.028239 0.000010
0.989808 0.010152 0.000010 0.000010 0.000010 0.000010
0.462806 0.012020 0.000010 0.000010 0.000010 0.525143
0.158890 0.000010 0.000010 0.494430 0.163574 0.183086
0.000010 0.000010 0.000010 0.000010 0.999950 0.000010
0.077994 0.000010 0.000010 0.000010 0.000010 0.921966
0.000010 0.010310 0.000010 0.000010 0.989650 0.000010
0.000010 0.911995 0.059110 0.000010 0.028865 0.000010
0.000010 0.000010 0.000010 0.614897 0.323750 0.061324
0.999950 0.000010 0.000010 0.000010 0.000010 0.000010
0.000010 0.000010 0.000010 0.590122 0.000010 0.409838
0.000010 0.848932 0.151028 0.000010 0.000010 0.000010
0.207434 0.000010 0.000010 0.000010 0.792526 0.000010
0.238521 0.003781 0.000010 0.090160 0.172902 0.494625
0.414163 0.000014 0.004029 0.174144 0.000010 0.407640
0.355928 0.000010 0.000010 0.000010 0.000010 0.644032
0.408288 0.000010 0.000010 0.154310 0.000010 0.437372
0.000010 0.000010 0.000010 0.000010 0.999950 0.000010
0.000010 0.202583 0.000010 0.000010 0.797377 0.000010
0.000010 0.000010 0.000010 0.830807 0.000010 0.169153
0.415605 0.000010 0.000010 0.069877 0.219486 0.295012
0.364774 0.000010 0.000010 0.635186 0.000010 0.000010
0.000010 0.013081 0.000010 0.000010 0.190032 0.796858
0.508324 0.000010 0.000010 0.249276 0.242370 0.000010
0.807231 0.000010 0.000010 0.000010 0.192729 0.000010
0.015994 0.696378 0.287598 0.000010 0.000010 0.000010
0.000010 0.000010 0.000010 0.000010 0.831004 0.168956
0.385168 0.000010 0.000010 0.000010 0.261728 0.353074
0.401898 0.000010 0.000010 0.203988 0.394084 0.000010
0.000010 0.000010 0.000010 0.000010 0.999950 0.000010
0.000010 0.000010 0.000010 0.710760 0.000010 0.289200
0.000010 0.782315 0.217645 0.000010 0.000010 0.000010
