0.000010 0.000010 0.000010 0.000010 0.000010 0.000010 0.000010 0.165255 0.000010 0.000010 0.269016 0.172065 0.080262 0.000010 0.000010 0.000010 0.051855 0.000010 0.000010 0.000010 0.237138 0.000010 0.024249
0.173271 0.000010 0.000010 0.000010 0.000010 0.000010 0.000010 0.000010 0.000010 0.290602 0.051371 0.000010 0.150631 0.000010 0.000010 0.000010 0.000010 0.007733 0.000010 0.000010 0.286225 0.000010 0.040006
0.000010 0.242331 0.000010 0.000010 0.000010 0.000010 0.088879 0.000010 0.000010 0.230888 0.000010 0.000010 0.200133 0.000010 0.000010 0.000010 0.000010 0.000010 0.000010 0.237588 0.000010 0.000010 0.000010
0.000010 0.000010 0.000010 0.000010 0.000010 0.000010 0.000010 0.000010 0.000010 0.000010 0.000010 0.000010 0.000010 0.000010 0.000010 0.000010 0.999780 0.000010 0.000010 0.000010 0.000010 0.000010 0.000010
0.000010 0.196228 0.089858 0.000010 0.239210 0.000010 0.092209 0.019946 0.000010 0.161353 0.091829 0.000010 0.009199 0.000010 0.000010 0.000010 0.000010 0.000010 0.000010 0.000010 0.100029 0.000010 0.000010
0.346691 0.000010 0.045793 0.000010 0.214620 0.000010 0.000010 0.000010 0.000010 0.000010 0.012624 0.000010 0.000010 0.000010 0.000010 0.000010 0.000010 0.000010 0.000010 0.000010 0.000010 0.000010 0.380093
0.166091 0.439271 0.000010 0.000010 0.000010 0.029668 0.150137 0.000010 0.000010 0.000010 0.000010 0.000010 0.000010 0.000010 0.000010 0.000010 0.000010 0.000010 0.000010 0.214653 0.000010 0.000010 0.000010
0.000010 0.000010 0.000010 0.000010 0.000010 0.000010 0.000010 0.000010 0.000010 0.000010 0.422045 0.000010 0.000010 0.000010 0.000010 0.000010 0.000010 0.000010 0.000010 0.577745 0.000010 0.000010 0.000010
0.000010 0.207840 0.087398 0.000010 0.000010 0.000010 0.000010 0.393482 0.011785 0.000010 0.000010 0.000010 0.000010 0.000010 0.000010 0.000010 0.088981 0.000010 0.000010 0.000010 0.083757 0.011159 0.115449
0.000010 0.000010 0.025394 0.105727 0.000010 0.000010 0.000010 0.066718 0.000010 0.086179 0.000010 0.000010 0.000010 0.000010 0.715803 0.000010 0.000010 0.000010 0.000010 0.000010 0.000010 0.000010 0.000010
0.000010 0.000010 0.000010 0.437326 0.000010 0.000010 0.000010 0.000010 0.000010 0.000010 0.000010 0.000010 0.000010 0.562464 0.000010 0.000010 0.000010 0.000010 0.000010 0.000010 0.000010 0.000010 0.000010
0.000010 0.000010 0.000010 0.000010 0.973439 0.000010 0.000010 0.000010 0.000010 0.000010 0.000010 0.000010 0.000010 0.000010 0.000010 0.000010 0.000010 0.000010 0.026351 0.000010 0.000010 0.000010 0.000010
0.000010 0.000010 0.252518 0.000010 0.000010 0.000010 0.000010 0.000010 0.000010 0.000010 0.347996 0.000010 0.000010 0.000010 0.000010 0.000010 0.148281 0.000010 0.000010 0.000010 0.000010 0.058270 0.192756
0.000010 0.217896 0.000010 0.000010 0.000010 0.000010 0.060517 0.291223 0.000010 0.000010 0.132592 0.181288 0.116314 0.000010 0.000010 0.000010 0.000010 0.000010 0.000010 0.000010 0.000010 0.000010 0.000010
0.157912 0.000010 0.282562 0.000010 0.000010 0.000010 0.000010 0.000010 0.000010 0.000010 0.057662 0.000010 0.000010 0.000010 0.000010 0.000010 0.156050 0.000010 0.000010 0.143745 0.000010 0.028536 0.173374
0.000010 0.000012 0.000010 0.000010 0.143587 0.000010 0.000010 0.000010 0.000010 0.000010 0.000010 0.000010 0.000010 0.000010 0.000010 0.000010 0.623036 0.000010 0.000010 0.000010 0.233175 0.000010 0.000010
0.000010 0.000010 0.000010 0.000010 0.000010 0.192981 0.000010 0.000010 0.000010 0.000010 0.000010 0.000010 0.000010 0.000010 0.127890 0.000010 0.000010 0.678929 0.000010 0.000010 0.000010 0.000010 0.000010
0.000010 0.000010 0.000010 0.999780 0.000010 0.000010 0.000010 0.000010 0.000010 0.000010 0.000010 0.000010 0.000010 0.000010 0.000010 0.000010 0.000010 0.000010 0.000010 0.000010 0.000010 0.000010 0.000010
0.000010 0.000010 0.000010 0.000010 0.000010 0.000010 0.000010 0.000010 0.000010 0.000010 0.000010 0.613613 0.386177 0.000010 0.000010 0.000010 0.000010 0.000010 0.000010 0.000010 0.000010 0.000010 0.000010
0.000010 0.000010 0.000010 0.000010 0.000010 0.000010 0.000010 0.000010 0.000010 0.000010 0.000010 0.000010 0.000010 0.379414 0.000010 0.620376 0.000010 0.000010 0.000010 0.000010 0.000010 0.000010 0.000010
0.000010 0.000010 0.000010 0.000010 0.000010 0.497188 0.000010 0.000010 0.000010 0.000010 0.000010 0.502602 0.000010 0.000010 0.000010 0.000010 0.000010 0.000010 0.000010 0.000010 0.000010 0.000010 0.000010
0.232701 0.000010 0.000010 0.000010 0.000010 0.000010 0.000010 0.767089 0.000010 0.000010 0.000010 0.000010 0.000010 0.000010 0.000010 0.000010 0.000010 0.000010 0.000010 0.000010 0.000010 0.000010 0.000010
0.000010 0.000010 0.000010 0.000010 0.000010 0.000010 0.000010 0.000010 0.000010 0.000010 0.000010 0.000010 0.000010 0.182641 0.000010 0.000010 0.000010 0.817149 0.000010 0.000010 0.000010 0.000010 0.000010
0.000010 0.000010 0.000010 0.000010 0.000010 0.000010 0.000010 0.000010 0.000010 0.000010 0.000010 0.000010 0.000010 0.000010 0.000010 0.267832 0.000010 0.000010 0.731958 0.000010 0.000010 0.000010 0.000010
0.000010 0.000010 0.000010 0.000010 0.000010 0.000010 0.000010 0.000010 0.000010 0.000010 0.000010 0.000010 0.000010 0.999780 0.000010 0.000010 0.000010 0.000010 0.000010 0.000010 0.000010 0.000010 0.000010
0.378794 0.000010 0.000010 0.000010 0.000010 0.000010 0.000010 0.000010 0.000010 0.349664 0.000010 0.000010 0.000010 0.000010 0.000010 0.000010 0.000010 0.000010 0.000010 0.271342 0.000010 0.000010 0.000010
0.248280 0.000010 0.000010 0.000010 0.000010 0.000010 0.000010 0.000010 0.000010 0.000010 0.135063 0.000010 0.236511 0.000010 0.000010 0.000010 0.379956 0.000010 0.000010 0.000010 0.000010 0.000010 0.000010
0.000010 0.000010 0.138130 0.000010 0.000010 0.000010 0.000010 0.000010 0.000010 0.288211 0.111949 0.119049 0.000010 0.000010 0.000010 0.000010 0.000010 0.016923 0.000010 0.000010 0.000010 0.000010 0.325568
0.000010 0.000010 0.067483 0.000010 0.000010 0.000010 0.000010 0.000010 0.350860 0.000010 0.000010 0.352106 0.000010 0.000010 0.000010 0.000010 0.000010 0.000010 0.000010 0.000010 0.000010 0.229361 0.000010
0.000010 0.000010 0.000010 0.000010 0.000010 0.424685 0.000010 0.000010 0.000010 0.000010 0.000010 0.000010 0.000010 0.000010 0.304630 0.270485 0.000010 0.000010 0.000010 0.000010 0.000010 0.000010 0.000010
0.000010 0.000010 0.000010 0.905358 0.000010 0.000010 0.000010 0.000010 0.000010 0.000010 0.000010 0.000010 0.000010 0.000010 0.000010 0.000010 0.000010 0.094432 0.000010 0.000010 0.000010 0.000010 0.000010
0.000010 0.000010 0.000010 0.000010 0.000010 0.000010 0.000010 0.000010 0.000010 0.000010 0.000010 0.000010 0.999780 0.000010 0.000010 0.000010 0.000010 0.000010 0.000010 0.000010 0.000010 0.000010 0.000010
0.000010 0.000010 0.000010 0.000010 0.000010 0.000010 0.000010 0.000010 0.000010 0.000010 0.000010 0.000010 0.000010 0.000010 0.000010 0.000010 0.000010 0.000010 0.999780 0.000010 0.000010 0.000010 0.000010
0.000010 0.000010 0.000010 0.000010 0.000010 0.000010 0.000010 0.000010 0.000010 0.000010 0.000010 0.000010 0.000010 0.000010 0.000010 0.000010 0.000010 0.000010 0.169666 0.000010 0.000010 0.830124 0.000010
0.000010 0.000010 0.999780 0.000010 0.000010 0.000010 0.000010 0.000010 0.000010 0.000010 0.000010 0.000010 0.000010 0.000010 0.000010 0.000010 0.000010 0.000010 0.000010 0.000010 0.000010 0.000010 0.000010
0.000010 0.000010 0.000010 0.000010 0.452991 0.000010 0.000010 0.210561 0.000010 0.000010 0.000010 0.000010 0.275212 0.000010 0.000010 0.000010 0.000010 0.000010 0.000010 0.061046 0.000010 0.000010 0.000010
0.000010 0.000010 0.000010 0.425272 0.000010 0.000010 0.000010 0.000010 0.000010 0.000010 0.000010 0.000010 0.000010 0.375864 0.000010 0.000010 0.000010 0.000010 0.198664 0.000010 0.000010 0.000010 0.000010
0.000010 0.000010 0.000010 0.276826 0.000010 0.000010 0.000010 0.000010 0.000010 0.000010 0.000010 0.000010 0.000010 0.000010 0.000010 0.000010 0.000010 0.206924 0.516049 0.000010 0.000010 0.000010 0.000010
0.094153 0.000010 0.000010 0.000010 0.201667 0.000010 0.000010 0.000010 0.056583 0.000010 0.000010 0.000010 0.218990 0.000010 0.000010 0.000010 0.065893 0.000010 0.000010 0.000010 0.000010 0.362543 0.000010
0.000010 0.119675 0.000010 0.000010 0.143245 0.000010 0.442341 0.152885 0.000010 0.000010 0.094583 0.000010 0.047100 0.000010 0.000010 0.000010 0.000010 0.000010 0.000010 0.000010 0.000010 0.000010 0.000010
0.000010 0.000010 0.000010 0.000010 0.000010 0.000010 0.000010 0.000010 0.352158 0.000010 0.277736 0.000010 0.369906 0.000010 0.000010 0.000010 0.000010 0.000010 0.000010 0.000010 0.000010 0.000010 0.000010
0.000010 0.000010 0.000010 0.000010 0.000010 0.000010 0.000010 0.000010 0.067276 0.000010 0.000010 0.000010 0.281819 0.000010 0.000010 0.000010 0.389784 0.000010 0.000010 0.000010 0.097109 0.163832 0.000010
0.000010 0.000010 0.000010 0.000010 0.000010 0.000010 0.000010 0.000010 0.000010 0.000010 0.000010 0.000010 0.000010 0.000010 0.999780 0.000010 0.000010 0.000010 0.000010 0.000010 0.000010 0.000010 0.000010
0.000010 0.361586 0.000010 0.000010 0.000010 0.000010 0.531661 0.068621 0.000010 0.000010 0.037942 0.000010 0.000010 0.000010 0.000010 0.000010 0.000010 0.000010 0.000010 0.000010 0.000010 0.000010 0.000010
0.000010 0.000010 0.000010 0.000010 0.000010 0.552207 0.000010 0.000010 0.000010 0.000010 0.000010 0.000010 0.000010 0.000010 0.000010 0.000010 0.000010 0.000010 0.447583 0.000010 0.000010 0.000010 0.000010
0.084491 0.160826 0.000010 0.000010 0.000010 0.000010 0.122525 0.262080 0.000010 0.000010 0.058649 0.000010 0.000010 0.000010 0.049919 0.000010 0.000010 0.000010 0.000010 0.000010 0.000010 0.000010 0.261351
0.000010 0.213534 0.037145 0.000010 0.000010 0.000010 0.000010 0.000010 0.000010 0.000010 0.000010 0.000010 0.189294 0.000010 0.011566 0.000010 0.000010 0.000010 0.000010 0.548281 0.000010 0.000010 0.000010
0.000010 0.000010 0.000010 0.000010 0.000010 0.000010 0.000010 0.000010 0.000010 0.000010 0.000010 0.000010 0.000010 0.000010 0.000010 0.000010 0.000010 0.999780 0.000010 0.000010 0.000010 0.000010 0.000010
0.000010 0.000010 0.000010 0.000010 0.000010 0.000010 0.000010 0.000010 0.000010 0.000010 0.000010 0.000010 0.000010 0.000010 0.000010 0.000010 0.000010 0.534765 0.465025 0.000010 0.000010 0.000010 0.000010
0.030799 0.453807 0.000010 0.000010 0.000010 0.000010 0.000010 0.000010 0.000010 0.000010 0.163340 0.000010 0.000010 0.000010 0.000010 0.000010 0.156907 0.000010 0.000010 0.194968 0.000010 0.000010 0.000010
0.000010 0.000010 0.000010 0.000010 0.388546 0.000010 0.000010 0.000010 0.000010 0.146105 0.000010 0.168784 0.000010 0.000010 0.000010 0.000010 0.296375 0.000010 0.000010 0.000010 0.000010 0.000010 0.000010
0.000010 0.000010 0.158182 0.000010 0.201793 0.000010 0.055584 0.000010 0.000010 0.045076 0.000010 0.068404 0.000010 0.000010 0.000010 0.000010 0.000010 0.000010 0.000010 0.000010 0.208313 0.000010 0.262488
0.022297 0.000010 0.000010 0.000010 0.000010 0.015804 0.000010 0.000010 0.056701 0.000010 0.000010 0.000010 0.000010 0.000010 0.000010 0.291257 0.000010 0.604703 0.009068 0.000010 0.000010 0.000010 0.000010
0.000010 0.000010 0.000010 0.000010 0.000010 0.000010 0.000010 0.000010 0.273597 0.000010 0.066389 0.126501 0.000010 0.000010 0.000010 0.000010 0.103028 0.000010 0.000010 0.000010 0.315665 0.000010 0.114649
0.000010 0.000010 0.114967 0.000010 0.000010 0.000010 0.241839 0.000010 0.313057 0.000010 0.000010 0.188781 0.000010 0.000010 0.000010 0.000010 0.000010 0.000010 0.000010 0.048762 0.000010 0.092424 0.000010
0.000010 0.000010 0.000010 0.000010 0.000010 0.000010 0.000010 0.000010 0.000010 0.000010 0.000010 0.000010 0.000010 0.000010 0.999780 0.000010 0.000010 0.000010 0.000010 0.000010 0.000010 0.000010 0.000010
0.005396 0.163853 0.000010 0.000010 0.000010 0.000010 0.320091 0.000010 0.000010 0.000010 0.000010 0.044294 0.079934 0.000010 0.000010 0.000010 0.000010 0.000010 0.000010 0.132439 0.000010 0.253833 0.000010
0.508535 0.000010 0.000010 0.000010 0.000010 0.000010 0.000010 0.000010 0.000010 0.380039 0.000010 0.111225 0.000010 0.000010 0.000010 0.000010 0.000010 0.000010 0.000010 0.000010 0.000010 0.000010 0.000010
0.000010 0.000010 0.000010 0.000010 0.000010 0.000010 0.000010 0.683572 0.000010 0.000010 0.000010 0.000010 0.000010 0.000010 0.000010 0.000010 0.000010 0.000010 0.000010 0.316218 0.000010 0.000010 0.000010
0.000010 0.019075 0.000010 0.000010 0.000010 0.000010 0.000010 0.033607 0.002453 0.532243 0.052416 0.166753 0.193292 0.000010 0.000010 0.000010 0.000010 0.000010 0.000010 0.000011 0.000010 0.000010 0.000010
0.000010 0.000010 0.000010 0.000010 0.243350 0.000010 0.253012 0.000010 0.043542 0.000010 0.243718 0.216198 0.000010 0.000010 0.000010 0.000010 0.000010 0.000010 0.000010 0.000010 0.000010 0.000010 0.000010
0.000010 0.000010 0.219249 0.000010 0.265963 0.000010 0.231304 0.000010 0.000010 0.000010 0.000010 0.000010 0.000010 0.000010 0.000010 0.000010 0.000010 0.000010 0.000010 0.000010 0.283294 0.000010 0.000010
0.000010 0.000010 0.188771 0.000010 0.087087 0.000010 0.000010 0.000010 0.000010 0.000010 0.417010 0.085749 0.221203 0.000010 0.000010 0.000010 0.000010 0.000010 0.000010 0.000010 0.000010 0.000010 0.000010
0.052269 0.155081 0.235451 0.000010 0.000010 0.000010 0.154847 0.187807 0.116492 0.000010 0.093249 0.000010 0.000010 0.000016 0.000010 0.000010 0.000010 0.000010 0.000010 0.000010 0.000010 0.004648 0.000010
0.238709 0.000010 0.000010 0.000010 0.000010 0.000010 0.000010 0.000010 0.000010 0.000010 0.078201 0.000010 0.000010 0.000010 0.000010 0.000010 0.000010 0.000010 0.000010 0.000010 0.000010 0.682890 0.000010
0.000010 0.000010 0.000010 0.000010 0.000010 0.635240 0.000010 0.000010 0.000010 0.000010 0.000010 0.000010 0.000010 0.000010 0.000010 0.000010 0.000010 0.000010 0.364550 0.000010 0.000010 0.000010 0.000010
0.000010 0.000010 0.000010 0.000010 0.122634 0.000010 0.000010 0.078293 0.388096 0.162970 0.000010 0.000010 0.000015 0.000010 0.000010 0.000010 0.206156 0.000010 0.000010 0.000010 0.041675 0.000010 0.000010
0.024036 0.184300 0.252282 0.000010 0.095756 0.000010 0.000010 0.000010 0.000010 0.000010 0.000010 0.102822 0.000010 0.000010 0.009260 0.000010 0.000010 0.000010 0.000010 0.000010 0.000015 0.331379 0.000010
0.000010 0.000010 0.000010 0.000010 0.000010 0.000010 0.000010 0.000010 0.000010 0.000010 0.999780 0.000010 0.000010 0.000010 0.000010 0.000010 0.000010 0.000010 0.000010 0.000010 0.000010 0.000010 0.000010
0.000010 0.000010 0.000010 0.000010 0.360468 0.000010 0.000010 0.000010 0.000010 0.000010 0.000010 0.000010 0.000010 0.000010 0.000010 0.000010 0.639322 0.000010 0.000010 0.000010 0.000010 0.000010 0.000010
0.000010 0.000010 0.303224 0.000010 0.000010 0.000010 0.224435 0.000010 0.000010 0.000010 0.110257 0.000010 0.000010 0.000010 0.000010 0.000010 0.000010 0.000010 0.000010 0.146403 0.000010 0.215501 0.000010
0.000010 0.057259 0.000010 0.000010 0.144766 0.000010 0.000010 0.000010 0.000010 0.000010 0.000010 0.000010 0.297118 0.000010 0.000010 0.000010 0.130309 0.000010 0.000010 0.000010 0.000010 0.016147 0.354231
0.000010 0.000010 0.000010 0.000010 0.604539 0.000010 0.000010 0.000010 0.000010 0.000010 0.000010 0.395251 0.000010 0.000010 0.000010 0.000010 0.000010 0.000010 0.000010 0.000010 0.000010 0.000010 0.000010
0.000010 0.097768 0.001958 0.000010 0.000010 0.000010 0.000010 0.000010 0.000010 0.417940 0.000010 0.000010 0.315980 0.000010 0.000010 0.000010 0.000010 0.000010 0.000010 0.000010 0.000010 0.000010 0.166174
0.125805 0.000010 0.000010 0.000010 0.219266 0.000010 0.000010 0.249993 0.000010 0.000010 0.091975 0.094574 0.112470 0.000010 0.000010 0.000010 0.105757 0.000010 0.000010 0.000010 0.000010 0.000010 0.000010
0.067470 0.000010 0.000010 0.000010 0.000010 0.000010 0.555410 0.000010 0.119678 0.000010 0.104990 0.000010 0.000010 0.000010 0.000010 0.000010 0.000010 0.000010 0.000010 0.000010 0.000010 0.152272 0.000010
0.000010 0.000010 0.000010 0.000010 0.000010 0.000010 0.000010 0.000010 0.000010 0.000010 0.000010 0.000010 0.000010 0.896032 0.000010 0.000010 0.000010 0.000010 0.103758 0.000010 0.000010 0.000010 0.000010
0.000010 0.000010 0.000010 0.000010 0.000010 0.000010 0.000010 0.000010 0.000010 0.000010 0.000010 0.000010 0.000010 0.000010 0.000010 0.999780 0.000010 0.000010 0.000010 0.000010 0.000010 0.000010 0.000010
0.000010 0.000010 0.000010 0.000010 0.000010 0.000010 0.000010 0.000010 0.000010 0.000010 0.000010 0.000010 0.000010 0.999780 0.000010 0.000010 0.000010 0.000010 0.000010 0.000010 0.000010 0.000010 0.000010
0.000010 0.000010 0.000010 0.000010 0.000010 0.000010 0.000010 0.000010 0.000010 0.000010 0.904028 0.000010 0.000010 0.000010 0.000010 0.000010 0.000010 0.000010 0.095762 0.000010 0.000010 0.000010 0.000010
0.000010 0.354220 0.000010 0.000010 0.000010 0.000010 0.000010 0.000010 0.200360 0.047040 0.249744 0.000010 0.000010 0.000010 0.020317 0.000010 0.000010 0.000010 0.000010 0.128150 0.000010 0.000010 0.000010
0.000010 0.000010 0.000010 0.000010 0.000010 0.999780 0.000010 0.000010 0.000010 0.000010 0.000010 0.000010 0.000010 0.000010 0.000010 0.000010 0.000010 0.000010 0.000010 0.000010 0.000010 0.000010 0.000010
0.000010 0.000010 0.000010 0.000010 0.000010 0.000010 0.000010 0.000010 0.000010 0.000010 0.000010 0.000010 0.000010 0.000010 0.000010 0.999780 0.000010 0.000010 0.000010 0.000010 0.000010 0.000010 0.000010
0.000010 0.000010 0.000010 0.000010 0.000010 0.000010 0.000010 0.000010 0.080918 0.309084 0.000013 0.043064 0.296766 0.000010 0.000010 0.000010 0.000010 0.000010 0.000010 0.000010 0.000010 0.269986 0.000010
0.000010 0.000010 0.000010 0.916233 0.000010 0.083557 0.000010 0.000010 0.000010 0.000010 0.000010 0.000010 0.000010 0.000010 0.000010 0.000010 0.000010 0.000010 0.000010 0.000010 0.000010 0.000010 0.000010
0.000010 0.000010 0.000010 0.530058 0.000010 0.053816 0.000010 0.000010 0.000010 0.000010 0.004089 0.031890 0.000010 0.112400 0.006621 0.000010 0.000010 0.000010 0.260965 0.000010 0.000010 0.000010 0.000010
0.235456 0.000010 0.000010 0.000010 0.000010 0.000010 0.121591 0.334501 0.000010 0.000010 0.266868 0.000010 0.041404 0.000010 0.000010 0.000010 0.000010 0.000010 0.000010 0.000010 0.000010 0.000010 0.000010
0.000010 0.000010 0.000010 0.000010 0.000010 0.489593 0.000010 0.000010 0.000010 0.000010 0.000010 0.000010 0.000010 0.000010 0.000010 0.510197 0.000010 0.000010 0.000010 0.000010 0.000010 0.000010 0.000010
0.000010 0.000010 0.000010 0.000010 0.000010 0.000010 0.000010 0.000010 0.000010 0.470873 0.000010 0.000010 0.000010 0.000010 0.000010 0.000010 0.000010 0.000010 0.008148 0.000010 0.520779 0.000010 0.000010
0.000010 0.000010 0.000010 0.000010 0.000010 0.000010 0.298501 0.144534 0.000010 0.078708 0.000010 0.000010 0.136829 0.000010 0.000010 0.000010 0.235199 0.000010 0.000010 0.000010 0.106059 0.000010 0.000010
0.000010 0.000010 0.000010 0.000010 0.000010 0.000010 0.000010 0.000010 0.000010 0.000010 0.000010 0.000010 0.000010 0.000010 0.000010 0.000010 0.000010 0.999780 0.000010 0.000010 0.000010 0.000010 0.000010
0.000010 0.024756 0.000010 0.000010 0.000010 0.000010 0.000010 0.143038 0.215769 0.000010 0.000010 0.000010 0.256310 0.000010 0.297082 0.000010 0.000010 0.000010 0.000010 0.000010 0.000010 0.062875 0.000010
0.000010 0.000010 0.000010 0.000010 0.647511 0.000010 0.351122 0.000010 0.000010 0.001168 0.000010 0.000010 0.000010 0.000010 0.000010 0.000010 0.000010 0.000010 0.000010 0.000010 0.000010 0.000010 0.000010
0.000010 0.000010 0.000010 0.000010 0.000010 0.000010 0.000010 0.000010 0.000010 0.000010 0.000010 0.000010 0.000010 0.000010 0.000010 0.000010 0.000010 0.999780 0.000010 0.000010 0.000010 0.000010 0.000010
0.000010 0.000010 0.000010 0.000010 0.000010 0.000010 0.000010 0.581349 0.417529 0.000010 0.000010 0.000010 0.000922 0.000010 0.000010 0.000010 0.000010 0.000010 0.000010 0.000010 0.000010 0.000010 0.000010
0.000010 0.052832 0.000010 0.000010 0.440731 0.000010 0.063931 0.196095 0.000010 0.000010 0.000010 0.000010 0.000010 0.026990 0.000010 0.000010 0.000010 0.000010 0.000010 0.000010 0.073977 0.090454 0.054840
0.000010 0.000010 0.000010 0.000010 0.000010 0.999780 0.000010 0.000010 0.000010 0.000010 0.000010 0.000010 0.000010 0.000010 0.000010 0.000010 0.000010 0.000010 0.000010 0.000010 0.000010 0.000010 0.000010
0.000010 0.000010 0.000010 0.000010 0.000010 0.021195 0.000010 0.145491 0.224636 0.000010 0.149709 0.000010 0.000010 0.000010 0.000010 0.000010 0.000010 0.000010 0.000010 0.224947 0.000010 0.000010 0.233852
0.000010 0.000010 0.000010 0.000010 0.416026 0.000010 0.000010 0.000010 0.000010 0.000010 0.215823 0.000010 0.000010 0.000010 0.000010 0.000010 0.000010 0.000010 0.000010 0.000010 0.000010 0.367951 0.000010
0.000010 0.000010 0.000010 0.000010 0.000010 0.000010 0.000010 0.000010 0.000010 0.521681 0.000010 0.478109 0.000010 0.000010 0.000010 0.000010 0.000010 0.000010 0.000010 0.000010 0.000010 0.000010 0.000010
0.000010 0.000010 0.114884 0.000010 0.092153 0.000010 0.163790 0.000010 0.081001 0.000010 0.000010 0.249565 0.000010 0.000010 0.000010 0.000010 0.298436 0.000010 0.000010 0.000010 0.000010 0.000010 0.000010
0.935375 0.000010 0.000010 0.000010 0.000010 0.000010 0.000010 0.000010 0.000010 0.000010 0.000010 0.000010 0.000010 0.000010 0.000010 0.000010 0.064415 0.000010 0.000010 0.000010 0.000010 0.000010 0.000010
0.259849 0.000010 0.000010 0.000010 0.000010 0.000010 0.000010 0.000010 0.000010 0.000010 0.000010 0.000010 0.739941 0.000010 0.000010 0.000010 0.000010 0.000010 0.000010 0.000010 0.000010 0.000010 0.000010
0.000010 0.000010 0.281206 0.000010 0.056556 0.000010 0.125445 0.000010 0.000010 0.000010 0.467718 0.068894 0.000010 0.000010 0.000010 0.000010 0.000010 0.000010 0.000010 0.000010 0.000010 0.000010 0.000010
0.523626 0.000010 0.000010 0.000010 0.000010 0.000010 0.000010 0.476164 0.000010 0.000010 0.000010 0.000010 0.000010 0.000010 0.000010 0.000010 0.000010 0.000010 0.000010 0.000010 0.000010 0.000010 0.000010
0.132140 0.499532 0.000010 0.000010 0.000010 0.000010 0.000010 0.000010 0.000010 0.000010 0.000010 0.180195 0.187943 0.000010 0.000010 0.000010 0.000010 0.000010 0.000010 0.000010 0.000010 0.000010 0.000010
0.308013 0.000010 0.000010 0.000010 0.000010 0.000010 0.102086 0.000010 0.579982 0.000010 0.000010 0.000010 0.000010 0.000010 0.000010 0.000010 0.000010 0.000010 0.000010 0.000010 0.009729 0.000010 0.000010
0.000010 0.000010 0.000010 0.000010 0.000010 0.913823 0.000010 0.000010 0.000010 0.000010 0.000010 0.000010 0.000010 0.000010 0.000010 0.085967 0.000010 0.000010 0.000010 0.000010 0.000010 0.000010 0.000010
0.050465 0.050468 0.092249 0.000010 0.000010 0.000010 0.000010 0.000010 0.594235 0.000010 0.000010 0.000010 0.000010 0.000010 0.000010 0.000010 0.000010 0.000010 0.000010 0.000010 0.000010 0.212404 0.000010
0.000010 0.000010 0.000010 0.000010 0.080243 0.000010 0.013585 0.306944 0.000010 0.000010 0.000010 0.000010 0.363831 0.000010 0.000010 0.000010 0.000010 0.000010 0.000010 0.046815 0.188412 0.000010 0.000010
0.000010 0.276876 0.575820 0.000010 0.000010 0.000010 0.000010 0.000010 0.000010 0.000010 0.000010 0.000010 0.000010 0.000010 0.000010 0.000010 0.000010 0.000010 0.000010 0.147103 0.000010 0.000010 0.000010
0.000010 0.000010 0.000010 0.000010 0.000010 0.156741 0.000010 0.000010 0.000010 0.000010 0.000010 0.000010 0.019180 0.823878 0.000010 0.000010 0.000010 0.000010 0.000010 0.000010 0.000010 0.000010 0.000010
0.000010 0.000010 0.000010 0.000010 0.000010 0.000010 0.000010 0.000010 0.000010 0.000010 0.000010 0.000010 0.000010 0.000010 0.000010 0.999780 0.000010 0.000010 0.000010 0.000010 0.000010 0.000010 0.000010
0.315457 0.000010 0.000010 0.000010 0.000010 0.000010 0.000010 0.282564 0.000010 0.000010 0.000010 0.000010 0.000010 0.000010 0.000010 0.000010 0.000010 0.000010 0.000010 0.000010 0.401780 0.000010 0.000010
0.067790 0.000010 0.299070 0.000010 0.000010 0.000010 0.099230 0.000010 0.000010 0.000010 0.177087 0.000010 0.000010 0.000010 0.000010 0.000010 0.060279 0.000010 0.000010 0.077990 0.000010 0.103070 0.115333
0.000010 0.000010 0.000010 0.000010 0.000010 0.000010 0.000010 0.000010 0.000010 0.000010 0.106321 0.000010 0.000010 0.893469 0.000010 0.000010 0.000010 0.000010 0.000010 0.000010 0.000010 0.000010 0.000010
0.000010 0.000010 0.076509 0.000010 0.000010 0.000010 0.000010 0.203441 0.233417 0.000010 0.000010 0.000010 0.000010 0.000010 0.000010 0.000010 0.245101 0.000010 0.000010 0.128250 0.000010 0.113113 0.000010
0.000010 0.000010 0.000010 0.000010 0.000010 0.000010 0.000010 0.000010 0.000010 0.000010 0.000010 0.000010 0.000010 0.000010 0.000010 0.000010 0.000010 0.000010 0.999780 0.000010 0.000010 0.000010 0.000010
0.000010 0.000010 0.000010 0.000010 0.000010 0.000010 0.000010 0.000010 0.000010 0.000010 0.000010 0.000010 0.000010 0.000010 0.000010 0.000010 0.000010 0.703790 0.296000 0.000010 0.000010 0.000010 0.000010
0.000010 0.000010 0.251427 0.000010 0.000010 0.000010 0.000010 0.000010 0.000010 0.000010 0.158289 0.000010 0.000010 0.000010 0.000010 0.000010 0.000010 0.000010 0.000010 0.000010 0.000010 0.590084 0.000010
0.000010 0.000010 0.000010 0.000010 0.000010 0.000010 0.000010 0.000010 0.000010 0.000010 0.000010 0.000010 0.000010 0.000010 0.000010 0.000010 0.999780 0.000010 0.000010 0.000010 0.000010 0.000010 0.000010
0.000010 0.127756 0.234398 0.000010 0.393883 0.000010 0.000010 0.000010 0.000010 0.000010 0.161455 0.000010 0.000010 0.000010 0.000010 0.000010 0.040789 0.000010 0.000010 0.000010 0.000010 0.041550 0.000010
0.000010 0.000010 0.000010 0.000010 0.000010 0.000010 0.000010 0.000010 0.000010 0.000010 0.000010 0.000010 0.000010 0.000010 0.000010 0.000010 0.000010 0.447884 0.000010 0.000010 0.551906 0.000010 0.000010
0.000010 0.000010 0.218196 0.000010 0.000010 0.000010 0.000010 0.000010 0.000010 0.000010 0.000010 0.000010 0.000010 0.000010 0.000010 0.000010 0.000010 0.000010 0.000010 0.000010 0.000010 0.000010 0.781594
0.000010 0.000010 0.000010 0.000010 0.000010 0.000010 0.000010 0.000010 0.000010 0.999780 0.000010 0.000010 0.000010 0.000010 0.000010 0.000010 0.000010 0.000010 0.000010 0.000010 0.000010 0.000010 0.000010
0.000010 0.000010 0.000010 0.000010 0.000010 0.000010 0.000010 0.000010 0.294631 0.000010 0.000010 0.091111 0.444639 0.000010 0.000010 0.000010 0.000010 0.000010 0.000010 0.169430 0.000010 0.000010 0.000010
0.000010 0.000010 0.268296 0.000010 0.086183 0.000010 0.000010 0.000010 0.000010 0.000010 0.000010 0.000010 0.068484 0.000010 0.000010 0.000010 0.000010 0.000010 0.000010 0.576846 0.000010 0.000010 0.000010
0.103902 0.000010 0.000010 0.000010 0.000010 0.000010 0.000010 0.000010 0.744165 0.000010 0.000010 0.000010 0.151733 0.000010 0.000010 0.000010 0.000010 0.000010 0.000010 0.000010 0.000010 0.000010 0.000010
0.000010 0.000010 0.000010 0.000010 0.093046 0.000010 0.000010 0.000010 0.000010 0.000010 0.000010 0.293383 0.000010 0.000010 0.000010 0.000010 0.000010 0.000010 0.000010 0.000010 0.613372 0.000010 0.000010
0.099572 0.000010 0.000010 0.000142 0.161545 0.000010 0.000010 0.000010 0.034952 0.000010 0.000010 0.000010 0.000010 0.000010 0.000010 0.000010 0.000010 0.000010 0.000010 0.576282 0.000010 0.127337 0.000010
0.000010 0.000010 0.000010 0.000010 0.000010 0.000010 0.000010 0.000010 0.000010 0.000010 0.000010 0.000010 0.000010 0.852294 0.000010 0.000010 0.000010 0.000010 0.147496 0.000010 0.000010 0.000010 0.000010
0.000010 0.186093 0.000010 0.000010 0.000010 0.000010 0.027786 0.000010 0.000010 0.000010 0.000010 0.000010 0.129086 0.000010 0.000010 0.000010 0.000010 0.000010 0.000010 0.000010 0.000010 0.000010 0.656845
0.000010 0.000010 0.000010 0.000010 0.056127 0.000010 0.075246 0.000010 0.326553 0.010855 0.049026 0.000010 0.223272 0.000010 0.000010 0.000010 0.000010 0.000010 0.000010 0.258762 0.000010 0.000010 0.000010
0.000010 0.558083 0.021368 0.000010 0.000010 0.000010 0.000010 0.000010 0.000010 0.082910 0.000010 0.005351 0.018788 0.000010 0.000010 0.000010 0.000010 0.000010 0.000010 0.217283 0.000010 0.000010 0.096058
0.000010 0.000010 0.000010 0.000010 0.000010 0.000010 0.305051 0.000010 0.000010 0.000010 0.187117 0.164230 0.236126 0.000010 0.000010 0.000010 0.000010 0.000010 0.000010 0.107296 0.000010 0.000010 0.000010
0.015126 0.000010 0.000010 0.000010 0.000010 0.000010 0.000010 0.515648 0.000010 0.000010 0.000010 0.166576 0.000010 0.000010 0.000010 0.000010 0.000010 0.000010 0.000010 0.000010 0.000010 0.000010 0.302460
0.241220 0.000010 0.000010 0.000010 0.132229 0.000010 0.000010 0.000010 0.000010 0.142242 0.000010 0.117390 0.278534 0.000010 0.000010 0.000010 0.000010 0.000010 0.000010 0.000010 0.000010 0.000010 0.088215
0.000010 0.000010 0.000010 0.000010 0.000010 0.000010 0.000010 0.000010 0.000010 0.000010 0.000010 0.000010 0.000010 0.000010 0.000010 0.000010 0.000010 0.999780 0.000010 0.000010 0.000010 0.000010 0.000010
0.000010 0.000010 0.000010 0.053219 0.000010 0.411109 0.000010 0.000010 0.000010 0.000010 0.010535 0.000010 0.000010 0.276858 0.000010 0.000010 0.000010 0.000010 0.248099 0.000010 0.000010 0.000010 0.000010
0.000010 0.000010 0.000010 0.250492 0.000010 0.026580 0.000010 0.000010 0.000010 0.000010 0.000010 0.000010 0.000010 0.000010 0.000010 0.000010 0.000010 0.311262 0.411475 0.000010 0.000010 0.000010 0.000010
0.000010 0.000010 0.000010 0.000010 0.000010 0.000010 0.000010 0.000010 0.000010 0.000010 0.091735 0.000010 0.000010 0.000010 0.000010 0.000010 0.000010 0.000010 0.908055 0.000010 0.000010 0.000010 0.000010
0.000010 0.000010 0.000010 0.490980 0.000010 0.000010 0.000010 0.000010 0.000010 0.000010 0.000010 0.000010 0.000010 0.000010 0.508810 0.000010 0.000010 0.000010 0.000010 0.000010 0.000010 0.000010 0.000010
0.000010 0.000010 0.345943 0.000010 0.000010 0.000010 0.000010 0.000010 0.131280 0.000010 0.000010 0.000010 0.000010 0.000010 0.000010 0.000010 0.190437 0.000010 0.000010 0.000010 0.222614 0.109546 0.000010
0.000010 0.000010 0.000010 0.000010 0.000010 0.000010 0.000010 0.000010 0.000010 0.000010 0.000010 0.000010 0.000010 0.999780 0.000010 0.000010 0.000010 0.000010 0.000010 0.000010 0.000010 0.000010 0.000010
0.000010 0.000010 0.000010 0.738031 0.000010 0.000010 0.000010 0.000010 0.000010 0.000010 0.000010 0.000010 0.000010 0.000010 0.000010 0.000010 0.000010 0.261759 0.000010 0.000010 0.000010 0.000010 0.000010
0.000010 0.000010 0.000010 0.000010 0.000010 0.000010 0.000010 0.000010 0.000010 0.000010 0.000010 0.000010 0.000010 0.000010 0.000010 0.186239 0.000010 0.000010 0.813551 0.000010 0.000010 0.000010 0.000010
0.000010 0.000010 0.000010 0.000010 0.000010 0.000010 0.000010 0.000010 0.000010 0.000010 0.000010 0.000010 0.000010 0.000010 0.000010 0.000010 0.000010 0.999780 0.000010 0.000010 0.000010 0.000010 0.000010
0.000010 0.000010 0.000010 0.521286 0.000010 0.478504 0.000010 0.000010 0.000010 0.000010 0.000010 0.000010 0.000010 0.000010 0.000010 0.000010 0.000010 0.000010 0.000010 0.000010 0.000010 0.000010 0.000010
0.000010 0.000010 0.000010 0.328910 0.000010 0.000010 0.000010 0.000010 0.000010 0.000010 0.000010 0.000010 0.000010 0.000010 0.000010 0.385197 0.000010 0.000010 0.285693 0.000010 0.000010 0.000010 0.000010
0.000010 0.000010 0.000010 0.000010 0.000010 0.139102 0.000010 0.000010 0.000010 0.000010 0.000010 0.000010 0.000010 0.000010 0.000010 0.226945 0.000010 0.000010 0.633753 0.000010 0.000010 0.000010 0.000010
0.000010 0.000010 0.000010 0.000010 0.000010 0.000010 0.000010 0.000010 0.000010 0.000010 0.347594 0.000010 0.000010 0.000010 0.000010 0.000010 0.000010 0.000010 0.000010 0.652196 0.000010 0.000010 0.000010
0.000010 0.514540 0.000010 0.000010 0.000010 0.000010 0.000010 0.000010 0.000010 0.000010 0.485250 0.000010 0.000010 0.000010 0.000010 0.000010 0.000010 0.000010 0.000010 0.000010 0.000010 0.000010 0.000010
0.061111 0.000010 0.000010 0.000010 0.000010 0.000010 0.659785 0.000010 0.000010 0.278904 0.000010 0.000010 0.000010 0.000010 0.000010 0.000010 0.000010 0.000010 0.000010 0.000010 0.000010 0.000010 0.000010
0.000010 0.000010 0.000010 0.000010 0.635449 0.000010 0.000010 0.000010 0.000010 0.000010 0.119993 0.000010 0.000010 0.000010 0.000010 0.000010 0.000010 0.000010 0.000010 0.131603 0.000010 0.112765 0.000010
0.066470 0.402126 0.000010 0.000010 0.000010 0.000010 0.000010 0.000010 0.000010 0.000010 0.000010 0.129731 0.000010 0.000010 0.000010 0.000010 0.401483 0.000010 0.000010 0.000010 0.000010 0.000010 0.000010
0.000010 0.000010 0.000010 0.000010 0.000010 0.000010 0.000010 0.256094 0.000010 0.000010 0.000010 0.154692 0.000010 0.000010 0.000010 0.000010 0.235324 0.000010 0.000010 0.088683 0.265027 0.000010 0.000010
0.346673 0.000010 0.196927 0.000010 0.000010 0.000010 0.000010 0.253163 0.000010 0.000010 0.026000 0.000010 0.000010 0.000010 0.000010 0.000010 0.000010 0.000010 0.000010 0.000010 0.000010 0.045557 0.131510
0.000010 0.000010 0.221019 0.000010 0.052303 0.000010 0.000010 0.000010 0.558549 0.000010 0.000010 0.000010 0.000010 0.000010 0.000010 0.000010 0.000010 0.000010 0.000010 0.000010 0.000010 0.000010 0.167939
0.399131 0.000010 0.214505 0.000010 0.000010 0.000010 0.113142 0.000010 0.209279 0.000010 0.000010 0.063763 0.000010 0.000010 0.000010 0.000010 0.000010 0.000010 0.000010 0.000010 0.000010 0.000010 0.000010
0.059633 0.000010 0.203792 0.000010 0.000010 0.000010 0.000010 0.000010 0.000010 0.000010 0.000010 0.736375 0.000010 0.000010 0.000010 0.000010 0.000010 0.000010 0.000010 0.000010 0.000010 0.000010 0.000010
0.000010 0.000010 0.000010 0.000010 0.999780 0.000010 0.000010 0.000010 0.000010 0.000010 0.000010 0.000010 0.000010 0.000010 0.000010 0.000010 0.000010 0.000010 0.000010 0.000010 0.000010 0.000010 0.000010
0.000010 0.000010 0.000010 0.000010 0.000010 0.000010 0.000010 0.000010 0.000010 0.000010 0.000010 0.000010 0.000010 0.000010 0.000010 0.999780 0.000010 0.000010 0.000010 0.000010 0.000010 0.000010 0.000010
0.000010 0.179840 0.000010 0.000010 0.001166 0.000010 0.061256 0.354733 0.000010 0.000010 0.197031 0.000010 0.000010 0.000010 0.000010 0.000010 0.087672 0.005743 0.000010 0.000010 0.000010 0.007641 0.104777
0.000010 0.000010 0.000010 0.000010 0.000010 0.000010 0.000010 0.000010 0.134016 0.000010 0.000010 0.000010 0.000010 0.000010 0.000010 0.000010 0.011064 0.019394 0.000010 0.835335 0.000010 0.000010 0.000010
0.353354 0.000010 0.000010 0.000010 0.000010 0.000010 0.000010 0.141184 0.000010 0.000010 0.460859 0.000010 0.000010 0.000010 0.000010 0.000010 0.000010 0.000010 0.000010 0.000010 0.000010 0.000010 0.044414
0.000010 0.000010 0.000010 0.000010 0.000010 0.999780 0.000010 0.000010 0.000010 0.000010 0.000010 0.000010 0.000010 0.000010 0.000010 0.000010 0.000010 0.000010 0.000010 0.000010 0.000010 0.000010 0.000010
0.000010 0.000010 0.000010 0.662462 0.000010 0.016326 0.000010 0.000010 0.000010 0.000010 0.000010 0.000010 0.000010 0.321012 0.000010 0.000010 0.000010 0.000010 0.000010 0.000010 0.000010 0.000010 0.000010
0.000010 0.000010 0.000010 0.000010 0.000010 0.000010 0.000010 0.000010 0.000010 0.000010 0.000010 0.000010 0.000010 0.000010 0.000010 0.000010 0.000010 0.000010 0.999780 0.000010 0.000010 0.000010 0.000010
0.000010 0.000010 0.000010 0.000010 0.130675 0.000010 0.000010 0.074327 0.225690 0.232395 0.271960 0.000010 0.000010 0.000010 0.000010 0.000010 0.000010 0.000010 0.000010 0.048083 0.000010 0.000010 0.016709
0.000010 0.000010 0.000010 0.000010 0.000010 0.000010 0.000010 0.000010 0.541506 0.000010 0.000010 0.000010 0.000010 0.000010 0.000010 0.000010 0.083238 0.000010 0.000010 0.000010 0.375056 0.000010 0.000010
0.000010 0.617333 0.000010 0.000010 0.000010 0.000010 0.000010 0.000010 0.000010 0.000010 0.000010 0.000010 0.005606 0.000010 0.000010 0.000010 0.000010 0.000010 0.000010 0.032397 0.344473 0.000010 0.000010
0.000010 0.171887 0.275559 0.000010 0.103959 0.000010 0.000010 0.000010 0.000010 0.000010 0.105652 0.000010 0.335261 0.000010 0.000010 0.000010 0.000010 0.000010 0.007512 0.000010 0.000010 0.000010 0.000010
0.000010 0.000010 0.000010 0.000010 0.000010 0.000010 0.000010 0.000010 0.000010 0.000010 0.000010 0.000010 0.000010 0.000010 0.000010 0.000010 0.000010 0.000010 0.999780 0.000010 0.000010 0.000010 0.000010
0.000010 0.000010 0.000010 0.000010 0.185316 0.000010 0.000010 0.000010 0.069596 0.000010 0.335080 0.143327 0.000010 0.000010 0.000010 0.000010 0.147673 0.000010 0.000010 0.000010 0.000010 0.000010 0.118838
0.297291 0.000010 0.000010 0.000010 0.000010 0.000010 0.000010 0.000010 0.101325 0.000010 0.000010 0.000010 0.000010 0.000010 0.000010 0.000010 0.238082 0.000010 0.000010 0.000010 0.000010 0.363111 0.000010
0.000011 0.000010 0.000010 0.000010 0.315924 0.000010 0.311663 0.232730 0.015611 0.000010 0.123891 0.000010 0.000010 0.000010 0.000010 0.000010 0.000010 0.000010 0.000010 0.000010 0.000010 0.000010 0.000010
0.000010 0.072412 0.000010 0.000010 0.000010 0.000010 0.000010 0.000010 0.223677 0.194356 0.050763 0.134451 0.000010 0.000010 0.000010 0.000010 0.000010 0.000010 0.000010 0.252695 0.000010 0.000010 0.071486
0.000010 0.000010 0.000010 0.000010 0.000010 0.000010 0.000010 0.000010 0.000010 0.000010 0.000010 0.000010 0.000010 0.000010 0.000010 0.000010 0.000010 0.999780 0.000010 0.000010 0.000010 0.000010 0.000010
0.000010 0.000010 0.000010 0.555320 0.000010 0.103330 0.000010 0.000010 0.000010 0.000010 0.000010 0.000010 0.000010 0.161107 0.000010 0.075819 0.000010 0.104245 0.000010 0.000010 0.000010 0.000010 0.000010
0.000010 0.000010 0.077086 0.000010 0.000010 0.000010 0.000010 0.000010 0.000010 0.000010 0.374743 0.000010 0.193954 0.000010 0.000010 0.000010 0.000010 0.006361 0.000010 0.000010 0.000010 0.347677 0.000010
0.000010 0.258550 0.000010 0.000010 0.000010 0.000010 0.091469 0.000010 0.000010 0.358162 0.189516 0.000010 0.000010 0.000010 0.000010 0.000010 0.000010 0.000010 0.000010 0.102122 0.000010 0.000010 0.000010
0.000010 0.000010 0.000010 0.000010 0.000010 0.999780 0.000010 0.000010 0.000010 0.000010 0.000010 0.000010 0.000010 0.000010 0.000010 0.000010 0.000010 0.000010 0.000010 0.000010 0.000010 0.000010 0.000010
0.000010 0.367233 0.000010 0.000010 0.000010 0.000010 0.000010 0.000010 0.000010 0.000010 0.000010 0.000010 0.000010 0.000010 0.000010 0.000010 0.000010 0.020382 0.000010 0.000010 0.000010 0.000010 0.612185
0.000010 0.000010 0.473464 0.000010 0.051831 0.000010 0.000010 0.000010 0.000010 0.000010 0.000010 0.000010 0.256212 0.000010 0.024273 0.000010 0.000010 0.000010 0.000010 0.000010 0.194040 0.000010 0.000010
0.000010 0.000010 0.000010 0.000010 0.781171 0.000010 0.000010 0.218619 0.000010 0.000010 0.000010 0.000010 0.000010 0.000010 0.000010 0.000010 0.000010 0.000010 0.000010 0.000010 0.000010 0.000010 0.000010
0.000010 0.000010 0.000010 0.000010 0.000010 0.000010 0.000010 0.000010 0.000010 0.000010 0.000010 0.000010 0.000010 0.000010 0.543134 0.000010 0.000010 0.000010 0.456656 0.000010 0.000010 0.000010 0.000010
0.000010 0.037366 0.000010 0.000010 0.398557 0.000010 0.000010 0.000010 0.000010 0.000010 0.000010 0.342359 0.221528 0.000010 0.000010 0.000010 0.000010 0.000010 0.000010 0.000010 0.000010 0.000010 0.000010
0.000010 0.000010 0.146716 0.000010 0.000010 0.008112 0.000010 0.000010 0.000010 0.442985 0.000010 0.233813 0.000010 0.000010 0.000010 0.000010 0.168194 0.000010 0.000010 0.000010 0.000010 0.000010 0.000010
0.206621 0.000010 0.020340 0.000010 0.155112 0.000010 0.000010 0.000010 0.617737 0.000010 0.000010 0.000010 0.000010 0.000010 0.000010 0.000010 0.000010 0.000010 0.000010 0.000010 0.000010 0.000010 0.000010
0.000010 0.000010 0.000010 0.000010 0.000010 0.000010 0.000010 0.000010 0.000010 0.000010 0.000010 0.000010 0.582594 0.000010 0.000010 0.019759 0.230841 0.000010 0.000010 0.000010 0.166615 0.000010 0.000010
0.000010 0.000010 0.000010 0.000010 0.000010 0.015589 0.000010 0.000010 0.000010 0.000010 0.000010 0.000010 0.000010 0.689461 0.026272 0.083179 0.000010 0.000010 0.185319 0.000010 0.000010 0.000010 0.000010
0.000010 0.000010 0.000010 0.999780 0.000010 0.000010 0.000010 0.000010 0.000010 0.000010 0.000010 0.000010 0.000010 0.000010 0.000010 0.000010 0.000010 0.000010 0.000010 0.000010 0.000010 0.000010 0.000010
0.000010 0.000010 0.000010 0.000010 0.000010 0.000010 0.000010 0.000010 0.000010 0.000010 0.000010 0.020602 0.000010 0.000010 0.112096 0.661759 0.000010 0.000010 0.205353 0.000010 0.000010 0.000010 0.000010
