0.000010 0.501724 0.000010 0.000010 0.000010 0.264771 0.223399 0.000010 0.000010 0.000010 0.010037
0.000010 0.139337 0.000010 0.000010 0.008383 0.274867 0.000010 0.000010 0.000010 0.577343 0.000010
0.000010 0.000010 0.663908 0.021299 0.000010 0.314713 0.000010 0.000010 0.000010 0.000010 0.000010
0.000010 0.000010 0.000010 0.000010 0.000010 0.000010 0.000010 0.000010 0.000010 0.000010 0.999900
0.000010 0.000010 0.278805 0.000010 0.000010 0.721105 0.000010 0.000010 0.000010 0.000010 0.000010
0.000010 0.000010 0.000010 0.375885 0.000010 0.624025 0.000010 0.000010 0.000010 0.000010 0.000010
0.000010 0.516105 0.000010 0.000010 0.000010 0.000010 0.000010 0.036217 0.000010 0.000010 0.447599
0.000010 0.000010 0.713217 0.000010 0.000010 0.000010 0.286693 0.000010 0.000010 0.000010 0.000010
0.000010 0.158304 0.000010 0.214305 0.000010 0.173282 0.454039 0.000010 0.000010 0.000010 0.000010
0.129927 0.000010 0.000010 0.169030 0.000010 0.000010 0.066618 0.634355 0.000010 0.000010 0.000010
0.366053 0.000010 0.000010 0.000010 0.000010 0.000010 0.000010 0.120073 0.513794 0.000010 0.000010
0.000010 0.000010 0.000010 0.000010 0.019342 0.000010 0.000010 0.000010 0.000010 0.000010 0.980568
0.000010 0.000010 0.189513 0.000010 0.000010 0.341070 0.316023 0.000010 0.000010 0.153324 0.000010
0.000010 0.000010 0.000010 0.000010 0.000010 0.306819 0.665167 0.000010 0.000010 0.000010 0.027934
0.000010 0.000010 0.000010 0.858206 0.000010 0.000010 0.000010 0.000010 0.000010 0.018167 0.123548
0.000010 0.000010 0.000010 0.000010 0.000010 0.999900 0.000010 0.000010 0.000010 0.000010 0.000010
0.000010 0.000010 0.000010 0.000010 0.999900 0.000010 0.000010 0.000010 0.000010 0.000010 0.000010
0.000010 0.000010 0.000010 0.000010 0.839370 0.000010 0.000010 0.000010 0.160540 0.000010 0.000010
0.000010 0.999900 0.000010 0.000010 0.000010 0.000010 0.000010 0.000010 0.000010 0.000010 0.000010
0.999900 0.000010 0.000010 0.000010 0.000010 0.000010 0.000010 0.000010 0.000010 0.000010 0.000010
0.000010 0.501880 0.000010 0.000010 0.000010 0.000010 0.000010 0.498030 0.000010 0.000010 0.000010
0.000010 0.000010 0.000010 0.000010 0.000010 0.914982 0.084928 0.000010 0.000010 0.000010 0.000010
0.999900 0.000010 0.000010 0.000010 0.000010 0.000010 0.000010 0.000010 0.000010 0.000010 0.000010
0.000010 0.000010 0.000010 0.000010 0.498898 0.000010 0.000010 0.000010 0.501012 0.000010 0.000010
0.999900 0.000010 0.000010 0.000010 0.000010 0.000010 0.000010 0.000010 0.000010 0.000010 0.000010
0.000010 0.000010 0.321648 0.678262 0.000010 0.000010 0.000010 0.000010 0.000010 0.000010 0.000010
0.000010 0.343705 0.000010 0.267497 0.000010 0.000010 0.000010 0.000010 0.000010 0.000010 0.388718
0.000010 0.000010 0.196913 0.000010 0.015345 0.000010 0.288793 0.000010 0.000010 0.498879 0.000010
0.000010 0.520293 0.000010 0.000010 0.000010 0.000010 0.377930 0.000010 0.000010 0.000010 0.101697
0.000010 0.000010 0.000010 0.000010 0.000010 0.000010 0.000010 0.999900 0.000010 0.000010 0.000010
0.000010 0.000010 0.000010 0.000010 0.100831 0.000010 0.000010 0.000010 0.899079 0.000010 0.000010
0.000010 0.000010 0.978138 0.000010 0.000010 0.000010 0.000010 0.000010 0.021772 0.000010 0.000010
0.000010 0.000010 0.000010 0.000010 0.000010 0.000010 0.000010 0.000010 0.999900 0.000010 0.000010
0.000010 0.000010 0.000010 0.859819 0.140091 0.000010 0.000010 0.000010 0.000010 0.000010 0.000010
0.012203 0.000010 0.764924 0.000010 0.000010 0.000010 0.222794 0.000010 0.000010 0.000010 0.000010
0.000010 0.085172 0.682277 0.000010 0.000010 0.000010 0.232471 0.000010 0.000010 0.000010 0.000010
0.000010 0.000010 0.000010 0.000010 0.000010 0.000010 0.000010 0.000010 0.999900 0.000010 0.000010
0.000010 0.000010 0.000010 0.000010 0.000010 0.000010 0.000010 0.277686 0.722224 0.000010 0.000010
0.000010 0.000010 0.512353 0.248067 0.000010 0.000010 0.000010 0.000010 0.000010 0.000010 0.239500
0.000010 0.000010 0.174034 0.000010 0.000010 0.520317 0.171677 0.000010 0.000010 0.000010 0.133902
0.000010 0.000010 0.167627 0.000010 0.000010 0.000010 0.832283 0.000010 0.000010 0.000010 0.000010
0.000010 0.000010 0.000010 0.000010 0.000010 0.000010 0.000010 0.000010 0.000010 0.000010 0.999900
0.709528 0.000010 0.097962 0.000010 0.043006 0.000010 0.000010 0.149434 0.000010 0.000010 0.000010
0.000010 0.000010 0.000010 0.168078 0.003064 0.325231 0.503556 0.000010 0.000010 0.000010 0.000010
0.309193 0.000010 0.000010 0.000010 0.151863 0.000010 0.000010 0.000010 0.538864 0.000010 0.000010
0.044317 0.000010 0.212380 0.000010 0.003366 0.000010 0.540267 0.000010 0.000010 0.134605 0.065016
0.000010 0.286216 0.441032 0.000010 0.011761 0.000010 0.000010 0.000010 0.000010 0.195943 0.064987
0.000010 0.000010 0.000010 0.000010 0.999900 0.000010 0.000010 0.000010 0.000010 0.000010 0.000010
0.000010 0.000010 0.000010 0.000010 0.396294 0.000010 0.000010 0.000010 0.603616 0.000010 0.000010
0.000010 0.387490 0.000010 0.000010 0.000010 0.184504 0.000010 0.000010 0.000010 0.000010 0.427926
0.000010 0.000010 0.000010 0.451576 0.000010 0.449629 0.000010 0.000010 0.000010 0.098714 0.000010
0.000010 0.184789 0.000010 0.454240 0.000010 0.121987 0.089596 0.000010 0.000010 0.000010 0.149328
0.000010 0.000010 0.000010 0.070622 0.929288 0.000010 0.000010 0.000010 0.000010 0.000010 0.000010
0.000010 0.000010 0.000010 0.000010 0.000010 0.000010 0.999900 0.000010 0.000010 0.000010 0.000010
0.000010 0.000010 0.000010 0.000010 0.000010 0.446747 0.046312 0.000010 0.000010 0.000010 0.506860
0.000010 0.000010 0.000010 0.073580 0.000010 0.000010 0.000010 0.926330 0.000010 0.000010 0.000010
0.000010 0.231068 0.000010 0.068488 0.000010 0.124555 0.571381 0.000010 0.000010 0.004449 0.000010
0.000010 0.119519 0.000010 0.612957 0.000010 0.134381 0.000010 0.000010 0.000010 0.124610 0.008473
0.000010 0.477944 0.214058 0.307918 0.000010 0.000010 0.000010 0.000010 0.000010 0.000010 0.000010
0.000010 0.000010 0.533117 0.000010 0.000010 0.277522 0.000010 0.000010 0.000010 0.189281 0.000010
0.000010 0.000010 0.000010 0.000010 0.000010 0.999900 0.000010 0.000010 0.000010 0.000010 0.000010
0.000010 0.018752 0.000010 0.000010 0.000010 0.485375 0.360738 0.000010 0.000010 0.135065 0.000010
0.000010 0.000010 0.511843 0.000010 0.000010 0.488067 0.000010 0.000010 0.000010 0.000010 0.000010
0.000010 0.233805 0.208331 0.000010 0.000010 0.118578 0.253916 0.000010 0.012457 0.063974 0.108899
0.000010 0.000010 0.000010 0.000010 0.000010 0.487002 0.000010 0.000010 0.000010 0.000010 0.512908
0.603945 0.000010 0.000010 0.000010 0.000010 0.000010 0.000010 0.000010 0.395965 0.000010 0.000010
0.000010 0.129315 0.000010 0.264811 0.000010 0.000010 0.000010 0.000010 0.000010 0.336632 0.269172
0.000010 0.227854 0.334585 0.000010 0.000010 0.092051 0.000010 0.008194 0.000010 0.337256 0.000010
0.000010 0.629651 0.000010 0.000010 0.000010 0.000010 0.370259 0.000010 0.000010 0.000010 0.000010
0.000010 0.000010 0.000010 0.999900 0.000010 0.000010 0.000010 0.000010 0.000010 0.000010 0.000010
0.000010 0.197541 0.664445 0.137934 0.000010 0.000010 0.000010 0.000010 0.000010 0.000010 0.000010
0.000010 0.000010 0.249699 0.108690 0.000010 0.106033 0.326575 0.000010 0.000010 0.154126 0.054826
0.000010 0.749117 0.000010 0.000010 0.000010 0.250793 0.000010 0.000010 0.000010 0.000010 0.000010
0.000010 0.000010 0.511151 0.097483 0.000010 0.182654 0.136776 0.000010 0.000010 0.071877 0.000010
0.000010 0.439041 0.145843 0.210693 0.000010 0.000010 0.204354 0.000010 0.000010 0.000010 0.000010
0.000010 0.000010 0.000010 0.085245 0.000010 0.000010 0.426944 0.000010 0.000010 0.000010 0.487732
0.502739 0.000010 0.000010 0.000010 0.000010 0.000010 0.000010 0.000010 0.497171 0.000010 0.000010
0.000010 0.000010 0.000010 0.000010 0.000010 0.000010 0.000010 0.999900 0.000010 0.000010 0.000010
0.000010 0.000010 0.000010 0.000010 0.000010 0.000010 0.000010 0.070236 0.929674 0.000010 0.000010
0.000010 0.680039 0.000010 0.000010 0.000010 0.000010 0.204127 0.000010 0.115753 0.000010 0.000010
0.000010 0.000010 0.125296 0.000010 0.020263 0.341980 0.227060 0.000010 0.000010 0.285341 0.000010
0.000010 0.000010 0.000010 0.000010 0.999900 0.000010 0.000010 0.000010 0.000010 0.000010 0.000010
0.000010 0.000010 0.000010 0.000010 0.288329 0.000010 0.000010 0.000010 0.711581 0.000010 0.000010
0.000010 0.000010 0.520871 0.188219 0.000010 0.000010 0.000010 0.000010 0.000010 0.006016 0.284824
0.000010 0.000010 0.000010 0.000010 0.361787 0.000010 0.000010 0.638123 0.000010 0.000010 0.000010
0.000010 0.000010 0.011325 0.000010 0.323516 0.022505 0.000010 0.223375 0.419219 0.000010 0.000010
0.000010 0.000010 0.678692 0.000010 0.000010 0.321218 0.000010 0.000010 0.000010 0.000010 0.000010
0.699386 0.000010 0.000010 0.000010 0.300524 0.000010 0.000010 0.000010 0.000010 0.000010 0.000010
0.000010 0.000010 0.000010 0.993345 0.000010 0.000010 0.000010 0.000010 0.006565 0.000010 0.000010
0.000010 0.000010 0.000010 0.000010 0.000010 0.000010 0.000010 0.000010 0.000010 0.000010 0.999900
0.999900 0.000010 0.000010 0.000010 0.000010 0.000010 0.000010 0.000010 0.000010 0.000010 0.000010
0.113745 0.212007 0.000010 0.000010 0.000010 0.000010 0.290934 0.143412 0.000010 0.239843 0.000010
0.000010 0.000010 0.000010 0.000010 0.000010 0.000010 0.999900 0.000010 0.000010 0.000010 0.000010
0.000010 0.000010 0.000010 0.000010 0.999900 0.000010 0.000010 0.000010 0.000010 0.000010 0.000010
0.000010 0.000010 0.000010 0.000010 0.000010 0.999900 0.000010 0.000010 0.000010 0.000010 0.000010
0.022700 0.000010 0.445405 0.000010 0.000010 0.279122 0.000010 0.000010 0.000010 0.252702 0.000010
0.000010 0.000010 0.000010 0.000010 0.711635 0.000010 0.000010 0.000010 0.288275 0.000010 0.000010
0.000010 0.000010 0.000010 0.163977 0.000010 0.000010 0.000010 0.000010 0.022227 0.000010 0.813716
0.000010 0.000010 0.000010 0.000010 0.000010 0.000010 0.000010 0.000010 0.000010 0.000010 0.999900
0.000010 0.396358 0.031628 0.228908 0.000010 0.000010 0.160740 0.000010 0.000010 0.182305 0.000010
0.008088 0.000010 0.000010 0.323772 0.000010 0.376026 0.254393 0.000010 0.000010 0.000010 0.037661
0.000010 0.141204 0.000010 0.254583 0.000010 0.000010 0.007626 0.000010 0.000010 0.000010 0.596516
0.000010 0.048256 0.584141 0.148643 0.000010 0.000010 0.117488 0.000010 0.000010 0.101411 0.000010
0.000010 0.330429 0.000010 0.000010 0.000010 0.000010 0.340395 0.000010 0.000010 0.161378 0.167728
0.000010 0.000010 0.491737 0.288676 0.000010 0.000010 0.219507 0.000010 0.000010 0.000010 0.000010
0.000010 0.506364 0.000010 0.000010 0.000010 0.429609 0.063948 0.000010 0.000010 0.000010 0.000010
0.000010 0.121056 0.000010 0.151164 0.000010 0.010262 0.264179 0.000010 0.000010 0.079812 0.373476
0.000010 0.000010 0.000010 0.000010 0.180715 0.000010 0.000010 0.710093 0.109112 0.000010 0.000010
0.000010 0.000010 0.313377 0.000010 0.000010 0.346220 0.094129 0.000010 0.000010 0.172101 0.074113
0.000010 0.308584 0.134653 0.000010 0.000010 0.000010 0.425669 0.000010 0.000010 0.131024 0.000010
0.000010 0.036738 0.565465 0.274745 0.000010 0.000010 0.000010 0.000010 0.000010 0.122982 0.000010
0.213719 0.000010 0.000010 0.000010 0.000010 0.000010 0.028787 0.000010 0.757414 0.000010 0.000010
0.000010 0.000010 0.000010 0.000010 0.000010 0.000010 0.000010 0.000010 0.999900 0.000010 0.000010
0.000010 0.315201 0.000010 0.254042 0.000010 0.000010 0.430677 0.000010 0.000010 0.000010 0.000010
0.000010 0.206550 0.265840 0.211872 0.000010 0.315661 0.000017 0.000010 0.000010 0.000010 0.000010
0.334810 0.120947 0.000010 0.000010 0.000010 0.000010 0.000010 0.000010 0.544163 0.000010 0.000010
0.000010 0.288612 0.000010 0.286061 0.000010 0.195332 0.157021 0.000010 0.000010 0.000010 0.072914
0.000010 0.000010 0.000010 0.000010 0.000010 0.000010 0.000010 0.000010 0.999900 0.000010 0.000010
0.000010 0.000010 0.000010 0.000010 0.802892 0.000010 0.000010 0.000010 0.197018 0.000010 0.000010
0.000010 0.000010 0.810392 0.000010 0.000010 0.000010 0.000010 0.000010 0.000010 0.189518 0.000010
0.000010 0.217890 0.000010 0.062840 0.000010 0.000010 0.587547 0.000010 0.000010 0.000010 0.131654
0.000010 0.126120 0.055328 0.000010 0.000010 0.562225 0.256257 0.000010 0.000010 0.000010 0.000010
0.000010 0.000010 0.000010 0.547996 0.451914 0.000010 0.000010 0.000010 0.000010 0.000010 0.000010
0.000010 0.000010 0.405899 0.000010 0.000010 0.000010 0.000010 0.000010 0.000010 0.594011 0.000010
0.000010 0.000010 0.000010 0.999900 0.000010 0.000010 0.000010 0.000010 0.000010 0.000010 0.000010
0.000010 0.123116 0.000010 0.000010 0.000010 0.000010 0.000010 0.000010 0.000010 0.265637 0.611167
0.000010 0.000010 0.739079 0.117750 0.000010 0.000010 0.143090 0.000010 0.000010 0.000010 0.000010
0.000010 0.000010 0.000010 0.000010 0.000010 0.000010 0.999900 0.000010 0.000010 0.000010 0.000010
0.000010 0.000010 0.000010 0.000010 0.000010 0.999900 0.000010 0.000010 0.000010 0.000010 0.000010
0.000010 0.168179 0.284703 0.000010 0.000010 0.043084 0.000010 0.018732 0.000010 0.000010 0.485241
0.000010 0.019558 0.000010 0.000010 0.000010 0.000010 0.000010 0.000010 0.980352 0.000010 0.000010
0.000010 0.000010 0.512810 0.000010 0.000010 0.000010 0.252354 0.000010 0.000010 0.234756 0.000010
0.000010 0.000010 0.364454 0.000010 0.000010 0.000010 0.550973 0.000010 0.000010 0.000010 0.084493
0.000010 0.127039 0.000010 0.534762 0.000010 0.000010 0.000010 0.000010 0.000010 0.105612 0.232517
0.000010 0.203770 0.000010 0.000010 0.000010 0.000010 0.796140 0.000010 0.000010 0.000010 0.000010
0.000010 0.000010 0.071521 0.129450 0.000010 0.281277 0.430576 0.000010 0.000010 0.087116 0.000010
0.000010 0.314621 0.000010 0.685289 0.000010 0.000010 0.000010 0.000010 0.000010 0.000010 0.000010
0.999900 0.000010 0.000010 0.000010 0.000010 0.000010 0.000010 0.000010 0.000010 0.000010 0.000010
0.000010 0.018248 0.000010 0.000010 0.212484 0.000010 0.000010 0.000010 0.769188 0.000010 0.000010
0.128246 0.000010 0.000010 0.000010 0.354136 0.000010 0.000010 0.000010 0.517537 0.000010 0.000010
0.000010 0.000010 0.000010 0.000010 0.273461 0.000010 0.114685 0.000010 0.611774 0.000010 0.000010
0.487727 0.019691 0.000010 0.000010 0.000010 0.000010 0.000010 0.492502 0.000010 0.000010 0.000010
0.000010 0.000010 0.000010 0.000010 0.000010 0.379511 0.000010 0.000010 0.000010 0.000010 0.620399
0.763655 0.000010 0.000010 0.000010 0.000010 0.000010 0.000010 0.236255 0.000010 0.000010 0.000010
0.000010 0.000010 0.000010 0.000010 0.174467 0.000010 0.000010 0.000010 0.825443 0.000010 0.000010
0.000010 0.000010 0.000010 0.000010 0.000010 0.000010 0.000010 0.000010 0.999900 0.000010 0.000010
0.000010 0.000010 0.000010 0.000010 0.999900 0.000010 0.000010 0.000010 0.000010 0.000010 0.000010
0.000010 0.000010 0.000010 0.000010 0.353860 0.000010 0.000010 0.332672 0.313388 0.000010 0.000010
0.306728 0.000010 0.000010 0.000010 0.000010 0.000010 0.000010 0.365623 0.327569 0.000010 0.000010
0.000010 0.000010 0.000010 0.000010 0.000010 0.000010 0.000010 0.444375 0.555535 0.000010 0.000010
0.000010 0.000010 0.000010 0.217366 0.000010 0.156616 0.620580 0.000010 0.005367 0.000010 0.000010
0.000010 0.553643 0.000010 0.000010 0.000010 0.402147 0.000010 0.044130 0.000010 0.000010 0.000010
0.000010 0.000010 0.000010 0.000010 0.000010 0.000010 0.390198 0.000010 0.000010 0.609712 0.000010
0.000010 0.014739 0.252269 0.180795 0.005776 0.077899 0.208944 0.000010 0.000010 0.034856 0.224692
0.000010 0.054865 0.000010 0.945045 0.000010 0.000010 0.000010 0.000010 0.000010 0.000010 0.000010
0.000010 0.303182 0.000010 0.000010 0.000010 0.109298 0.188568 0.000010 0.000010 0.000453 0.398439
0.000010 0.391796 0.000010 0.265077 0.000010 0.071126 0.000010 0.000010 0.000010 0.271931 0.000010
0.000010 0.341773 0.000010 0.000010 0.000010 0.000010 0.447780 0.003905 0.000010 0.206472 0.000010
0.000010 0.000010 0.285838 0.000010 0.000010 0.000010 0.000010 0.000010 0.000010 0.000010 0.714072
0.000010 0.645964 0.000010 0.000010 0.000010 0.000010 0.000010 0.000010 0.000010 0.353946 0.000010
0.000010 0.000010 0.142789 0.000010 0.000010 0.431308 0.000010 0.000010 0.005483 0.420350 0.000010
0.999900 0.000010 0.000010 0.000010 0.000010 0.000010 0.000010 0.000010 0.000010 0.000010 0.000010
0.000010 0.000010 0.000010 0.164529 0.000010 0.418257 0.000010 0.000010 0.000010 0.074096 0.343048
0.000010 0.040212 0.333842 0.000010 0.019853 0.000010 0.362341 0.000010 0.000010 0.000010 0.243692
0.000010 0.000010 0.000010 0.999900 0.000010 0.000010 0.000010 0.000010 0.000010 0.000010 0.000010
0.000010 0.000010 0.000010 0.000010 0.999900 0.000010 0.000010 0.000010 0.000010 0.000010 0.000010
0.000010 0.000010 0.000010 0.000010 0.000010 0.000010 0.000010 0.000010 0.999900 0.000010 0.000010
0.000010 0.000010 0.000010 0.000010 0.000010 0.000010 0.000010 0.751208 0.248702 0.000010 0.000010
0.000010 0.177342 0.259139 0.000010 0.000010 0.179383 0.038256 0.000010 0.000010 0.220967 0.124863
0.000010 0.000010 0.000010 0.000010 0.000010 0.999900 0.000010 0.000010 0.000010 0.000010 0.000010
0.000010 0.625906 0.000010 0.000010 0.000010 0.000010 0.000010 0.000010 0.000010 0.000010 0.374004
0.000010 0.000010 0.990745 0.000010 0.000010 0.000010 0.000010 0.000010 0.009165 0.000010 0.000010
0.000010 0.000010 0.000010 0.000010 0.000010 0.000010 0.000010 0.450964 0.548946 0.000010 0.000010
0.000010 0.000010 0.188554 0.030919 0.000010 0.222383 0.007441 0.000010 0.000010 0.550644 0.000010
0.000010 0.000019 0.000010 0.000010 0.000010 0.000010 0.385826 0.000010 0.000010 0.210526 0.403559
0.000010 0.000010 0.000010 0.000010 0.000010 0.563235 0.404635 0.000010 0.000010 0.000010 0.032050
0.000010 0.294261 0.407583 0.000010 0.000010 0.000010 0.000010 0.000010 0.000010 0.298076 0.000010
0.209537 0.000010 0.000010 0.000010 0.490627 0.000010 0.000010 0.000010 0.299756 0.000010 0.000010
0.186305 0.000010 0.000010 0.000010 0.113678 0.000010 0.000010 0.553094 0.146853 0.000010 0.000010
0.000010 0.000010 0.254216 0.213936 0.005574 0.000010 0.000010 0.000020 0.000010 0.060119 0.466086
0.000010 0.000010 0.158424 0.386682 0.000010 0.125642 0.000010 0.000010 0.000010 0.166298 0.162894
0.000010 0.000010 0.000010 0.000010 0.862054 0.000010 0.000010 0.137856 0.000010 0.000010 0.000010
0.000010 0.000010 0.000010 0.080313 0.000010 0.000010 0.186571 0.024145 0.000010 0.708902 0.000010
0.021558 0.079440 0.000010 0.262762 0.000010 0.418093 0.086450 0.000010 0.000010 0.000010 0.131647
0.000010 0.000010 0.000010 0.607313 0.000010 0.000016 0.349699 0.000010 0.000010 0.042902 0.000010
0.778596 0.000010 0.000010 0.000010 0.000010 0.000010 0.000010 0.221314 0.000010 0.000010 0.000010
0.000010 0.999900 0.000010 0.000010 0.000010 0.000010 0.000010 0.000010 0.000010 0.000010 0.000010
0.000010 0.000010 0.680400 0.000010 0.000010 0.148889 0.000010 0.000010 0.000010 0.170631 0.000010
0.000010 0.000010 0.000010 0.549908 0.000010 0.450002 0.000010 0.000010 0.000010 0.000010 0.000010
0.000010 0.206678 0.000010 0.628935 0.023790 0.000010 0.140527 0.000010 0.000010 0.000010 0.000010
0.376584 0.000010 0.000010 0.000010 0.000010 0.000010 0.000010 0.468238 0.155098 0.000010 0.000010
0.000010 0.000010 0.000010 0.000010 0.000010 0.000010 0.000010 0.000010 0.999900 0.000010 0.000010
0.000010 0.000010 0.000010 0.000010 0.000010 0.000010 0.000010 0.999900 0.000010 0.000010 0.000010
0.000010 0.000010 0.000010 0.000010 0.004740 0.450099 0.000010 0.000010 0.000010 0.000010 0.545082
0.000010 0.000010 0.296492 0.454051 0.000010 0.000010 0.129842 0.000010 0.000010 0.119545 0.000010
0.000010 0.200102 0.489977 0.112957 0.000010 0.000010 0.000010 0.000010 0.000010 0.152955 0.043948
0.000010 0.000010 0.000010 0.999900 0.000010 0.000010 0.000010 0.000010 0.000010 0.000010 0.000010
0.000010 0.000010 0.170591 0.025683 0.000010 0.000010 0.000010 0.010047 0.000010 0.233132 0.560486
0.000010 0.000010 0.769949 0.229961 0.000010 0.000010 0.000010 0.000010 0.000010 0.000010 0.000010
0.307308 0.000010 0.000010 0.000010 0.000010 0.000010 0.076299 0.135068 0.000010 0.224854 0.256410
0.000010 0.081079 0.744253 0.000010 0.000010 0.000010 0.027618 0.005923 0.000010 0.000010 0.141067
0.000010 0.000010 0.327014 0.346933 0.000010 0.000010 0.000010 0.000010 0.000010 0.000010 0.325974
0.000010 0.426981 0.000010 0.000010 0.000010 0.000010 0.572929 0.000010 0.000010 0.000010 0.000010
0.000010 0.089249 0.000010 0.470812 0.000010 0.439859 0.000010 0.000010 0.000010 0.000010 0.000010
0.000010 0.000010 0.000010 0.182028 0.000010 0.195529 0.264757 0.000010 0.000010 0.200344 0.157281
0.000010 0.000010 0.049265 0.239548 0.000010 0.000010 0.000010 0.000010 0.000010 0.000010 0.711107
0.000010 0.441383 0.000010 0.216316 0.000010 0.000010 0.075877 0.000010 0.000010 0.124766 0.141598
0.000010 0.120169 0.429699 0.000010 0.000010 0.099088 0.214384 0.000010 0.000010 0.000010 0.136600
0.000010 0.000010 0.294359 0.000010 0.000010 0.388268 0.000010 0.000010 0.000010 0.129013 0.188290
0.000010 0.000010 0.016172 0.083542 0.000010 0.378493 0.000010 0.000010 0.000010 0.102154 0.419579
0.000010 0.000010 0.916460 0.000010 0.083450 0.000010 0.000010 0.000010 0.000010 0.000010 0.000010
0.000010 0.000010 0.243116 0.000010 0.000010 0.000010 0.000010 0.000010 0.000010 0.000010 0.756794
0.000010 0.000010 0.018927 0.000010 0.000010 0.000010 0.000010 0.285825 0.695169 0.000010 0.000010
0.000010 0.000010 0.000010 0.000010 0.202968 0.000010 0.000010 0.000010 0.796942 0.000010 0.000010
0.000010 0.000010 0.470303 0.000010 0.000010 0.059781 0.469836 0.000010 0.000010 0.000010 0.000010
0.000010 0.000010 0.510408 0.000010 0.000010 0.000010 0.000010 0.000010 0.000010 0.489502 0.000010
0.000010 0.048748 0.478356 0.249216 0.000010 0.000010 0.217170 0.000010 0.000010 0.006450 0.000010
0.000010 0.313087 0.000010 0.227809 0.000010 0.000010 0.251443 0.000010 0.000010 0.000010 0.207591
0.000010 0.000010 0.000010 0.000010 0.000010 0.000010 0.000010 0.000010 0.000010 0.999900 0.000010
0.000010 0.000010 0.563689 0.000010 0.000010 0.000010 0.000010 0.000010 0.000010 0.000010 0.436221
0.000010 0.177767 0.000010 0.029844 0.000010 0.000010 0.431878 0.000010 0.000010 0.056821 0.303631
0.000010 0.000010 0.647156 0.000010 0.000010 0.114982 0.237781 0.000010 0.000010 0.000010 0.000010
0.000010 0.000010 0.000010 0.000010 0.000010 0.999900 0.000010 0.000010 0.000010 0.000010 0.000010
0.000010 0.000010 0.000010 0.000010 0.000010 0.000010 0.000010 0.000010 0.000010 0.999900 0.000010
0.000010 0.226230 0.000010 0.635002 0.000010 0.000010 0.000010 0.000010 0.000010 0.000010 0.138688
0.997823 0.000010 0.000010 0.000010 0.000010 0.000010 0.000010 0.000010 0.002087 0.000010 0.000010
0.000010 0.999900 0.000010 0.000010 0.000010 0.000010 0.000010 0.000010 0.000010 0.000010 0.000010
0.000010 0.443351 0.000010 0.000010 0.000010 0.000010 0.245326 0.000010 0.000010 0.197833 0.113420
0.000010 0.000010 0.000010 0.000010 0.973789 0.026121 0.000010 0.000010 0.000010 0.000010 0.000010
0.000010 0.226192 0.000010 0.000010 0.000010 0.000010 0.129774 0.000010 0.000010 0.000010 0.643955
0.000010 0.316849 0.000010 0.217418 0.000010 0.000010 0.418260 0.000010 0.000010 0.047404 0.000010
0.000010 0.000010 0.000010 0.000010 0.000010 0.000010 0.000010 0.000010 0.000010 0.000010 0.999900
0.000010 0.000010 0.000010 0.000010 0.258777 0.000010 0.000010 0.741133 0.000010 0.000010 0.000010
0.000010 0.000010 0.000010 0.456591 0.000010 0.000010 0.543319 0.000010 0.000010 0.000010 0.000010
0.000010 0.000010 0.000010 0.000010 0.000010 0.000010 0.062246 0.000010 0.000010 0.766560 0.171113
0.000010 0.000010 0.256052 0.116474 0.000010 0.627394 0.000010 0.000010 0.000010 0.000010 0.000010
0.000010 0.000010 0.635462 0.021447 0.000010 0.023360 0.000010 0.000010 0.000010 0.319662 0.000010
0.000010 0.000010 0.256365 0.000010 0.000010 0.743545 0.000010 0.000010 0.000010 0.000010 0.000010
0.000010 0.000010 0.000010 0.000010 0.648782 0.000010 0.000010 0.243484 0.107653 0.000010 0.000010
0.689333 0.000010 0.000010 0.000010 0.085190 0.000010 0.000010 0.000010 0.225397 0.000010 0.000010
0.378689 0.000010 0.000010 0.000010 0.000010 0.000010 0.000010 0.000010 0.621221 0.000010 0.000010
0.278619 0.000010 0.000010 0.000010 0.265946 0.000010 0.000010 0.000010 0.455355 0.000010 0.000010
0.000010 0.289549 0.396942 0.000010 0.000010 0.209744 0.000010 0.000010 0.000010 0.015225 0.088479
0.282633 0.000010 0.000010 0.000010 0.469669 0.000010 0.000010 0.247618 0.000010 0.000010 0.000010
0.999900 0.000010 0.000010 0.000010 0.000010 0.000010 0.000010 0.000010 0.000010 0.000010 0.000010
0.012139 0.064116 0.000010 0.000010 0.000010 0.799071 0.124604 0.000010 0.000010 0.000010 0.000010
0.000010 0.253066 0.161081 0.184502 0.000010 0.000010 0.186634 0.000010 0.000010 0.000010 0.214657
0.016644 0.000010 0.000010 0.309112 0.000010 0.311965 0.187994 0.000010 0.000010 0.048905 0.125329
0.000010 0.000010 0.457036 0.000010 0.000010 0.000010 0.349306 0.019398 0.000010 0.174190 0.000010
0.000010 0.223581 0.000010 0.005301 0.000010 0.401345 0.000010 0.000010 0.000010 0.369703 0.000010
0.000010 0.507024 0.000010 0.116236 0.000010 0.000010 0.000010 0.000010 0.000010 0.150292 0.226378
0.000010 0.080002 0.000010 0.133391 0.000010 0.080036 0.220349 0.000010 0.000010 0.486163 0.000010
0.000010 0.532005 0.000010 0.000010 0.000010 0.151166 0.000010 0.000010 0.000010 0.000010 0.316749
0.000010 0.000010 0.000010 0.000010 0.000010 0.703107 0.196018 0.000010 0.000010 0.100795 0.000010
0.000010 0.130033 0.000010 0.320595 0.000010 0.539018 0.000010 0.000010 0.000010 0.000010 0.010284
0.000010 0.000010 0.256632 0.000010 0.011531 0.227223 0.221923 0.000010 0.000010 0.000010 0.282630
0.000010 0.107040 0.347384 0.000010 0.000010 0.000010 0.140563 0.000010 0.000010 0.000010 0.404943
0.000010 0.114250 0.000010 0.000010 0.000010 0.284362 0.000010 0.000010 0.000010 0.000010 0.601308
0.000010 0.389597 0.333750 0.000010 0.000010 0.159355 0.117229 0.000010 0.000010 0.000010 0.000010
0.035810 0.000010 0.507788 0.456322 0.000010 0.000010 0.000010 0.000010 0.000010 0.000010 0.000010
0.000010 0.000010 0.340111 0.044921 0.000010 0.299187 0.004077 0.000010 0.005984 0.031689 0.273991
0.000010 0.000010 0.000010 0.000010 0.000010 0.999900 0.000010 0.000010 0.000010 0.000010 0.000010
0.000010 0.349597 0.000010 0.114786 0.000010 0.496847 0.000010 0.000010 0.000010 0.038701 0.000010
0.000010 0.000010 0.000010 0.404766 0.000010 0.105564 0.000010 0.000010 0.000010 0.258997 0.230603
0.219195 0.780715 0.000010 0.000010 0.000010 0.000010 0.000010 0.000010 0.000010 0.000010 0.000010
0.000010 0.000010 0.202642 0.154120 0.000010 0.000011 0.000010 0.000010 0.000010 0.322051 0.321116
0.000010 0.000010 0.729158 0.087447 0.000010 0.000010 0.183315 0.000010 0.000010 0.000010 0.000010
0.000010 0.197904 0.521484 0.151267 0.000010 0.000010 0.129275 0.000010 0.000010 0.000010 0.000010
0.000010 0.000010 0.000010 0.299930 0.000010 0.000010 0.481754 0.000010 0.000010 0.000010 0.218236
0.000010 0.000010 0.635641 0.000010 0.000010 0.364269 0.000010 0.000010 0.000010 0.000010 0.000010
0.000010 0.000010 0.000010 0.000010 0.000010 0.000010 0.000010 0.000010 0.000010 0.999900 0.000010
0.000010 0.000010 0.576192 0.064177 0.000010 0.133188 0.000010 0.000010 0.000010 0.226373 0.000010
0.000010 0.000010 0.194258 0.000010 0.000010 0.344230 0.000010 0.000010 0.000010 0.461432 0.000010
0.000010 0.000010 0.037306 0.197959 0.000010 0.000010 0.609834 0.000010 0.000010 0.154830 0.000010
0.000010 0.133243 0.401809 0.000010 0.000010 0.264345 0.000010 0.000016 0.000010 0.000010 0.200526
0.000010 0.000010 0.000010 0.000010 0.000010 0.000010 0.218450 0.000010 0.000010 0.781460 0.000010
0.000010 0.268480 0.244568 0.000010 0.000010 0.000010 0.267971 0.000010 0.000010 0.000010 0.218911
0.000010 0.000010 0.133149 0.000010 0.000010 0.000010 0.000010 0.000010 0.000010 0.522278 0.344494
0.000010 0.000010 0.000010 0.000010 0.000010 0.206257 0.793314 0.000010 0.000010 0.000010 0.000349
0.000010 0.223072 0.000010 0.000010 0.000010 0.532084 0.000010 0.000010 0.000010 0.153802 0.090971
0.000010 0.418898 0.000010 0.000010 0.000010 0.581012 0.000010 0.000010 0.000010 0.000010 0.000010
0.000010 0.420343 0.000010 0.000010 0.000010 0.000010 0.579567 0.000010 0.000010 0.000010 0.000010
0.208575 0.000010 0.000010 0.000010 0.355787 0.000010 0.000010 0.435558 0.000010 0.000010 0.000010
0.000010 0.000010 0.000010 0.000010 0.000010 0.000010 0.000010 0.000010 0.000010 0.000010 0.999900
0.000010 0.000010 0.000010 0.000010 0.000010 0.175781 0.292492 0.000010 0.000010 0.531648 0.000010
0.000010 0.066821 0.000010 0.565553 0.000010 0.000010 0.000010 0.000010 0.000010 0.367546 0.000010
0.000010 0.000010 0.000010 0.000010 0.000010 0.563375 0.294820 0.000010 0.000010 0.101215 0.040519
0.000010 0.446866 0.000010 0.000010 0.000010 0.000010 0.341388 0.000010 0.000010 0.030114 0.181562
0.000010 0.000010 0.000010 0.000282 0.031224 0.150522 0.229417 0.000010 0.000010 0.000010 0.588495
0.000010 0.653299 0.000010 0.000010 0.000010 0.229872 0.000010 0.000010 0.000010 0.116749 0.000010
0.000010 0.000010 0.145534 0.489451 0.000010 0.000010 0.083772 0.000010 0.000010 0.000010 0.281172
0.000010 0.000010 0.000010 0.000010 0.000010 0.586884 0.385404 0.000010 0.027632 0.000010 0.000010
0.000010 0.552822 0.447088 0.000010 0.000010 0.000010 0.000010 0.000010 0.000010 0.000010 0.000010
0.000010 0.000010 0.100383 0.000010 0.000010 0.000010 0.467113 0.000010 0.000010 0.432425 0.000010
0.000010 0.000010 0.000010 0.302827 0.000010 0.033305 0.000010 0.000010 0.000010 0.000010 0.663787
0.999900 0.000010 0.000010 0.000010 0.000010 0.000010 0.000010 0.000010 0.000010 0.000010 0.000010
0.230046 0.085557 0.066139 0.033156 0.168336 0.046018 0.077135 0.089661 0.044150 0.075190 0.084612
0.000010 0.153832 0.678390 0.000010 0.000010 0.000010 0.000010 0.000010 0.000010 0.000010 0.167698
0.000010 0.000010 0.000010 0.000010 0.000010 0.197590 0.000010 0.000010 0.000010 0.802320 0.000010
0.432786 0.000010 0.000010 0.000010 0.000010 0.000010 0.000010 0.000010 0.567124 0.000010 0.000010
0.000010 0.000010 0.152230 0.634016 0.000010 0.000010 0.000010 0.000010 0.000010 0.213674 0.000010
0.000010 0.000010 0.397209 0.000010 0.000010 0.000010 0.024860 0.000010 0.000010 0.000010 0.577850
0.000010 0.319257 0.000010 0.000010 0.000010 0.000010 0.000010 0.000010 0.000010 0.453642 0.227021
0.000010 0.000010 0.000010 0.223318 0.000010 0.335407 0.441195 0.000010 0.000010 0.000010 0.000010
0.000010 0.018195 0.000010 0.103708 0.000010 0.000010 0.127322 0.000010 0.004854 0.287550 0.458320
0.000010 0.118550 0.000010 0.120909 0.000010 0.388864 0.186477 0.000010 0.000010 0.083018 0.102133
0.000010 0.262586 0.108252 0.305756 0.000010 0.074077 0.000010 0.000010 0.000010 0.249269 0.000010
0.000010 0.130640 0.000010 0.149839 0.000010 0.137811 0.270761 0.000010 0.000010 0.000010 0.310888
0.000010 0.238800 0.000010 0.270868 0.000010 0.112679 0.197471 0.000010 0.000010 0.122754 0.057379
0.000010 0.198877 0.000010 0.216179 0.000010 0.000010 0.122371 0.000010 0.000010 0.462503 0.000010
0.000010 0.000010 0.000010 0.000010 0.000010 0.622284 0.377626 0.000010 0.000010 0.000010 0.000010
0.000010 0.999900 0.000010 0.000010 0.000010 0.000010 0.000010 0.000010 0.000010 0.000010 0.000010
0.000010 0.482812 0.000010 0.000010 0.000010 0.131801 0.370825 0.000010 0.000010 0.014491 0.000010
0.000010 0.405858 0.000010 0.000010 0.000010 0.000010 0.394577 0.000010 0.000010 0.199485 0.000010
0.000010 0.000010 0.400538 0.000010 0.000010 0.147065 0.242371 0.000010 0.000010 0.209956 0.000010
0.000010 0.233832 0.412927 0.000010 0.077815 0.154727 0.000010 0.000010 0.000010 0.120639 0.000010
0.000010 0.000010 0.169758 0.044574 0.000010 0.598033 0.000010 0.000010 0.000010 0.187564 0.000010
0.000010 0.000010 0.000010 0.000010 0.000010 0.347976 0.651934 0.000010 0.000010 0.000010 0.000010
0.000010 0.000010 0.336256 0.277488 0.000010 0.386175 0.000010 0.000010 0.000010 0.000010 0.000010
0.000010 0.000010 0.000010 0.692713 0.000010 0.000010 0.000010 0.000010 0.052064 0.255143 0.000010
0.000010 0.121989 0.000010 0.000010 0.004739 0.583246 0.000010 0.000010 0.000010 0.289956 0.000010
0.000010 0.152559 0.287398 0.000010 0.000010 0.359200 0.200773 0.000010 0.000010 0.000010 0.000010
0.000010 0.000010 0.000010 0.200014 0.000010 0.214886 0.381551 0.000010 0.000010 0.000010 0.203480
0.000010 0.207127 0.000010 0.135008 0.011683 0.507790 0.000010 0.000010 0.000010 0.000010 0.138332
0.000010 0.000010 0.043805 0.151583 0.000010 0.279590 0.400070 0.000010 0.000010 0.043535 0.081367
0.000010 0.022366 0.150903 0.276412 0.007477 0.177993 0.173941 0.000010 0.037059 0.000010 0.153819
0.000010 0.999900 0.000010 0.000010 0.000010 0.000010 0.000010 0.000010 0.000010 0.000010 0.000010
0.000010 0.000010 0.445137 0.118166 0.000010 0.000010 0.158346 0.000010 0.000010 0.278281 0.000010
0.000010 0.000010 0.147307 0.000010 0.000010 0.000010 0.291369 0.000010 0.000010 0.000010 0.561245
0.000010 0.000010 0.000010 0.000010 0.000010 0.494012 0.505898 0.000010 0.000010 0.000010 0.000010
0.000010 0.299565 0.000010 0.000010 0.000010 0.000010 0.166155 0.000010 0.000010 0.000010 0.534200
0.000010 0.000010 0.268199 0.000010 0.000010 0.000010 0.000010 0.000010 0.000010 0.345090 0.386632
0.000010 0.613580 0.150651 0.000010 0.000010 0.021677 0.000010 0.000010 0.000010 0.214022 0.000010
0.000010 0.999900 0.000010 0.000010 0.000010 0.000010 0.000010 0.000010 0.000010 0.000010 0.000010
0.000010 0.000010 0.000010 0.290592 0.000010 0.701259 0.000010 0.000010 0.008069 0.000010 0.000010
0.000010 0.318823 0.000010 0.000010 0.000010 0.000010 0.000010 0.000010 0.000010 0.681087 0.000010
0.000010 0.000010 0.000010 0.566580 0.000010 0.000010 0.000010 0.000010 0.000010 0.000010 0.433330
0.000010 0.469735 0.000010 0.205748 0.000010 0.000010 0.031041 0.000010 0.000010 0.293405 0.000010
0.000010 0.000010 0.127693 0.000010 0.000010 0.872217 0.000010 0.000010 0.000010 0.000010 0.000010
0.000010 0.000010 0.507110 0.000010 0.000010 0.199243 0.000010 0.000010 0.000010 0.259002 0.034576
0.059817 0.000010 0.000010 0.000010 0.063634 0.000010 0.000010 0.333222 0.000010 0.543258 0.000010
0.000010 0.301669 0.295193 0.000010 0.000010 0.000010 0.403058 0.000010 0.000010 0.000010 0.000010
0.000010 0.000010 0.000010 0.000010 0.000010 0.526849 0.473061 0.000010 0.000010 0.000010 0.000010
0.000010 0.406031 0.117147 0.104719 0.000010 0.000010 0.129320 0.181201 0.000010 0.061532 0.000010
0.000010 0.196586 0.593302 0.000010 0.000010 0.000010 0.000010 0.023134 0.000010 0.186908 0.000010
0.000010 0.157557 0.250705 0.018887 0.000010 0.292518 0.000010 0.000010 0.000010 0.280273 0.000010
0.000010 0.000010 0.000010 0.954321 0.000010 0.000010 0.000010 0.000010 0.000010 0.045589 0.000010
0.000010 0.000010 0.000010 0.000010 0.042663 0.000010 0.000010 0.127136 0.000010 0.830121 0.000010
0.000010 0.000010 0.503511 0.468423 0.000010 0.027986 0.000010 0.000010 0.000010 0.000010 0.000010
0.000010 0.258786 0.000010 0.180914 0.000010 0.460752 0.099478 0.000010 0.000010 0.000010 0.000010
0.000010 0.000010 0.000010 0.189416 0.000010 0.035273 0.518930 0.000010 0.000010 0.000010 0.256312
0.000010 0.000010 0.000010 0.700586 0.000010 0.000010 0.000010 0.000010 0.000010 0.000010 0.299324
0.000010 0.174097 0.000010 0.000010 0.000010 0.000010 0.000010 0.000010 0.000010 0.668052 0.157771
0.000010 0.000010 0.000010 0.000010 0.000010 0.393403 0.000010 0.000010 0.000010 0.000010 0.606507
0.000010 0.000010 0.000010 0.000010 0.000010 0.999900 0.000010 0.000010 0.000010 0.000010 0.000010
0.773202 0.000010 0.000010 0.000010 0.077372 0.000010 0.000010 0.000010 0.149346 0.000010 0.000010
0.000010 0.235646 0.000010 0.503905 0.000010 0.142748 0.117631 0.000010 0.000010 0.000010 0.000010
0.000010 0.000010 0.127645 0.381510 0.000010 0.000010 0.140262 0.000010 0.000010 0.062473 0.288050
0.000010 0.000010 0.000010 0.000010 0.000010 0.000010 0.000010 0.000010 0.000010 0.000010 0.999900
0.000010 0.560247 0.000010 0.000010 0.000010 0.000010 0.000010 0.000010 0.000010 0.288044 0.151630
0.000010 0.000010 0.548556 0.000010 0.000010 0.451354 0.000010 0.000010 0.000010 0.000010 0.000010
0.432492 0.000010 0.000010 0.000010 0.344707 0.000010 0.000010 0.222721 0.000010 0.000010 0.000010
0.999900 0.000010 0.000010 0.000010 0.000010 0.000010 0.000010 0.000010 0.000010 0.000010 0.000010
0.000010 0.000010 0.000010 0.438671 0.000010 0.236662 0.000010 0.000010 0.000010 0.324588 0.000010
0.000010 0.516778 0.000010 0.000010 0.000010 0.071277 0.000010 0.000010 0.000010 0.000010 0.411865
0.000010 0.000010 0.000010 0.183551 0.000010 0.000010 0.000010 0.000010 0.000010 0.816359 0.000010
0.000010 0.037994 0.000010 0.000010 0.000010 0.000010 0.123996 0.000010 0.000010 0.076297 0.761643
0.000010 0.000010 0.717317 0.000010 0.000010 0.282593 0.000010 0.000010 0.000010 0.000010 0.000010
0.000010 0.000010 0.000010 0.000010 0.999900 0.000010 0.000010 0.000010 0.000010 0.000010 0.000010
0.000010 0.324132 0.000010 0.000010 0.000010 0.000010 0.554369 0.000010 0.000010 0.000010 0.121419
0.000010 0.014190 0.000010 0.000010 0.000010 0.595654 0.299597 0.000010 0.000010 0.000010 0.090489
0.000010 0.000010 0.000010 0.000010 0.000010 0.260484 0.399326 0.000010 0.000010 0.000010 0.340110
0.000010 0.197363 0.000010 0.000010 0.000010 0.408407 0.000010 0.000010 0.003303 0.000010 0.390858
0.000010 0.408993 0.000010 0.590917 0.000010 0.000010 0.000010 0.000010 0.000010 0.000010 0.000010
0.999900 0.000010 0.000010 0.000010 0.000010 0.000010 0.000010 0.000010 0.000010 0.000010 0.000010
0.000010 0.000010 0.000010 0.000010 0.000010 0.219238 0.780672 0.000010 0.000010 0.000010 0.000010
0.000010 0.000010 0.000010 0.999900 0.000010 0.000010 0.000010 0.000010 0.000010 0.000010 0.000010
0.000010 0.000010 0.000010 0.000010 0.000010 0.000010 0.000010 0.000010 0.999900 0.000010 0.000010
0.000010 0.000010 0.000010 0.000010 0.000010 0.000010 0.000010 0.000010 0.999900 0.000010 0.000010
0.000010 0.000010 0.443970 0.459114 0.000010 0.000010 0.096836 0.000010 0.000010 0.000010 0.000010
0.000010 0.093128 0.173576 0.329978 0.000010 0.000010 0.274112 0.000010 0.000010 0.129147 0.000010
0.000010 0.000010 0.080792 0.245879 0.000010 0.472632 0.000010 0.000010 0.000010 0.000010 0.200628
0.000010 0.000010 0.000010 0.000010 0.000010 0.000010 0.000010 0.481373 0.518537 0.000010 0.000010
0.000010 0.413745 0.000010 0.082764 0.000010 0.362733 0.140688 0.000010 0.000010 0.000010 0.000010
0.000010 0.000010 0.000010 0.497341 0.000010 0.000010 0.000010 0.000010 0.000010 0.000010 0.502569
0.000010 0.000010 0.999900 0.000010 0.000010 0.000010 0.000010 0.000010 0.000010 0.000010 0.000010
0.000010 0.214585 0.116043 0.000010 0.000010 0.136809 0.116267 0.000010 0.000010 0.252742 0.163503
0.000010 0.000010 0.000010 0.000010 0.000010 0.000010 0.000010 0.000010 0.999900 0.000010 0.000010
0.000010 0.179374 0.000010 0.034591 0.000010 0.000010 0.609152 0.000010 0.000010 0.176813 0.000010
0.000010 0.000010 0.584382 0.415528 0.000010 0.000010 0.000010 0.000010 0.000010 0.000010 0.000010
0.000010 0.305175 0.000010 0.000010 0.000010 0.084980 0.541155 0.000010 0.000010 0.000010 0.068621
0.000010 0.341999 0.657911 0.000010 0.000010 0.000010 0.000010 0.000010 0.000010 0.000010 0.000010
0.000010 0.714568 0.000010 0.000010 0.000010 0.000010 0.000010 0.000010 0.039618 0.000010 0.245734
0.000010 0.178977 0.615552 0.130039 0.000010 0.000010 0.000010 0.000010 0.014036 0.000010 0.061336
0.000010 0.244055 0.000010 0.000010 0.000010 0.000010 0.353558 0.000010 0.000010 0.402307 0.000010
0.000010 0.493292 0.000010 0.210987 0.000010 0.166330 0.000010 0.000010 0.000010 0.106232 0.023099
0.000010 0.000010 0.000010 0.000010 0.000010 0.000010 0.999900 0.000010 0.000010 0.000010 0.000010
0.000010 0.204049 0.000010 0.000010 0.000010 0.000010 0.409946 0.000010 0.000010 0.000010 0.385926
0.000010 0.064589 0.000010 0.000010 0.031753 0.000010 0.575460 0.000010 0.000010 0.000010 0.328127
0.000010 0.192466 0.000010 0.000010 0.000010 0.000010 0.488113 0.000010 0.000010 0.210429 0.108922
0.000010 0.000010 0.000010 0.378032 0.000010 0.461709 0.000010 0.000010 0.000010 0.000010 0.160179
0.000010 0.000010 0.999900 0.000010 0.000010 0.000010 0.000010 0.000010 0.000010 0.000010 0.000010
0.000010 0.243734 0.000010 0.145423 0.000010 0.231383 0.000010 0.000010 0.000010 0.379390 0.000010
0.000010 0.219153 0.647526 0.000010 0.000010 0.000010 0.000010 0.000010 0.000010 0.133241 0.000010
