0.000010 0.601855 0.000010 0.000010 0.000010 0.000010 0.000010 0.019289 0.000010 0.000010 0.221792 0.000010 0.000010 0.156924 0.000010 0.000010 0.000010 0.000010
0.000010 0.074988 0.000010 0.000010 0.000010 0.000010 0.000010 0.000010 0.005475 0.000010 0.000010 0.000010 0.000010 0.347306 0.406941 0.000010 0.000010 0.165160
0.000010 0.000010 0.059833 0.000010 0.192032 0.000010 0.000010 0.190304 0.000010 0.000010 0.097625 0.084036 0.000010 0.255103 0.000010 0.000010 0.012317 0.108650
0.000010 0.999830 0.000010 0.000010 0.000010 0.000010 0.000010 0.000010 0.000010 0.000010 0.000010 0.000010 0.000010 0.000010 0.000010 0.000010 0.000010 0.000010
0.000010 0.000010 0.445990 0.134705 0.000010 0.000010 0.000010 0.105864 0.000010 0.000010 0.000010 0.000010 0.000010 0.313302 0.000010 0.000010 0.000010 0.000010
0.000010 0.000010 0.000010 0.000010 0.999830 0.000010 0.000010 0.000010 0.000010 0.000010 0.000010 0.000010 0.000010 0.000010 0.000010 0.000010 0.000010 0.000010
0.000010 0.000010 0.000010 0.000010 0.000010 0.028567 0.000010 0.066053 0.000010 0.000010 0.245998 0.000010 0.000010 0.461937 0.000010 0.173062 0.000010 0.024262
0.000010 0.000010 0.000010 0.000010 0.129320 0.000010 0.000010 0.104515 0.000010 0.000010 0.000010 0.000010 0.000010 0.331527 0.000010 0.000010 0.000010 0.434499
0.000010 0.000010 0.000010 0.000010 0.000010 0.000010 0.000010 0.000010 0.000010 0.000010 0.435988 0.000010 0.000010 0.207347 0.353726 0.002800 0.000010 0.000010
0.188503 0.169582 0.000010 0.000010 0.000010 0.072974 0.000010 0.000010 0.000010 0.488660 0.000010 0.000010 0.000010 0.000010 0.000010 0.000010 0.000010 0.080151
0.999830 0.000010 0.000010 0.000010 0.000010 0.000010 0.000010 0.000010 0.000010 0.000010 0.000010 0.000010 0.000010 0.000010 0.000010 0.000010 0.000010 0.000010
0.000010 0.000010 0.000010 0.000010 0.000010 0.000010 0.000010 0.977713 0.022127 0.000010 0.000010 0.000010 0.000010 0.000010 0.000010 0.000010 0.000010 0.000010
0.000010 0.173917 0.180012 0.000010 0.380480 0.000010 0.000010 0.000010 0.000010 0.000010 0.197710 0.000010 0.000010 0.000010 0.000010 0.000010 0.067750 0.000010
0.000015 0.321699 0.000010 0.000010 0.000010 0.000010 0.000010 0.000010 0.000010 0.000010 0.005619 0.163220 0.000010 0.209047 0.000010 0.208938 0.000010 0.091351
0.000010 0.000010 0.000010 0.461285 0.000010 0.000010 0.000010 0.000010 0.000010 0.000010 0.000010 0.000010 0.000010 0.000010 0.154324 0.246558 0.000010 0.137693
0.000010 0.000010 0.000010 0.999830 0.000010 0.000010 0.000010 0.000010 0.000010 0.000010 0.000010 0.000010 0.000010 0.000010 0.000010 0.000010 0.000010 0.000010
0.000010 0.000010 0.000010 0.000010 0.000010 0.000010 0.000010 0.000010 0.000010 0.999830 0.000010 0.000010 0.000010 0.000010 0.000010 0.000010 0.000010 0.000010
0.000010 0.000010 0.000010 0.000010 0.000010 0.999829 0.000010 0.000010 0.000010 0.000010 0.000011 0.000010 0.000010 0.000010 0.000010 0.000010 0.000010 0.000010
0.000010 0.000010 0.000010 0.000010 0.659584 0.000010 0.000010 0.000010 0.000010 0.000010 0.000010 0.000010 0.000010 0.000010 0.000010 0.340256 0.000010 0.000010
0.000010 0.000010 0.000010 0.000010 0.000010 0.000010 0.000010 0.000010 0.000010 0.999830 0.000010 0.000010 0.000010 0.000010 0.000010 0.000010 0.000010 0.000010
0.000010 0.000010 0.000010 0.000010 0.000010 0.000010 0.000010 0.000010 0.000010 0.424671 0.000010 0.000010 0.575169 0.000010 0.000010 0.000010 0.000010 0.000010
0.000010 0.000010 0.000010 0.244258 0.755582 0.000010 0.000010 0.000010 0.000010 0.000010 0.000010 0.000010 0.000010 0.000010 0.000010 0.000010 0.000010 0.000010
0.000010 0.000010 0.000010 0.000010 0.000010 0.000010 0.999830 0.000010 0.000010 0.000010 0.000010 0.000010 0.000010 0.000010 0.000010 0.000010 0.000010 0.000010
0.000010 0.000010 0.000010 0.000010 0.000010 0.239882 0.567665 0.000010 0.074943 0.117370 0.000010 0.000010 0.000010 0.000010 0.000010 0.000010 0.000010 0.000010
0.557723 0.000010 0.000010 0.000010 0.000010 0.000010 0.000010 0.000010 0.000010 0.442117 0.000010 0.000010 0.000010 0.000010 0.000010 0.000010 0.000010 0.000010
0.000010 0.000010 0.000010 0.020347 0.402336 0.000010 0.000010 0.000010 0.000010 0.000010 0.000010 0.000010 0.304847 0.000010 0.000010 0.210086 0.062254 0.000010
0.000010 0.326427 0.000010 0.135737 0.000010 0.000010 0.000010 0.000010 0.000010 0.000010 0.000010 0.000010 0.068631 0.340242 0.128833 0.000010 0.000010 0.000010
0.000010 0.000010 0.000010 0.026280 0.000010 0.000010 0.000010 0.123422 0.000010 0.012769 0.000010 0.000010 0.000010 0.000010 0.000010 0.110498 0.560288 0.166622
0.000010 0.187405 0.000010 0.174630 0.000010 0.000010 0.000010 0.000010 0.000010 0.000010 0.028536 0.000010 0.000010 0.000010 0.000010 0.253027 0.000010 0.356272
0.999830 0.000010 0.000010 0.000010 0.000010 0.000010 0.000010 0.000010 0.000010 0.000010 0.000010 0.000010 0.000010 0.000010 0.000010 0.000010 0.000010 0.000010
0.000010 0.000010 0.000010 0.000010 0.000010 0.000010 0.480919 0.000010 0.518921 0.000010 0.000010 0.000010 0.000010 0.000010 0.000010 0.000010 0.000010 0.000010
0.000010 0.000010 0.000010 0.999830 0.000010 0.000010 0.000010 0.000010 0.000010 0.000010 0.000010 0.000010 0.000010 0.000010 0.000010 0.000010 0.000010 0.000010
0.000010 0.000010 0.000010 0.000010 0.000010 0.000010 0.999830 0.000010 0.000010 0.000010 0.000010 0.000010 0.000010 0.000010 0.000010 0.000010 0.000010 0.000010
0.000010 0.000010 0.000010 0.000010 0.000010 0.000010 0.000010 0.000010 0.000010 0.145685 0.000010 0.000010 0.854155 0.000010 0.000010 0.000010 0.000010 0.000010
0.000010 0.000010 0.000010 0.000010 0.999830 0.000010 0.000010 0.000010 0.000010 0.000010 0.000010 0.000010 0.000010 0.000010 0.000010 0.000010 0.000010 0.000010
0.000010 0.000010 0.000010 0.000010 0.081301 0.000010 0.000010 0.401255 0.000010 0.000010 0.000010 0.212875 0.000010 0.046867 0.193390 0.038678 0.025524 0.000010
0.000010 0.000010 0.000010 0.000010 0.000010 0.253609 0.521099 0.000010 0.225142 0.000010 0.000010 0.000010 0.000010 0.000010 0.000010 0.000010 0.000010 0.000010
0.000010 0.000010 0.000010 0.000010 0.000010 0.158914 0.406979 0.000010 0.433957 0.000010 0.000010 0.000010 0.000010 0.000010 0.000010 0.000010 0.000010 0.000010
0.000010 0.000010 0.099372 0.126338 0.000010 0.000010 0.000010 0.266580 0.000010 0.000010 0.000010 0.223092 0.150155 0.039839 0.094513 0.000010 0.000010 0.000010
0.000010 0.255600 0.000010 0.000010 0.000010 0.000010 0.000010 0.000010 0.000010 0.000010 0.000010 0.244941 0.000010 0.000010 0.041201 0.000010 0.441759 0.016369
0.000010 0.309347 0.000010 0.157332 0.000010 0.000010 0.000010 0.000010 0.000010 0.000010 0.050918 0.000010 0.142069 0.000010 0.000010 0.000010 0.000010 0.340204
0.000010 0.000010 0.000010 0.000010 0.000010 0.000010 0.000010 0.191435 0.000010 0.000010 0.207534 0.251820 0.000010 0.000010 0.000010 0.349071 0.000010 0.000010
0.000010 0.000010 0.000010 0.000010 0.000010 0.000010 0.000010 0.000010 0.000010 0.902337 0.000010 0.000010 0.003702 0.000010 0.000010 0.000010 0.000010 0.093811
0.000010 0.235699 0.000010 0.000010 0.000010 0.000010 0.000010 0.000010 0.000010 0.000010 0.630742 0.000010 0.000010 0.000010 0.000010 0.000010 0.000010 0.133409
0.000010 0.000010 0.000010 0.000010 0.000010 0.999830 0.000010 0.000010 0.000010 0.000010 0.000010 0.000010 0.000010 0.000010 0.000010 0.000010 0.000010 0.000010
0.000010 0.000010 0.000010 0.319835 0.107497 0.000010 0.000010 0.109908 0.000010 0.050107 0.000010 0.000010 0.000010 0.106764 0.098241 0.000010 0.085244 0.122305
0.000010 0.112909 0.381591 0.000010 0.000010 0.011803 0.000010 0.051135 0.000010 0.000010 0.000010 0.000010 0.224595 0.000010 0.000010 0.217846 0.000010 0.000010
0.000010 0.000010 0.000010 0.000010 0.000010 0.541904 0.246864 0.000010 0.000010 0.211077 0.000010 0.000010 0.000010 0.000010 0.000014 0.000010 0.000010 0.000010
0.000010 0.000010 0.000010 0.000010 0.000010 0.249762 0.750077 0.000010 0.000011 0.000010 0.000010 0.000010 0.000010 0.000010 0.000010 0.000010 0.000010 0.000010
0.000010 0.000010 0.000010 0.000010 0.000010 0.000010 0.000010 0.000010 0.000010 0.000010 0.316891 0.000010 0.000010 0.000010 0.682949 0.000010 0.000010 0.000010
0.000010 0.000010 0.000010 0.831111 0.000010 0.000010 0.000010 0.000010 0.000010 0.000010 0.000010 0.000010 0.000010 0.000010 0.000010 0.000010 0.168729 0.000010
0.000010 0.000010 0.000013 0.283695 0.000010 0.000010 0.000010 0.000010 0.000010 0.000010 0.000010 0.000010 0.255733 0.000010 0.189623 0.160927 0.000010 0.109890
0.100020 0.000010 0.000010 0.000010 0.000010 0.732572 0.000010 0.000015 0.000010 0.084958 0.000010 0.000010 0.082305 0.000010 0.000010 0.000010 0.000010 0.000010
0.000010 0.055972 0.000010 0.020322 0.000010 0.000010 0.000010 0.000010 0.000010 0.000010 0.240344 0.000010 0.000010 0.000010 0.120781 0.000010 0.367192 0.195269
0.000010 0.000010 0.388462 0.000010 0.000010 0.000010 0.000010 0.060250 0.000010 0.000010 0.207781 0.000010 0.109954 0.000010 0.000010 0.000010 0.083562 0.149871
0.000010 0.000010 0.000010 0.000010 0.131268 0.000010 0.868572 0.000010 0.000010 0.000010 0.000010 0.000010 0.000010 0.000010 0.000010 0.000010 0.000010 0.000010
0.000010 0.301726 0.038133 0.218041 0.000010 0.000010 0.000010 0.266699 0.000010 0.000010 0.175271 0.000010 0.000010 0.000010 0.000010 0.000010 0.000010 0.000010
0.000010 0.000010 0.000010 0.027020 0.268023 0.000010 0.000010 0.036320 0.000010 0.000010 0.000010 0.000010 0.141968 0.294498 0.000010 0.232052 0.000010 0.000010
0.000010 0.062670 0.000010 0.000010 0.000010 0.000010 0.000010 0.000010 0.000010 0.000010 0.000010 0.000010 0.273311 0.530539 0.000010 0.000010 0.133340 0.000010
0.000010 0.005064 0.000010 0.080218 0.491621 0.000010 0.000010 0.000010 0.000010 0.000010 0.000010 0.000010 0.000010 0.000010 0.081726 0.000010 0.220508 0.120743
0.000010 0.000010 0.190964 0.041492 0.000010 0.000010 0.000010 0.373396 0.000010 0.000010 0.000010 0.000010 0.000010 0.000010 0.000010 0.000010 0.394008 0.000010
0.000010 0.110181 0.000010 0.233929 0.000010 0.000010 0.000010 0.000010 0.000010 0.000010 0.000010 0.000010 0.000010 0.000010 0.378275 0.000010 0.277475 0.000010
0.000010 0.000010 0.000010 0.000010 0.000010 0.000010 0.000010 0.182462 0.000010 0.000010 0.000010 0.353597 0.000010 0.000010 0.134649 0.000010 0.329152 0.000010
0.012079 0.000010 0.000010 0.000010 0.006790 0.000010 0.000010 0.000010 0.000010 0.000010 0.298977 0.000010 0.000010 0.000010 0.437000 0.011667 0.233367 0.000010
0.000010 0.000010 0.000010 0.000010 0.188542 0.000010 0.000010 0.252018 0.000010 0.000010 0.000010 0.559290 0.000010 0.000010 0.000010 0.000010 0.000010 0.000010
0.000010 0.000010 0.000010 0.000010 0.000010 0.999830 0.000010 0.000010 0.000010 0.000010 0.000010 0.000010 0.000010 0.000010 0.000010 0.000010 0.000010 0.000010
0.000010 0.290419 0.000010 0.042221 0.000010 0.000010 0.000010 0.000010 0.000010 0.000010 0.000010 0.000010 0.174195 0.000010 0.000010 0.000010 0.244968 0.248068
0.007326 0.000010 0.000010 0.270721 0.112076 0.000010 0.000010 0.174278 0.000010 0.000010 0.000010 0.000010 0.102241 0.000010 0.333238 0.000010 0.000010 0.000010
0.000010 0.000010 0.000010 0.000010 0.000010 0.000010 0.000010 0.000010 0.000010 0.000010 0.000010 0.000010 0.000010 0.000010 0.999830 0.000010 0.000010 0.000010
0.000010 0.000010 0.000010 0.383849 0.000010 0.000010 0.000010 0.615991 0.000010 0.000010 0.000010 0.000010 0.000010 0.000010 0.000010 0.000010 0.000010 0.000010
0.000010 0.000010 0.325062 0.000010 0.000010 0.000010 0.000010 0.450224 0.000010 0.000010 0.000010 0.000010 0.000010 0.000010 0.000010 0.000010 0.000010 0.224564
0.000010 0.430186 0.000010 0.103446 0.000010 0.000010 0.000010 0.164630 0.000010 0.000010 0.000010 0.215075 0.000010 0.000010 0.000010 0.000010 0.086533 0.000010
0.000010 0.000010 0.000010 0.000010 0.000010 0.000010 0.000010 0.000010 0.000010 0.000010 0.874468 0.000010 0.000010 0.000010 0.000010 0.125372 0.000010 0.000010
0.000010 0.046164 0.610364 0.153584 0.000010 0.000010 0.000010 0.000010 0.000010 0.000010 0.000010 0.000010 0.000010 0.000010 0.000010 0.000010 0.000010 0.189748
0.000010 0.178127 0.000010 0.158296 0.025193 0.000010 0.000010 0.220846 0.000010 0.000010 0.000010 0.103186 0.000010 0.310142 0.000010 0.000010 0.000010 0.004101
0.000010 0.000010 0.000010 0.141694 0.000010 0.000010 0.000010 0.000010 0.000010 0.000010 0.000010 0.783634 0.000010 0.000010 0.000010 0.000010 0.000010 0.074522
0.478818 0.000010 0.000010 0.000010 0.000010 0.000010 0.521022 0.000010 0.000010 0.000010 0.000010 0.000010 0.000010 0.000010 0.000010 0.000010 0.000010 0.000010
0.999830 0.000010 0.000010 0.000010 0.000010 0.000010 0.000010 0.000010 0.000010 0.000010 0.000010 0.000010 0.000010 0.000010 0.000010 0.000010 0.000010 0.000010
0.045507 0.000010 0.000010 0.000010 0.000010 0.954333 0.000010 0.000010 0.000010 0.000010 0.000010 0.000010 0.000010 0.000010 0.000010 0.000010 0.000010 0.000010
0.000010 0.000010 0.000010 0.076365 0.111671 0.000010 0.112291 0.000010 0.000010 0.000010 0.492322 0.000010 0.207220 0.000010 0.000010 0.000010 0.000010 0.000010
0.000010 0.000010 0.118497 0.029723 0.041026 0.000010 0.017107 0.130379 0.000010 0.000010 0.000010 0.000010 0.000010 0.000010 0.171498 0.089079 0.228397 0.174205
0.000010 0.000010 0.000010 0.000010 0.000010 0.000010 0.000010 0.000010 0.000010 0.999830 0.000010 0.000010 0.000010 0.000010 0.000010 0.000010 0.000010 0.000010
0.367852 0.000010 0.000010 0.000010 0.000010 0.000010 0.000010 0.000010 0.472515 0.159483 0.000010 0.000010 0.000010 0.000010 0.000010 0.000010 0.000010 0.000010
0.000010 0.091635 0.128445 0.000010 0.097769 0.000010 0.000010 0.000010 0.000010 0.000010 0.041285 0.480420 0.000010 0.000010 0.000010 0.160327 0.000010 0.000010
0.369825 0.000010 0.000010 0.000010 0.000010 0.000010 0.000010 0.000010 0.514260 0.115766 0.000010 0.000010 0.000010 0.000010 0.000010 0.000010 0.000010 0.000010
0.354534 0.000010 0.000010 0.000010 0.000010 0.347374 0.125749 0.009983 0.000010 0.142605 0.000010 0.000010 0.000010 0.000010 0.000010 0.000010 0.019635 0.000010
0.000010 0.423226 0.000010 0.000010 0.126926 0.000010 0.000010 0.124195 0.000010 0.000010 0.000010 0.000010 0.000010 0.000010 0.025952 0.000010 0.050570 0.249012
0.469956 0.000010 0.000010 0.000010 0.000010 0.000010 0.000010 0.000010 0.000010 0.529884 0.000010 0.000010 0.000010 0.000010 0.000010 0.000010 0.000010 0.000010
0.000010 0.999828 0.000010 0.000010 0.000010 0.000012 0.000010 0.000010 0.000010 0.000010 0.000010 0.000010 0.000010 0.000010 0.000010 0.000010 0.000010 0.000010
0.000010 0.000010 0.000010 0.000010 0.000010 0.000010 0.000010 0.000010 0.000010 0.000010 0.000010 0.902512 0.097328 0.000010 0.000010 0.000010 0.000010 0.000010
0.000010 0.000010 0.000010 0.000010 0.000010 0.000010 0.000010 0.000010 0.999830 0.000010 0.000010 0.000010 0.000010 0.000010 0.000010 0.000010 0.000010 0.000010
0.000010 0.000010 0.000010 0.000010 0.000010 0.000010 0.000010 0.000010 0.000010 0.261573 0.347556 0.000010 0.000010 0.254884 0.000010 0.000010 0.000010 0.135848
0.000010 0.004207 0.109149 0.263730 0.000010 0.000010 0.000010 0.000010 0.000010 0.000010 0.281446 0.000010 0.000010 0.000010 0.000010 0.000010 0.341337 0.000010
0.000010 0.000010 0.000010 0.000010 0.000010 0.000010 0.000010 0.000010 0.000010 0.999830 0.000010 0.000010 0.000010 0.000010 0.000010 0.000010 0.000010 0.000010
0.000010 0.150448 0.000010 0.000010 0.160887 0.000010 0.000010 0.276478 0.000010 0.000010 0.191664 0.000010 0.070694 0.000010 0.000010 0.000010 0.000010 0.149709
0.000010 0.000010 0.000010 0.000010 0.000010 0.000010 0.025978 0.619582 0.000010 0.000010 0.000010 0.000010 0.000010 0.000010 0.155823 0.000010 0.198476 0.000010
0.172089 0.000010 0.000010 0.000010 0.000010 0.000010 0.000010 0.000010 0.000010 0.827751 0.000010 0.000010 0.000010 0.000010 0.000010 0.000010 0.000010 0.000010
0.000010 0.000010 0.000010 0.169880 0.042747 0.025729 0.000010 0.000010 0.000010 0.000010 0.000010 0.139296 0.369317 0.252911 0.000010 0.000010 0.000010 0.000010
0.000010 0.000010 0.000010 0.000010 0.000010 0.000010 0.000010 0.000010 0.000010 0.000010 0.999830 0.000010 0.000010 0.000010 0.000010 0.000010 0.000010 0.000010
0.000010 0.000010 0.000010 0.106225 0.000010 0.000010 0.000010 0.000010 0.000010 0.000010 0.000010 0.000010 0.038407 0.215478 0.000010 0.424456 0.215303 0.000010
0.000010 0.000010 0.000010 0.130118 0.000010 0.000010 0.000010 0.000010 0.000010 0.000010 0.285843 0.000010 0.000010 0.000010 0.000010 0.367195 0.082355 0.134359
0.000010 0.000010 0.000010 0.000010 0.000010 0.000010 0.000010 0.000010 0.000010 0.000010 0.000010 0.098623 0.513505 0.000010 0.387723 0.000010 0.000010 0.000010
0.000010 0.397151 0.000010 0.000010 0.291104 0.000010 0.000010 0.000010 0.000010 0.000010 0.000010 0.000010 0.311595 0.000010 0.000010 0.000010 0.000010 0.000010
0.000010 0.000010 0.000010 0.000010 0.468536 0.000010 0.000010 0.056983 0.000010 0.000010 0.277691 0.084936 0.000010 0.000010 0.000010 0.000010 0.111724 0.000010
0.000010 0.000010 0.000010 0.000010 0.808073 0.000010 0.000010 0.000010 0.000010 0.000010 0.191767 0.000010 0.000010 0.000010 0.000010 0.000010 0.000010 0.000010
0.000010 0.175028 0.207395 0.000010 0.000010 0.000010 0.000010 0.000010 0.000010 0.000010 0.256369 0.000010 0.000010 0.000010 0.043480 0.317599 0.000010 0.000010
0.000010 0.033152 0.000010 0.103338 0.000010 0.000010 0.000010 0.000010 0.000010 0.000010 0.400122 0.000010 0.317820 0.000010 0.145439 0.000010 0.000010 0.000010
0.999830 0.000010 0.000010 0.000010 0.000010 0.000010 0.000010 0.000010 0.000010 0.000010 0.000010 0.000010 0.000010 0.000010 0.000010 0.000010 0.000010 0.000010
0.000010 0.000010 0.320537 0.000010 0.000010 0.000010 0.000010 0.000010 0.000010 0.000010 0.422038 0.000010 0.107985 0.000010 0.149300 0.000010 0.000010 0.000010
0.000010 0.535495 0.000010 0.000010 0.000010 0.000010 0.000010 0.000010 0.000010 0.000010 0.000010 0.000010 0.162450 0.301905 0.000010 0.000010 0.000010 0.000010
0.000010 0.000010 0.208849 0.000010 0.177243 0.000010 0.000010 0.000010 0.000010 0.000010 0.000010 0.000010 0.000010 0.000010 0.154686 0.459082 0.000010 0.000010
0.188849 0.000010 0.000010 0.000010 0.000010 0.000010 0.785340 0.000010 0.000010 0.000010 0.000010 0.000010 0.000010 0.000010 0.000010 0.000010 0.025661 0.000010
0.999830 0.000010 0.000010 0.000010 0.000010 0.000010 0.000010 0.000010 0.000010 0.000010 0.000010 0.000010 0.000010 0.000010 0.000010 0.000010 0.000010 0.000010
0.000010 0.177006 0.000010 0.061783 0.000010 0.000010 0.000010 0.000010 0.000010 0.000010 0.000010 0.000010 0.145698 0.566371 0.049012 0.000010 0.000010 0.000010
0.000010 0.000010 0.165207 0.132510 0.058103 0.000010 0.000010 0.231244 0.000010 0.000010 0.000010 0.224854 0.000010 0.000010 0.000010 0.126371 0.061601 0.000010
0.000010 0.000010 0.000010 0.000010 0.071054 0.000010 0.887834 0.000010 0.000010 0.000010 0.000010 0.000010 0.000010 0.000010 0.040962 0.000010 0.000010 0.000010
0.000010 0.016302 0.063509 0.000010 0.162805 0.000010 0.000010 0.000010 0.000010 0.000010 0.280529 0.043349 0.283566 0.000010 0.000010 0.004692 0.145148 0.000010
0.000010 0.000010 0.000010 0.000010 0.000010 0.999830 0.000010 0.000010 0.000010 0.000010 0.000010 0.000010 0.000010 0.000010 0.000010 0.000010 0.000010 0.000010
0.000010 0.000010 0.000010 0.000010 0.000010 0.145481 0.506133 0.000010 0.157977 0.190269 0.000010 0.000010 0.000010 0.000010 0.000010 0.000010 0.000010 0.000010
0.000010 0.000010 0.325162 0.133610 0.000010 0.000010 0.000010 0.201525 0.000010 0.000010 0.000010 0.124195 0.000010 0.000010 0.215378 0.000010 0.000010 0.000010
0.000010 0.000010 0.000010 0.999830 0.000010 0.000010 0.000010 0.000010 0.000010 0.000010 0.000010 0.000010 0.000010 0.000010 0.000010 0.000010 0.000010 0.000010
0.000010 0.000010 0.000010 0.163040 0.000010 0.000010 0.000010 0.766769 0.000010 0.000010 0.000010 0.000010 0.070041 0.000010 0.000010 0.000010 0.000010 0.000010
0.000010 0.000010 0.000010 0.000010 0.000010 0.000010 0.000010 0.000010 0.000010 0.461334 0.000010 0.000010 0.538506 0.000010 0.000010 0.000010 0.000010 0.000010
0.000010 0.000010 0.000010 0.381376 0.618464 0.000010 0.000010 0.000010 0.000010 0.000010 0.000010 0.000010 0.000010 0.000010 0.000010 0.000010 0.000010 0.000010
0.000010 0.000010 0.000010 0.000010 0.000010 0.000010 0.000010 0.000010 0.000010 0.000010 0.000010 0.778420 0.177414 0.044016 0.000010 0.000010 0.000010 0.000010
0.000010 0.000010 0.120487 0.000010 0.000010 0.000010 0.000010 0.235209 0.000010 0.000010 0.272027 0.156861 0.075466 0.000010 0.000010 0.000010 0.028902 0.110939
0.000010 0.000010 0.020266 0.275773 0.093500 0.000010 0.000010 0.000010 0.000010 0.000010 0.000010 0.099204 0.213660 0.000010 0.286886 0.000010 0.000010 0.010602
0.000010 0.000010 0.000010 0.325786 0.000010 0.000010 0.000010 0.000010 0.000010 0.000010 0.674053 0.000010 0.000010 0.000010 0.000010 0.000010 0.000010 0.000010
0.000010 0.000010 0.000010 0.000010 0.000010 0.000010 0.000010 0.000010 0.000010 0.000010 0.134783 0.000010 0.000010 0.000010 0.000010 0.865057 0.000010 0.000010
0.014117 0.000010 0.157192 0.000010 0.000010 0.000010 0.000010 0.336946 0.000010 0.000010 0.000010 0.000010 0.206081 0.170980 0.000010 0.000010 0.000010 0.114564
0.000010 0.000010 0.000010 0.000010 0.000010 0.999830 0.000010 0.000010 0.000010 0.000010 0.000010 0.000010 0.000010 0.000010 0.000010 0.000010 0.000010 0.000010
0.000010 0.729656 0.000010 0.047226 0.000010 0.000010 0.000010 0.000010 0.000010 0.000010 0.000010 0.104939 0.000010 0.000010 0.000010 0.000010 0.000010 0.118039
0.000010 0.000010 0.000010 0.000010 0.000010 0.000010 0.000010 0.209450 0.000010 0.000010 0.012089 0.305847 0.200766 0.000010 0.000010 0.000010 0.000010 0.271718
0.000010 0.051210 0.000010 0.046786 0.000010 0.000010 0.000010 0.000010 0.000010 0.000010 0.147651 0.068330 0.000010 0.000010 0.306157 0.379746 0.000010 0.000010
0.000010 0.213340 0.000013 0.000010 0.292859 0.000010 0.000010 0.000010 0.000010 0.000010 0.004544 0.000010 0.000011 0.000010 0.000010 0.000010 0.000010 0.489113
0.000010 0.000010 0.151353 0.000010 0.001172 0.000010 0.000010 0.000010 0.000010 0.000010 0.000010 0.000010 0.000010 0.369485 0.000010 0.000010 0.477849 0.000010
0.000010 0.240304 0.000010 0.000010 0.414918 0.000010 0.000010 0.250752 0.000010 0.000010 0.000010 0.000010 0.000010 0.000010 0.000010 0.000010 0.093885 0.000010
0.000010 0.000010 0.000010 0.000010 0.000010 0.000010 0.000010 0.000010 0.000010 0.999830 0.000010 0.000010 0.000010 0.000010 0.000010 0.000010 0.000010 0.000010
0.000010 0.000010 0.000010 0.000010 0.000010 0.332030 0.646377 0.000010 0.000010 0.000010 0.000010 0.000010 0.000010 0.000010 0.000010 0.000010 0.000010 0.021443
0.000010 0.000010 0.000010 0.000010 0.000010 0.000010 0.765412 0.000010 0.234428 0.000010 0.000010 0.000010 0.000010 0.000010 0.000010 0.000010 0.000010 0.000010
0.000010 0.000010 0.000010 0.000010 0.000010 0.000010 0.308106 0.000010 0.000010 0.592607 0.000010 0.000010 0.000010 0.000010 0.000010 0.000010 0.000010 0.099136
0.394711 0.000010 0.000010 0.041482 0.000010 0.000010 0.093633 0.000010 0.288676 0.181368 0.000010 0.000010 0.000010 0.000010 0.000010 0.000010 0.000010 0.000010
0.000010 0.000010 0.274592 0.000010 0.000010 0.000010 0.000010 0.000010 0.000010 0.000010 0.000010 0.080490 0.000010 0.000010 0.644767 0.000010 0.000010 0.000010
0.511088 0.000010 0.000010 0.000010 0.000010 0.000010 0.000010 0.000010 0.334250 0.154512 0.000010 0.000010 0.000010 0.000010 0.000010 0.000010 0.000010 0.000010
0.000010 0.000010 0.000010 0.000010 0.000010 0.000010 0.000010 0.000010 0.999830 0.000010 0.000010 0.000010 0.000010 0.000010 0.000010 0.000010 0.000010 0.000010
0.000010 0.000010 0.000010 0.000010 0.000010 0.000010 0.999830 0.000010 0.000010 0.000010 0.000010 0.000010 0.000010 0.000010 0.000010 0.000010 0.000010 0.000010
0.000010 0.000010 0.000010 0.000010 0.000010 0.000010 0.071084 0.000010 0.570712 0.358053 0.000010 0.000010 0.000010 0.000010 0.000010 0.000010 0.000010 0.000010
0.105672 0.000010 0.000010 0.000010 0.000010 0.000010 0.000010 0.000010 0.451411 0.442767 0.000010 0.000010 0.000010 0.000010 0.000010 0.000010 0.000010 0.000010
0.140634 0.000010 0.000010 0.000010 0.000010 0.313123 0.106031 0.000010 0.000010 0.440072 0.000010 0.000010 0.000010 0.000010 0.000010 0.000010 0.000010 0.000010
0.000010 0.000010 0.000010 0.000010 0.000010 0.000010 0.000010 0.000010 0.999830 0.000010 0.000010 0.000010 0.000010 0.000010 0.000010 0.000010 0.000010 0.000010
0.000010 0.000010 0.000010 0.000010 0.000010 0.000010 0.000010 0.000010 0.000010 0.000010 0.999830 0.000010 0.000010 0.000010 0.000010 0.000010 0.000010 0.000010
0.000010 0.000010 0.000010 0.220998 0.000010 0.000010 0.000010 0.000010 0.000010 0.000010 0.778842 0.000010 0.000010 0.000010 0.000010 0.000010 0.000010 0.000010
0.000010 0.000010 0.000010 0.000010 0.000010 0.000010 0.000010 0.000010 0.000010 0.000010 0.000010 0.000010 0.000010 0.000010 0.000010 0.000010 0.000010 0.999830
0.000010 0.000010 0.000010 0.131611 0.000010 0.000010 0.000010 0.672207 0.000010 0.000010 0.000010 0.000010 0.196032 0.000010 0.000010 0.000010 0.000010 0.000010
0.000010 0.000010 0.000010 0.044942 0.000010 0.000010 0.000010 0.000010 0.000010 0.000010 0.000010 0.000010 0.000010 0.000010 0.000010 0.954898 0.000010 0.000010
0.000010 0.152236 0.000010 0.000010 0.000010 0.000010 0.000010 0.000010 0.000010 0.000010 0.161488 0.000010 0.000010 0.686126 0.000010 0.000010 0.000010 0.000010
0.000010 0.000010 0.000010 0.000010 0.000010 0.000010 0.000010 0.000010 0.000010 0.000010 0.000010 0.000010 0.415502 0.584338 0.000010 0.000010 0.000010 0.000010
0.000010 0.000010 0.000010 0.000010 0.395532 0.000010 0.000010 0.000010 0.000010 0.000010 0.213052 0.181017 0.000010 0.000010 0.000010 0.154123 0.051010 0.005147
0.000010 0.000010 0.000019 0.000010 0.182559 0.000010 0.000010 0.000010 0.000010 0.000010 0.000010 0.000010 0.237257 0.000010 0.201110 0.000010 0.000010 0.378925
0.000010 0.000010 0.000010 0.000010 0.000010 0.000010 0.000010 0.008972 0.000010 0.000010 0.069934 0.000010 0.174183 0.000010 0.000010 0.233089 0.513691 0.000010
0.000010 0.000010 0.000010 0.999830 0.000010 0.000010 0.000010 0.000010 0.000010 0.000010 0.000010 0.000010 0.000010 0.000010 0.000010 0.000010 0.000010 0.000010
0.132423 0.000010 0.000010 0.000010 0.000010 0.000010 0.000010 0.000010 0.867417 0.000010 0.000010 0.000010 0.000010 0.000010 0.000010 0.000010 0.000010 0.000010
0.000010 0.084175 0.000010 0.092547 0.000010 0.000010 0.000010 0.002498 0.000010 0.000010 0.126775 0.009082 0.101262 0.181561 0.000010 0.000010 0.368753 0.033257
0.000010 0.000010 0.000010 0.026351 0.000010 0.000010 0.000010 0.028168 0.014046 0.000010 0.286132 0.000010 0.341581 0.000010 0.000010 0.000010 0.000010 0.303602
0.000010 0.000010 0.000010 0.000010 0.995779 0.000010 0.000010 0.000010 0.000010 0.000010 0.000010 0.000010 0.000010 0.000010 0.004061 0.000010 0.000010 0.000010
0.000010 0.000010 0.000010 0.000010 0.000010 0.299401 0.000010 0.000010 0.000010 0.700439 0.000010 0.000010 0.000010 0.000010 0.000010 0.000010 0.000010 0.000010
0.255293 0.000010 0.000010 0.000010 0.000010 0.000010 0.000010 0.000010 0.744547 0.000010 0.000010 0.000010 0.000010 0.000010 0.000010 0.000010 0.000010 0.000010
0.000010 0.000010 0.000010 0.000010 0.000010 0.999830 0.000010 0.000010 0.000010 0.000010 0.000010 0.000010 0.000010 0.000010 0.000010 0.000010 0.000010 0.000010
0.000010 0.000010 0.000010 0.000010 0.202411 0.000010 0.000010 0.151242 0.000010 0.000010 0.000010 0.212935 0.000010 0.124443 0.000010 0.073076 0.000010 0.235774
0.000010 0.000010 0.842673 0.000010 0.000010 0.000010 0.000010 0.000010 0.000010 0.000010 0.000010 0.000010 0.000010 0.000010 0.000010 0.000010 0.157167 0.000010
0.000010 0.000010 0.000010 0.000010 0.000010 0.000010 0.000010 0.444514 0.000010 0.000010 0.155457 0.000010 0.000010 0.111391 0.179244 0.051617 0.000010 0.057657
0.004085 0.157790 0.107397 0.000010 0.000010 0.000010 0.000010 0.281478 0.000010 0.000010 0.012002 0.000010 0.151872 0.000010 0.000010 0.285265 0.000010 0.000010
0.000010 0.000010 0.000010 0.000010 0.000010 0.000010 0.999828 0.000010 0.000012 0.000010 0.000010 0.000010 0.000010 0.000010 0.000010 0.000010 0.000010 0.000010
0.000010 0.000010 0.000010 0.168589 0.000010 0.003021 0.000010 0.007242 0.000010 0.000010 0.225890 0.079150 0.101568 0.000010 0.000010 0.208654 0.128848 0.076948
0.000010 0.180492 0.000010 0.000010 0.000010 0.000010 0.000010 0.000010 0.000010 0.000010 0.115591 0.000010 0.284915 0.000010 0.115711 0.000010 0.303160 0.000010
0.000010 0.000010 0.000010 0.040514 0.059769 0.000010 0.000010 0.318373 0.000010 0.000010 0.082261 0.237602 0.000010 0.000016 0.000010 0.000010 0.261355 0.000010
0.000010 0.000010 0.000010 0.000010 0.000010 0.000010 0.000010 0.000010 0.000010 0.000010 0.000010 0.188075 0.312632 0.000010 0.000010 0.000010 0.383448 0.115704
0.000010 0.000010 0.000010 0.000010 0.000010 0.000010 0.446667 0.000010 0.553172 0.000010 0.000010 0.000010 0.000010 0.000010 0.000010 0.000010 0.000010 0.000010
0.000010 0.000010 0.000010 0.000010 0.000010 0.999830 0.000010 0.000010 0.000010 0.000010 0.000010 0.000010 0.000010 0.000010 0.000010 0.000010 0.000010 0.000010
0.000010 0.403574 0.000010 0.000010 0.012085 0.000010 0.000010 0.000010 0.000010 0.000010 0.000010 0.584191 0.000010 0.000010 0.000010 0.000010 0.000010 0.000010
0.000010 0.000010 0.000010 0.000010 0.000010 0.000010 0.000010 0.078202 0.002819 0.000010 0.000010 0.148035 0.126955 0.084432 0.217819 0.053946 0.000010 0.287691
0.000010 0.000010 0.000010 0.000010 0.000010 0.000010 0.000010 0.000010 0.000010 0.999830 0.000010 0.000010 0.000010 0.000010 0.000010 0.000010 0.000010 0.000010
0.000010 0.108866 0.000010 0.059889 0.000010 0.000010 0.024065 0.000010 0.000010 0.000010 0.000010 0.000010 0.000010 0.030884 0.000010 0.621274 0.000010 0.154902
0.000010 0.000010 0.172427 0.331535 0.000010 0.000010 0.000010 0.000010 0.007798 0.013405 0.257947 0.000010 0.000010 0.000010 0.066320 0.150459 0.000010 0.000010
0.000010 0.000010 0.000010 0.338301 0.138931 0.000010 0.000010 0.000010 0.000010 0.000010 0.000010 0.000010 0.000010 0.000010 0.000010 0.522618 0.000010 0.000010
0.000010 0.000010 0.000010 0.000010 0.000010 0.999830 0.000010 0.000010 0.000010 0.000010 0.000010 0.000010 0.000010 0.000010 0.000010 0.000010 0.000010 0.000010
0.000010 0.000010 0.000010 0.000010 0.000010 0.000010 0.000010 0.999830 0.000010 0.000010 0.000010 0.000010 0.000010 0.000010 0.000010 0.000010 0.000010 0.000010
0.006897 0.000010 0.000010 0.000010 0.091631 0.000010 0.000010 0.210980 0.000010 0.000010 0.000010 0.290165 0.041380 0.000010 0.000010 0.066234 0.190640 0.101972
0.000010 0.000010 0.220996 0.000010 0.000010 0.000010 0.000010 0.000010 0.000010 0.000010 0.000010 0.175734 0.000010 0.000010 0.000010 0.520341 0.082789 0.000010
0.000010 0.668891 0.000010 0.000010 0.000010 0.000010 0.000010 0.256469 0.000010 0.022042 0.052458 0.000010 0.000010 0.000010 0.000010 0.000010 0.000010 0.000010
0.622704 0.000010 0.000010 0.000010 0.000010 0.377126 0.000010 0.000010 0.000010 0.000020 0.000010 0.000010 0.000010 0.000010 0.000010 0.000010 0.000010 0.000010
0.886101 0.000010 0.000010 0.000010 0.000010 0.000010 0.000010 0.000010 0.113739 0.000010 0.000010 0.000010 0.000010 0.000010 0.000010 0.000010 0.000010 0.000010
0.576265 0.021616 0.000010 0.000010 0.000010 0.401970 0.000010 0.000010 0.000010 0.000010 0.000010 0.000010 0.000010 0.000010 0.000010 0.000010 0.000010 0.000010
0.000010 0.252769 0.354999 0.000010 0.152373 0.000010 0.000010 0.000010 0.000010 0.000010 0.139808 0.099923 0.000010 0.000010 0.000010 0.000010 0.000010 0.000010
0.000010 0.368339 0.000010 0.102796 0.067333 0.000010 0.000010 0.000010 0.000010 0.000010 0.000010 0.000010 0.033438 0.000010 0.000010 0.000010 0.000010 0.427965
0.000010 0.000010 0.000016 0.060865 0.550474 0.000010 0.000010 0.000010 0.000010 0.000010 0.000010 0.000010 0.000010 0.000010 0.000010 0.340285 0.000010 0.048231
0.000010 0.000010 0.000010 0.999830 0.000010 0.000010 0.000010 0.000010 0.000010 0.000010 0.000010 0.000010 0.000010 0.000010 0.000010 0.000010 0.000010 0.000010
0.000010 0.000010 0.999830 0.000010 0.000010 0.000010 0.000010 0.000010 0.000010 0.000010 0.000010 0.000010 0.000010 0.000010 0.000010 0.000010 0.000010 0.000010
0.000010 0.000010 0.388061 0.000010 0.520392 0.000010 0.000010 0.000010 0.000010 0.000010 0.000010 0.091397 0.000010 0.000010 0.000010 0.000010 0.000010 0.000010
0.000010 0.000010 0.448690 0.025981 0.000010 0.000010 0.000010 0.000010 0.000010 0.445671 0.079519 0.000010 0.000010 0.000010 0.000010 0.000010 0.000010 0.000010
0.006118 0.000010 0.000010 0.005812 0.000010 0.000010 0.000010 0.291102 0.000010 0.000010 0.000010 0.247802 0.164562 0.073720 0.000010 0.000010 0.000010 0.210774
0.000010 0.000010 0.000010 0.007764 0.000010 0.000010 0.000010 0.384755 0.000010 0.000010 0.000010 0.000010 0.256047 0.000010 0.000010 0.348531 0.000010 0.002774
0.000010 0.000010 0.000016 0.000010 0.000010 0.000010 0.000010 0.000010 0.000010 0.000010 0.000010 0.000010 0.469479 0.000010 0.000010 0.000010 0.000010 0.530355
0.000010 0.008005 0.080380 0.115855 0.180894 0.000010 0.000010 0.233959 0.000010 0.000010 0.000010 0.077677 0.000010 0.000010 0.220137 0.082993 0.000010 0.000010
0.000010 0.000010 0.000010 0.000010 0.072111 0.000010 0.000010 0.158418 0.000010 0.000010 0.000010 0.000010 0.000010 0.000010 0.000010 0.000010 0.000010 0.769322
0.000010 0.000010 0.000010 0.000010 0.000010 0.000010 0.000010 0.000010 0.000010 0.000010 0.999830 0.000010 0.000010 0.000010 0.000010 0.000010 0.000010 0.000010
0.000010 0.000010 0.000010 0.000010 0.000010 0.000010 0.000010 0.000010 0.000010 0.000010 0.000010 0.232230 0.513555 0.000010 0.000010 0.000010 0.254065 0.000010
0.000010 0.000010 0.000010 0.176609 0.000010 0.000010 0.000010 0.599790 0.000010 0.000010 0.000010 0.000010 0.000010 0.000010 0.000010 0.147327 0.000010 0.076133
0.000010 0.000010 0.000010 0.000010 0.000010 0.000010 0.000010 0.300390 0.000010 0.000010 0.136756 0.008893 0.229535 0.000010 0.000010 0.000010 0.324295 0.000010
0.000010 0.108537 0.160041 0.000010 0.279628 0.000010 0.000010 0.046328 0.000010 0.000010 0.231902 0.000010 0.000010 0.000010 0.000010 0.000010 0.000010 0.173445
0.000010 0.000010 0.000010 0.072154 0.000010 0.000010 0.000010 0.219355 0.000010 0.078481 0.000010 0.000010 0.467652 0.000010 0.000010 0.000010 0.000010 0.162229
0.000010 0.205239 0.205826 0.000010 0.000010 0.000010 0.000010 0.000010 0.000010 0.000010 0.137802 0.450993 0.000010 0.000010 0.000010 0.000010 0.000010 0.000010
0.000010 0.000010 0.000010 0.000010 0.000010 0.678514 0.321326 0.000010 0.000010 0.000010 0.000010 0.000010 0.000010 0.000010 0.000010 0.000010 0.000010 0.000010
0.000010 0.000010 0.000010 0.000010 0.000010 0.000010 0.314624 0.000010 0.685216 0.000010 0.000010 0.000010 0.000010 0.000010 0.000010 0.000010 0.000010 0.000010
0.000010 0.367545 0.000010 0.213512 0.000010 0.000010 0.000010 0.282135 0.000010 0.000010 0.000010 0.000010 0.000010 0.000010 0.000010 0.000010 0.000010 0.136669
0.000010 0.000010 0.000010 0.000010 0.000010 0.000010 0.000010 0.000010 0.000010 0.000010 0.000010 0.000010 0.000010 0.999830 0.000010 0.000010 0.000010 0.000010
0.000010 0.000010 0.167745 0.086254 0.118695 0.000010 0.000010 0.000010 0.000010 0.000010 0.073625 0.000010 0.329999 0.121936 0.101636 0.000010 0.000010 0.000010
0.000010 0.000010 0.000010 0.406422 0.000010 0.000010 0.000010 0.000010 0.000010 0.000010 0.000010 0.060195 0.000010 0.000010 0.236345 0.000010 0.000010 0.296898
0.000010 0.000010 0.802390 0.000010 0.000010 0.000010 0.000010 0.000010 0.000010 0.000010 0.000010 0.000010 0.000010 0.000010 0.000010 0.000010 0.197450 0.000010
0.000010 0.000010 0.999830 0.000010 0.000010 0.000010 0.000010 0.000010 0.000010 0.000010 0.000010 0.000010 0.000010 0.000010 0.000010 0.000010 0.000010 0.000010
0.000010 0.000010 0.000010 0.065663 0.256292 0.000010 0.000010 0.000010 0.000010 0.000010 0.206122 0.218705 0.000010 0.000010 0.000010 0.000010 0.253089 0.000010
0.000010 0.000010 0.135158 0.169936 0.000010 0.000010 0.000010 0.346128 0.000010 0.000010 0.000010 0.348638 0.000010 0.000010 0.000010 0.000010 0.000010 0.000010
0.000010 0.000010 0.000010 0.000010 0.000010 0.000010 0.000010 0.000010 0.000010 0.000010 0.999830 0.000010 0.000010 0.000010 0.000010 0.000010 0.000010 0.000010
0.000010 0.000010 0.000010 0.000010 0.786869 0.000010 0.000010 0.000010 0.000010 0.000010 0.000010 0.000010 0.000010 0.212971 0.000010 0.000010 0.000010 0.000010
0.000010 0.601787 0.000010 0.100391 0.000010 0.000010 0.000010 0.000010 0.000010 0.000010 0.000010 0.000010 0.190619 0.000010 0.107062 0.000010 0.000010 0.000010
0.999830 0.000010 0.000010 0.000010 0.000010 0.000010 0.000010 0.000010 0.000010 0.000010 0.000010 0.000010 0.000010 0.000010 0.000010 0.000010 0.000010 0.000010
0.000010 0.124953 0.000010 0.000010 0.000010 0.000010 0.000010 0.000010 0.000010 0.000010 0.000010 0.000010 0.000010 0.000010 0.000010 0.000010 0.874887 0.000010
0.000010 0.000010 0.000010 0.000010 0.226101 0.000010 0.000010 0.000010 0.000010 0.000010 0.773739 0.000010 0.000010 0.000010 0.000010 0.000010 0.000010 0.000010
0.000010 0.000010 0.000010 0.000010 0.000010 0.000010 0.000010 0.000010 0.969209 0.000010 0.030631 0.000010 0.000010 0.000010 0.000010 0.000010 0.000010 0.000010
0.000010 0.000010 0.000010 0.000010 0.000010 0.000010 0.000010 0.000010 0.000010 0.000010 0.182791 0.000010 0.000010 0.000010 0.143877 0.000010 0.000010 0.673183
0.000010 0.183480 0.174361 0.158509 0.000010 0.000010 0.000010 0.000010 0.000010 0.000010 0.301843 0.000010 0.144328 0.000010 0.000010 0.037359 0.000010 0.000010
0.000010 0.000010 0.000010 0.000010 0.000010 0.000010 0.000010 0.000010 0.000010 0.000010 0.782028 0.000010 0.217812 0.000010 0.000010 0.000010 0.000010 0.000010
0.000010 0.000010 0.000010 0.000010 0.000010 0.000010 0.000010 0.000010 0.999830 0.000010 0.000010 0.000010 0.000010 0.000010 0.000010 0.000010 0.000010 0.000010
0.000010 0.000010 0.000010 0.000010 0.000010 0.000010 0.000010 0.000010 0.000010 0.000010 0.000010 0.000010 0.000010 0.731645 0.268195 0.000010 0.000010 0.000010
0.005490 0.131994 0.255647 0.023884 0.307299 0.000010 0.000010 0.000010 0.000010 0.000010 0.000010 0.018986 0.000010 0.000010 0.000010 0.000010 0.000010 0.256588
0.000010 0.000016 0.000010 0.275576 0.000010 0.000010 0.000010 0.044172 0.000010 0.000010 0.000010 0.000010 0.091082 0.178434 0.000010 0.000010 0.410600 0.000010
0.000010 0.139710 0.000010 0.034187 0.000010 0.000010 0.000010 0.000010 0.000010 0.000010 0.000010 0.000010 0.000010 0.825953 0.000010 0.000010 0.000010 0.000010
0.000010 0.000010 0.000010 0.000010 0.000010 0.000010 0.000010 0.522812 0.000010 0.000010 0.000010 0.000010 0.000010 0.238164 0.238873 0.000010 0.000010 0.000010
0.000010 0.000010 0.000010 0.000010 0.000010 0.426580 0.000010 0.000010 0.195365 0.377905 0.000010 0.000010 0.000010 0.000010 0.000010 0.000010 0.000010 0.000010
0.435744 0.000010 0.000010 0.000010 0.000010 0.373232 0.000010 0.000010 0.190875 0.000010 0.000010 0.000010 0.000010 0.000010 0.000010 0.000010 0.000010 0.000010
0.000010 0.000010 0.000010 0.000010 0.000010 0.000010 0.999830 0.000010 0.000010 0.000010 0.000010 0.000010 0.000010 0.000010 0.000010 0.000010 0.000010 0.000010
0.189202 0.000010 0.000010 0.000010 0.000010 0.406120 0.404528 0.000010 0.000010 0.000010 0.000010 0.000010 0.000010 0.000010 0.000010 0.000010 0.000010 0.000010
0.000010 0.000010 0.000010 0.000010 0.406645 0.000010 0.000010 0.216363 0.000010 0.000010 0.172471 0.000010 0.000010 0.000010 0.000010 0.000010 0.000010 0.204381
0.000010 0.000010 0.000010 0.000010 0.000010 0.000010 0.000010 0.000010 0.499928 0.499912 0.000010 0.000010 0.000010 0.000010 0.000010 0.000010 0.000010 0.000010
0.000010 0.000010 0.000010 0.000010 0.000010 0.000010 0.669664 0.000010 0.000010 0.315600 0.000010 0.014586 0.000010 0.000010 0.000010 0.000010 0.000010 0.000010
0.000010 0.223379 0.000010 0.168590 0.000010 0.000010 0.015024 0.000010 0.000010 0.000010 0.081926 0.065801 0.000010 0.000010 0.417952 0.027219 0.000010 0.000010
