0.000010 0.530285 0.000010 0.000010 0.200168 0.000010 0.269507
0.000010 0.000010 0.477078 0.007954 0.036177 0.478761 0.000010
0.000010 0.376438 0.515426 0.000010 0.000010 0.000010 0.108096
0.999940 0.000010 0.000010 0.000010 0.000010 0.000010 0.000010
0.369064 0.438501 0.170776 0.000010 0.000010 0.000010 0.021630
0.000010 0.000010 0.000010 0.000010 0.000010 0.000010 0.999940
0.000010 0.000010 0.454084 0.027369 0.518507 0.000010 0.000010
0.043697 0.000010 0.091552 0.000010 0.464025 0.000010 0.400697
0.000010 0.243988 0.219317 0.000010 0.486317 0.000010 0.050348
0.000010 0.000010 0.000010 0.738895 0.261055 0.000010 0.000010
0.000010 0.000010 0.000010 0.999940 0.000010 0.000010 0.000010
0.000010 0.000010 0.000010 0.016095 0.000010 0.000010 0.983855
0.196585 0.000012 0.000010 0.000010 0.342253 0.345289 0.115841
0.000010 0.999940 0.000010 0.000010 0.000010 0.000010 0.000010
0.400401 0.000010 0.382910 0.000010 0.000010 0.096653 0.120006
0.490845 0.000010 0.152583 0.000010 0.356532 0.000010 0.000010
0.000010 0.000010 0.000010 0.999940 0.000010 0.000010 0.000010
0.000010 0.000010 0.000010 0.999940 0.000010 0.000010 0.000010
0.820805 0.000010 0.179145 0.000010 0.000010 0.000010 0.000010
0.000010 0.000010 0.000010 0.999940 0.000010 0.000010 0.000010
0.000010 0.000010 0.000010 0.475728 0.000010 0.408634 0.115598
0.494759 0.000010 0.000010 0.000010 0.505191 0.000010 0.000010
0.000010 0.000010 0.000010 0.999940 0.000010 0.000010 0.000010
0.000010 0.000010 0.000010 0.999940 0.000010 0.000010 0.000010
0.000010 0.000010 0.000010 0.999940 0.000010 0.000010 0.000010
0.282211 0.254986 0.180170 0.000010 0.000010 0.000010 0.282603
0.308552 0.000010 0.000010 0.000010 0.000010 0.276524 0.414884
0.000011 0.303780 0.231118 0.016914 0.245041 0.203125 0.000010
0.000010 0.000010 0.000010 0.000010 0.320122 0.506079 0.173759
0.000010 0.000010 0.013031 0.986919 0.000010 0.000010 0.000010
0.000010 0.000010 0.000010 0.999940 0.000010 0.000010 0.000010
0.000010 0.000010 0.000010 0.021462 0.000010 0.000010 0.978488
0.000010 0.000010 0.000010 0.999940 0.000010 0.000010 0.000010
0.628538 0.000010 0.000010 0.163898 0.000010 0.000010 0.207524
0.000010 0.986821 0.000010 0.013129 0.000010 0.000010 0.000010
0.102572 0.277636 0.331494 0.000516 0.208710 0.000010 0.079063
0.000010 0.000010 0.000010 0.999940 0.000010 0.000010 0.000010
0.000010 0.000010 0.000010 0.999940 0.000010 0.000010 0.000010
0.457200 0.000010 0.000010 0.000010 0.090454 0.060627 0.391689
0.000010 0.475244 0.000010 0.000010 0.479088 0.000010 0.045628
0.000010 0.000010 0.000010 0.000010 0.999940 0.000010 0.000010
0.254106 0.000010 0.000010 0.000010 0.000010 0.201827 0.544027
0.045579 0.049296 0.000010 0.905085 0.000010 0.000010 0.000010
0.000010 0.311385 0.196648 0.000010 0.491927 0.000010 0.000010
0.000010 0.000010 0.000010 0.999940 0.000010 0.000010 0.000010
0.000010 0.020699 0.176424 0.047722 0.547867 0.122461 0.084817
0.000010 0.000010 0.406844 0.010296 0.000010 0.250645 0.332185
0.000010 0.000010 0.000010 0.988341 0.000010 0.000010 0.011609
0.000010 0.000010 0.000010 0.999940 0.000010 0.000010 0.000010
0.000010 0.503275 0.000010 0.000010 0.444729 0.000010 0.051956
0.464630 0.000010 0.249334 0.000010 0.070979 0.215027 0.000010
0.335627 0.000010 0.199461 0.000010 0.000010 0.464873 0.000010
0.000010 0.000010 0.000010 0.900297 0.000010 0.000010 0.099653
0.000010 0.000010 0.000010 0.000010 0.680032 0.319918 0.000010
0.000010 0.000010 0.235280 0.000010 0.171045 0.268900 0.324744
0.127446 0.000010 0.000010 0.872498 0.000010 0.000016 0.000010
0.000010 0.000010 0.316972 0.000010 0.370411 0.268878 0.043709
0.000010 0.277917 0.479053 0.000010 0.000010 0.242989 0.000010
0.000010 0.484563 0.456122 0.000010 0.059275 0.000010 0.000010
0.132572 0.304463 0.053816 0.000010 0.203543 0.305586 0.000010
0.000010 0.541356 0.000010 0.000010 0.330337 0.128266 0.000010
0.421869 0.043053 0.000010 0.000010 0.263733 0.271315 0.000010
0.000010 0.999940 0.000010 0.000010 0.000010 0.000010 0.000010
0.000010 0.118104 0.000010 0.000011 0.881845 0.000010 0.000010
0.233205 0.000010 0.000010 0.000010 0.000010 0.000010 0.766745
0.000010 0.000010 0.000010 0.989161 0.000010 0.010789 0.000010
0.128978 0.058335 0.473634 0.000010 0.000010 0.252198 0.086834
0.283358 0.187382 0.273415 0.008737 0.000010 0.247087 0.000010
0.000010 0.000010 0.000010 0.000010 0.999940 0.000010 0.000010
0.000010 0.000010 0.999940 0.000010 0.000010 0.000010 0.000010
0.403256 0.000010 0.000010 0.000010 0.000010 0.017050 0.579654
0.251682 0.059127 0.039885 0.000010 0.000010 0.308647 0.340639
0.000010 0.000010 0.229164 0.000010 0.516688 0.254108 0.000010
0.069130 0.234316 0.159485 0.000010 0.298352 0.238697 0.000010
0.394413 0.000010 0.000010 0.000010 0.507230 0.000010 0.098317
0.000010 0.000010 0.000010 0.000010 0.574649 0.164551 0.260760
0.000010 0.000010 0.000010 0.999936 0.000014 0.000010 0.000010
0.000010 0.000010 0.000010 0.999940 0.000010 0.000010 0.000010
0.000010 0.000010 0.000010 0.994516 0.005434 0.000010 0.000010
0.000010 0.000010 0.000010 0.104163 0.000010 0.000010 0.895787
0.000016 0.171286 0.426239 0.016609 0.194991 0.190850 0.000010
0.000010 0.000010 0.000010 0.999940 0.000010 0.000010 0.000010
0.000010 0.000010 0.000010 0.999940 0.000010 0.000010 0.000010
0.179578 0.168288 0.243746 0.000010 0.124974 0.166671 0.116732
0.000010 0.000010 0.000010 0.999940 0.000010 0.000010 0.000010
0.000010 0.034427 0.000010 0.965523 0.000010 0.000010 0.000010
0.000010 0.373976 0.146751 0.000010 0.479233 0.000010 0.000010
0.000010 0.000010 0.000010 0.999940 0.000010 0.000010 0.000010
0.307984 0.683722 0.000010 0.008254 0.000010 0.000010 0.000010
0.000010 0.000010 0.075005 0.000010 0.237147 0.000010 0.687807
0.000010 0.000010 0.000010 0.999940 0.000010 0.000010 0.000010
0.000010 0.000010 0.414570 0.246955 0.338435 0.000010 0.000010
0.000010 0.000010 0.294592 0.000010 0.275844 0.429524 0.000010
0.000010 0.000010 0.000010 0.999940 0.000010 0.000010 0.000010
0.323896 0.000010 0.000010 0.000010 0.329251 0.071401 0.275422
0.000010 0.000010 0.980735 0.019215 0.000010 0.000010 0.000010
0.000010 0.000010 0.000010 0.999940 0.000010 0.000010 0.000010
0.226410 0.000010 0.000010 0.026180 0.070783 0.000010 0.676597
0.000010 0.000010 0.551175 0.000010 0.000010 0.000010 0.448775
0.000010 0.111846 0.729362 0.000010 0.000014 0.158748 0.000010
0.442192 0.215590 0.121478 0.000010 0.220711 0.000010 0.000010
0.000010 0.000010 0.470447 0.000010 0.529503 0.000010 0.000010
0.000010 0.105044 0.312155 0.000010 0.326498 0.000010 0.256272
0.000010 0.000010 0.283157 0.000010 0.523356 0.000010 0.193447
0.000010 0.544185 0.129547 0.000010 0.326229 0.000010 0.000010
0.000010 0.425719 0.177488 0.000010 0.164033 0.232731 0.000010
0.055454 0.044411 0.000010 0.000010 0.397169 0.266658 0.236288
0.000010 0.006216 0.000010 0.993734 0.000010 0.000010 0.000010
0.193464 0.148178 0.000010 0.000010 0.426347 0.140720 0.091271
0.000010 0.306149 0.031709 0.000010 0.349455 0.050809 0.261857
0.000010 0.251104 0.187241 0.000010 0.137661 0.351294 0.072680
0.000010 0.000010 0.036866 0.963084 0.000010 0.000010 0.000010
0.000010 0.000010 0.008754 0.991191 0.000010 0.000014 0.000010
0.000010 0.000010 0.000010 0.000011 0.489182 0.351838 0.158939
0.009368 0.199274 0.000010 0.000010 0.024428 0.363951 0.402958
0.000010 0.124997 0.000010 0.874953 0.000010 0.000010 0.000010
0.000010 0.250293 0.000010 0.000010 0.107063 0.210501 0.432112
0.000010 0.000010 0.002435 0.997515 0.000010 0.000010 0.000010
0.000010 0.000010 0.000010 0.999940 0.000010 0.000010 0.000010
0.000010 0.284454 0.000010 0.000010 0.000010 0.325791 0.389715
0.000010 0.000010 0.562782 0.000010 0.000010 0.055946 0.381232
0.000010 0.324726 0.347306 0.000010 0.000010 0.327928 0.000010
0.520255 0.000010 0.000010 0.479695 0.000010 0.000010 0.000010
0.999940 0.000010 0.000010 0.000010 0.000010 0.000010 0.000010
0.481338 0.000010 0.514552 0.004070 0.000010 0.000010 0.000010
0.000010 0.000010 0.575881 0.000010 0.114772 0.071691 0.237626
0.278560 0.000010 0.346433 0.000010 0.004263 0.268129 0.102596
0.000010 0.000010 0.000010 0.000010 0.000010 0.575713 0.424237
0.999940 0.000010 0.000010 0.000010 0.000010 0.000010 0.000010
0.359432 0.000010 0.000010 0.017004 0.000010 0.239546 0.383988
0.000010 0.027462 0.000010 0.972488 0.000010 0.000010 0.000010
0.603504 0.000010 0.193217 0.000010 0.000010 0.203239 0.000010
0.000010 0.000010 0.410278 0.000010 0.419497 0.000010 0.170185
0.000010 0.195825 0.804122 0.000010 0.000014 0.000010 0.000010
0.128966 0.000010 0.000010 0.000010 0.870984 0.000010 0.000010
0.000010 0.000010 0.000010 0.000010 0.427287 0.411921 0.160752
0.178671 0.000010 0.497309 0.000010 0.000010 0.267375 0.056616
0.000010 0.000010 0.000010 0.999940 0.000010 0.000010 0.000010
0.000011 0.000010 0.000010 0.978234 0.000010 0.000010 0.021715
0.000010 0.000010 0.000010 0.999940 0.000010 0.000010 0.000010
0.000010 0.000010 0.000010 0.886967 0.112983 0.000010 0.000010
0.047042 0.000010 0.000010 0.952908 0.000010 0.000010 0.000010
0.151751 0.000010 0.023208 0.000010 0.043949 0.499786 0.281286
0.005727 0.000010 0.000010 0.994223 0.000010 0.000010 0.000010
0.000010 0.000011 0.000010 0.999938 0.000010 0.000011 0.000010
0.000010 0.000010 0.000010 0.999940 0.000010 0.000010 0.000010
0.000010 0.000010 0.000010 0.999940 0.000010 0.000010 0.000010
0.000010 0.000010 0.000010 0.999940 0.000010 0.000010 0.000010
0.000010 0.000012 0.000011 0.999933 0.000015 0.000010 0.000010
0.000010 0.000010 0.000010 0.999940 0.000010 0.000010 0.000010
0.000010 0.035695 0.000010 0.006651 0.548156 0.000010 0.409467
0.999940 0.000010 0.000010 0.000010 0.000010 0.000010 0.000010
0.000010 0.000010 0.999940 0.000010 0.000010 0.000010 0.000010
0.000010 0.027245 0.000010 0.005950 0.000010 0.443023 0.523752
0.146786 0.000010 0.379084 0.000010 0.000010 0.328817 0.145284
0.289210 0.000010 0.195254 0.000010 0.283388 0.000010 0.232118
0.112218 0.001879 0.180073 0.000010 0.143377 0.372893 0.189550
0.394003 0.015691 0.000010 0.000010 0.400125 0.190151 0.000010
0.345650 0.000010 0.000010 0.000010 0.000010 0.427838 0.226472
0.000010 0.174177 0.514391 0.000010 0.000010 0.311393 0.000010
0.325193 0.000010 0.208303 0.005854 0.000010 0.460620 0.000010
0.010306 0.000010 0.000010 0.989644 0.000010 0.000010 0.000010
0.154541 0.033846 0.059257 0.000010 0.251422 0.249027 0.251896
0.000010 0.000010 0.271275 0.013931 0.409747 0.000010 0.305017
0.225781 0.000010 0.000010 0.000010 0.000010 0.000010 0.774169
0.000010 0.000010 0.000010 0.993959 0.005991 0.000010 0.000010
0.000010 0.000010 0.000010 0.999940 0.000010 0.000010 0.000010
0.000010 0.000010 0.000010 0.969675 0.000010 0.030275 0.000010
0.190434 0.267185 0.000010 0.000010 0.464819 0.000010 0.077531
0.000010 0.000010 0.000010 0.000010 0.000010 0.999940 0.000010
0.000010 0.000010 0.512199 0.000010 0.000010 0.127020 0.360741
0.816803 0.009923 0.000010 0.000010 0.000010 0.000010 0.173234
0.000010 0.000010 0.000010 0.990412 0.009538 0.000010 0.000010
0.389929 0.000015 0.000010 0.004105 0.308919 0.189134 0.107886
0.000010 0.000010 0.000010 0.000010 0.566526 0.000010 0.433424
0.000010 0.182609 0.000010 0.000010 0.610701 0.206650 0.000010
0.000010 0.164522 0.345556 0.004812 0.482011 0.000010 0.003080
0.000012 0.000010 0.000010 0.999938 0.000010 0.000010 0.000010
0.000010 0.000010 0.000010 0.999940 0.000010 0.000010 0.000010
0.100072 0.347705 0.000010 0.004424 0.000010 0.000010 0.547769
0.292062 0.389399 0.000010 0.004208 0.314302 0.000010 0.000010
0.000010 0.000010 0.000010 0.994611 0.005339 0.000010 0.000010
0.257424 0.000010 0.491717 0.023149 0.000010 0.227680 0.000010
0.040845 0.259772 0.407676 0.021468 0.000010 0.185675 0.084555
0.190869 0.444321 0.192411 0.004089 0.000010 0.168291 0.000010
0.000010 0.000010 0.000010 0.999940 0.000010 0.000010 0.000010
0.349374 0.000010 0.650576 0.000010 0.000010 0.000010 0.000010
0.000010 0.310401 0.689548 0.000010 0.000010 0.000010 0.000010
0.663287 0.000010 0.144089 0.000010 0.000010 0.000010 0.192583
0.792355 0.000010 0.186896 0.020709 0.000010 0.000010 0.000010
0.000016 0.000010 0.000010 0.991079 0.000010 0.000010 0.008865
0.000010 0.000010 0.000010 0.999940 0.000010 0.000010 0.000010
0.000010 0.000010 0.033632 0.966318 0.000010 0.000010 0.000010
0.000010 0.000010 0.000010 0.000010 0.000010 0.220061 0.779889
0.664066 0.000010 0.000010 0.000010 0.019939 0.315955 0.000010
0.000010 0.669750 0.330200 0.000010 0.000010 0.000010 0.000010
0.999940 0.000010 0.000010 0.000010 0.000010 0.000010 0.000010
0.092331 0.210605 0.000010 0.007752 0.000010 0.336645 0.352647
0.004240 0.364924 0.070703 0.000010 0.000010 0.000010 0.560103
0.000010 0.000010 0.029049 0.434468 0.150900 0.141606 0.243957
0.068983 0.211305 0.522674 0.007906 0.000010 0.000010 0.189112
0.024970 0.304879 0.137343 0.000010 0.000010 0.209254 0.323533
0.000010 0.000010 0.000010 0.000010 0.087254 0.000010 0.912696
0.304660 0.382536 0.000010 0.000010 0.000010 0.157796 0.154978
0.000010 0.000010 0.450424 0.000010 0.549519 0.000017 0.000010
0.000010 0.000010 0.219170 0.000010 0.470628 0.000010 0.310162
0.110697 0.136221 0.306377 0.000010 0.328681 0.118004 0.000010
0.000010 0.332661 0.322332 0.000010 0.000010 0.000010 0.344967
0.018595 0.312513 0.000010 0.000010 0.190964 0.079503 0.398404
0.000010 0.044656 0.004346 0.000010 0.542388 0.188606 0.219984
0.284877 0.448429 0.000010 0.084309 0.000010 0.182356 0.000010
0.000010 0.000010 0.102838 0.000010 0.294729 0.000010 0.602393
0.000010 0.000010 0.000010 0.976490 0.023460 0.000010 0.000010
0.000010 0.000010 0.000010 0.999940 0.000010 0.000010 0.000010
0.013446 0.000010 0.741210 0.000010 0.245304 0.000010 0.000010
0.357122 0.000010 0.000010 0.000010 0.000010 0.642828 0.000010
0.423383 0.000010 0.441785 0.000010 0.134792 0.000010 0.000010
0.000010 0.311701 0.164650 0.000010 0.297019 0.000010 0.226600
0.123992 0.000010 0.000010 0.000010 0.000010 0.875958 0.000010
0.000010 0.000010 0.000014 0.000010 0.000010 0.000010 0.999936
0.369874 0.000010 0.114426 0.000010 0.462977 0.052692 0.000010
0.000010 0.504993 0.163499 0.000010 0.193043 0.000010 0.138435
0.188474 0.145508 0.000010 0.000010 0.665978 0.000010 0.000010
0.000010 0.332995 0.000010 0.000010 0.000010 0.290883 0.376081
0.824455 0.000010 0.072325 0.000010 0.018033 0.085158 0.000010
0.000010 0.000010 0.000010 0.999940 0.000010 0.000010 0.000010
0.107556 0.250942 0.142853 0.000010 0.389663 0.108966 0.000010
0.284908 0.000010 0.000010 0.000010 0.484538 0.000010 0.230514
0.000010 0.000010 0.030261 0.969689 0.000010 0.000010 0.000010
0.206349 0.209981 0.000011 0.000010 0.216494 0.000010 0.367145
0.072695 0.000010 0.175925 0.000010 0.296588 0.454763 0.000010
0.000010 0.000010 0.000010 0.000010 0.000010 0.000010 0.999940
0.000010 0.000010 0.000010 0.999940 0.000010 0.000010 0.000010
0.231611 0.000010 0.000010 0.000010 0.768339 0.000010 0.000010
0.000010 0.000010 0.000010 0.004254 0.733677 0.262029 0.000010
0.000010 0.000010 0.999940 0.000010 0.000010 0.000010 0.000010
0.407732 0.050604 0.028166 0.000010 0.000010 0.513468 0.000010
0.000010 0.598566 0.222855 0.000010 0.000010 0.178539 0.000010
0.000010 0.000010 0.000010 0.999940 0.000010 0.000010 0.000010
0.000010 0.000010 0.000010 0.999940 0.000010 0.000010 0.000010
0.000010 0.000010 0.000010 0.999940 0.000010 0.000010 0.000010
0.000010 0.000010 0.000010 0.999940 0.000010 0.000010 0.000010
0.121786 0.649909 0.000010 0.000010 0.004005 0.050135 0.174144
0.000010 0.000010 0.000010 0.999940 0.000010 0.000010 0.000010
0.000010 0.015532 0.000010 0.984418 0.000010 0.000010 0.000010
0.467104 0.255641 0.000010 0.018083 0.000010 0.163831 0.095321
0.000010 0.350173 0.649777 0.000010 0.000010 0.000010 0.000010
0.569493 0.000010 0.415553 0.014913 0.000010 0.000010 0.000010
0.246223 0.597991 0.000010 0.009803 0.145953 0.000010 0.000010
0.084910 0.157118 0.442324 0.000010 0.000010 0.253715 0.061914
0.000010 0.000010 0.539405 0.000010 0.000010 0.000010 0.460545
0.000010 0.258842 0.285884 0.000010 0.211781 0.243463 0.000010
0.331244 0.274942 0.077553 0.000010 0.000010 0.316230 0.000010
0.447601 0.000010 0.142603 0.000010 0.243476 0.166291 0.000010
0.000010 0.203153 0.000010 0.000010 0.000010 0.219620 0.577186
0.000010 0.000010 0.000010 0.012068 0.987882 0.000010 0.000010
0.351189 0.293431 0.000010 0.000010 0.000010 0.000010 0.355340
0.150223 0.171193 0.235708 0.000010 0.335358 0.007680 0.099827
0.000010 0.999940 0.000010 0.000010 0.000010 0.000010 0.000010
0.512362 0.000010 0.000010 0.032311 0.000010 0.000010 0.455286
0.142462 0.434900 0.264832 0.005720 0.000010 0.007715 0.144362
0.000010 0.999940 0.000010 0.000010 0.000010 0.000010 0.000010
0.065338 0.231485 0.379937 0.000010 0.073519 0.249702 0.000010
0.143179 0.000010 0.333859 0.000010 0.000010 0.000010 0.522921
0.705997 0.000010 0.000010 0.207469 0.000010 0.000010 0.086494
0.000593 0.000010 0.388798 0.000010 0.134982 0.116335 0.359272
0.229667 0.000010 0.523819 0.000010 0.246473 0.000010 0.000010
0.468264 0.000010 0.362137 0.000010 0.000010 0.000010 0.169559
0.000010 0.000010 0.192013 0.000010 0.000010 0.594675 0.213272
0.579573 0.000010 0.122944 0.000010 0.000010 0.000010 0.297443
0.152334 0.000010 0.441061 0.003931 0.000010 0.402644 0.000010
0.401905 0.520326 0.000010 0.000010 0.000010 0.000010 0.077729
0.000010 0.203555 0.036552 0.000010 0.000010 0.759854 0.000010
0.000010 0.000010 0.326420 0.000010 0.219536 0.195154 0.258860
0.000010 0.000010 0.538739 0.000010 0.000010 0.130579 0.330642
0.000010 0.000010 0.000010 0.000010 0.602039 0.397911 0.000010
0.363174 0.000010 0.000010 0.000010 0.542492 0.000010 0.094294
0.000010 0.063326 0.100134 0.000010 0.221465 0.377431 0.237624
0.000010 0.407153 0.000010 0.000010 0.507544 0.085263 0.000010
0.000010 0.404174 0.000014 0.000010 0.375053 0.076413 0.144326
0.000010 0.999940 0.000010 0.000010 0.000010 0.000010 0.000010
0.000010 0.406759 0.007102 0.000010 0.371836 0.214273 0.000010
0.000010 0.000010 0.000010 0.999940 0.000010 0.000010 0.000010
0.999940 0.000010 0.000010 0.000010 0.000010 0.000010 0.000010
0.000010 0.249732 0.289624 0.000010 0.216814 0.243801 0.000010
0.000010 0.037333 0.348873 0.000010 0.000010 0.294370 0.319394
0.194398 0.321390 0.056985 0.000010 0.271536 0.092133 0.063548
0.052861 0.000010 0.293767 0.000010 0.509842 0.143500 0.000010
0.140298 0.000010 0.000010 0.026152 0.390655 0.000010 0.442866
0.000010 0.531898 0.000010 0.000010 0.000010 0.371272 0.096791
0.000010 0.350629 0.000010 0.000010 0.222899 0.000010 0.426431
0.174719 0.000010 0.412044 0.025259 0.063755 0.324204 0.000010
0.000010 0.361951 0.236161 0.000010 0.000010 0.287616 0.114242
0.294816 0.000010 0.000010 0.000010 0.551746 0.153398 0.000010
0.552644 0.000010 0.000010 0.000010 0.000010 0.000010 0.447306
0.000010 0.000010 0.000010 0.999940 0.000010 0.000010 0.000010
0.000010 0.000010 0.000010 0.999940 0.000010 0.000010 0.000010
0.000010 0.308106 0.253740 0.000010 0.000010 0.132326 0.305798
0.000010 0.000010 0.999940 0.000010 0.000010 0.000010 0.000010
0.000010 0.000010 0.000010 0.996623 0.000010 0.003327 0.000010
0.000010 0.179991 0.454556 0.005485 0.000010 0.193433 0.166514
0.000010 0.000010 0.000010 0.000010 0.000010 0.000010 0.999940
0.000010 0.000010 0.095005 0.000010 0.641223 0.263732 0.000010
0.000010 0.234624 0.000010 0.000010 0.373213 0.298433 0.093700
0.403969 0.215204 0.000010 0.004967 0.375829 0.000010 0.000010
0.000010 0.320095 0.000010 0.000010 0.201428 0.478436 0.000010
0.000010 0.165665 0.726419 0.000010 0.000010 0.000010 0.107876
0.000010 0.000010 0.000010 0.000010 0.927469 0.000010 0.072481
0.290676 0.308608 0.342187 0.000010 0.058499 0.000010 0.000010
0.000010 0.000010 0.000010 0.000010 0.000010 0.999940 0.000010
0.380146 0.210248 0.000020 0.000010 0.241651 0.167915 0.000010
0.000010 0.000010 0.000010 0.000010 0.146194 0.000010 0.853756
0.000010 0.549145 0.000010 0.000010 0.044822 0.405993 0.000010
0.000010 0.000010 0.772283 0.000010 0.022871 0.204806 0.000010
0.142300 0.337338 0.215592 0.000010 0.219227 0.000010 0.085522
0.285433 0.499869 0.000010 0.078006 0.000010 0.000010 0.136663
0.316644 0.322487 0.079147 0.000010 0.000010 0.281691 0.000010
0.000010 0.536326 0.287008 0.000010 0.176626 0.000010 0.000010
0.323776 0.388271 0.000010 0.000010 0.000010 0.225524 0.062400
0.000010 0.000010 0.000010 0.058358 0.000010 0.941592 0.000010
0.000010 0.400608 0.185175 0.004966 0.000010 0.409222 0.000010
0.000010 0.232528 0.158758 0.000010 0.608674 0.000010 0.000010
0.000010 0.345505 0.192883 0.000010 0.407130 0.054452 0.000010
0.658418 0.128109 0.000010 0.010738 0.202705 0.000010 0.000010
0.000010 0.000010 0.617261 0.000010 0.382689 0.000010 0.000010
0.487204 0.000010 0.471982 0.040774 0.000010 0.000010 0.000010
0.000010 0.000010 0.000010 0.000010 0.000010 0.000010 0.999940
0.110612 0.000010 0.207746 0.000010 0.000010 0.401312 0.280299
0.000010 0.045438 0.000010 0.000010 0.655458 0.136620 0.162454
0.000010 0.163854 0.008094 0.000010 0.828012 0.000010 0.000010
0.767216 0.000010 0.000010 0.000010 0.232734 0.000010 0.000010
0.000010 0.415826 0.000010 0.000010 0.120247 0.000010 0.463887
0.207040 0.119088 0.171792 0.000010 0.000010 0.502050 0.000010
0.000010 0.857761 0.000010 0.000010 0.142189 0.000010 0.000010
0.031924 0.472735 0.056237 0.008320 0.000010 0.250030 0.180743
0.000010 0.249988 0.158210 0.000010 0.000010 0.591762 0.000010
0.000010 0.000010 0.000010 0.000010 0.000010 0.000010 0.999940
0.144318 0.053388 0.308610 0.000010 0.000010 0.296005 0.197658
0.073566 0.374522 0.186630 0.000010 0.179674 0.185588 0.000010
0.129746 0.000010 0.000010 0.000010 0.117368 0.290347 0.462509
0.000010 0.000010 0.000010 0.439813 0.000010 0.560137 0.000010
0.223530 0.419395 0.000010 0.000010 0.184563 0.000010 0.172482
0.000010 0.000010 0.281302 0.000010 0.718648 0.000010 0.000010
0.000010 0.240144 0.149081 0.175579 0.129937 0.000010 0.305239
0.000010 0.670838 0.000010 0.011718 0.000010 0.317404 0.000010
0.200617 0.370646 0.000655 0.000010 0.000010 0.428051 0.000010
0.000010 0.146880 0.000010 0.000010 0.406219 0.446861 0.000010
0.000010 0.346473 0.000010 0.162949 0.000010 0.133270 0.357278
0.157918 0.174187 0.390841 0.000010 0.000010 0.150712 0.126322
0.000010 0.000010 0.000010 0.000010 0.999940 0.000010 0.000010
0.232890 0.000010 0.018351 0.000010 0.551699 0.000010 0.197030
0.000010 0.000010 0.221424 0.000010 0.000010 0.000010 0.778526
0.000010 0.000010 0.547737 0.000010 0.452213 0.000010 0.000010
0.000010 0.000010 0.000010 0.000010 0.999940 0.000010 0.000010
0.000010 0.000010 0.000010 0.000010 0.000010 0.167933 0.832017
0.000010 0.000010 0.000010 0.999940 0.000010 0.000010 0.000010
0.585591 0.000010 0.228065 0.000010 0.186305 0.000010 0.000010
0.000010 0.123111 0.403230 0.000010 0.213278 0.000010 0.260351
0.000010 0.000010 0.000010 0.000010 0.979925 0.000010 0.020025
0.000010 0.483933 0.167937 0.000010 0.000010 0.092335 0.255766
0.000010 0.999940 0.000010 0.000010 0.000010 0.000010 0.000010
0.000010 0.000010 0.000010 0.999940 0.000010 0.000010 0.000010
0.000010 0.000010 0.000010 0.999940 0.000010 0.000010 0.000010
0.000010 0.000010 0.077805 0.000010 0.522998 0.399157 0.000010
0.000010 0.547864 0.192962 0.000010 0.000010 0.000010 0.259135
0.000010 0.000010 0.999940 0.000010 0.000010 0.000010 0.000010
0.119602 0.000010 0.103566 0.004004 0.294964 0.000010 0.477844
0.265012 0.290937 0.000010 0.000010 0.087578 0.183943 0.172510
0.000010 0.000010 0.000010 0.999526 0.000010 0.000010 0.000424
0.152185 0.000010 0.567737 0.000010 0.269475 0.010574 0.000010
0.047942 0.225990 0.414379 0.000010 0.000010 0.292836 0.018832
0.023066 0.000010 0.000010 0.000010 0.265709 0.297604 0.413591
0.000010 0.381259 0.000010 0.008049 0.000010 0.510722 0.099940
0.000010 0.632741 0.000010 0.000010 0.367209 0.000010 0.000010
0.000010 0.000010 0.010673 0.980717 0.000010 0.008570 0.000010
0.103370 0.000010 0.000010 0.000010 0.326704 0.569886 0.000010
0.999940 0.000010 0.000010 0.000010 0.000010 0.000010 0.000010
0.000010 0.000010 0.000010 0.999940 0.000010 0.000010 0.000010
0.000010 0.000010 0.000010 0.999940 0.000010 0.000010 0.000010
0.000010 0.000010 0.493361 0.004684 0.241647 0.000010 0.260278
0.000010 0.000010 0.244387 0.000010 0.000010 0.440138 0.315436
0.300516 0.189708 0.000010 0.000010 0.000010 0.247009 0.262737
0.000010 0.000010 0.000010 0.978520 0.000010 0.000010 0.021430
0.206526 0.000010 0.410377 0.000010 0.182181 0.000010 0.200885
0.469981 0.000010 0.213933 0.000010 0.000010 0.000010 0.316046
0.000010 0.204599 0.142801 0.000010 0.436988 0.215583 0.000010
0.000010 0.358930 0.000010 0.000010 0.103229 0.314630 0.223181
0.000010 0.000010 0.000010 0.992310 0.000010 0.000010 0.007640
0.000010 0.000010 0.000010 0.000014 0.735436 0.264510 0.000010
0.000010 0.013560 0.165549 0.000010 0.000010 0.293964 0.526896
0.000010 0.115411 0.000010 0.000010 0.884539 0.000010 0.000010
0.000010 0.000010 0.000010 0.000010 0.000010 0.000010 0.999940
0.577753 0.379314 0.000010 0.042893 0.000010 0.000010 0.000010
0.000010 0.000010 0.986143 0.013807 0.000010 0.000010 0.000010
0.000010 0.034327 0.000010 0.000010 0.156278 0.809355 0.000010
0.000010 0.184839 0.000010 0.000010 0.000010 0.565108 0.250013
0.000010 0.078092 0.000010 0.000010 0.662943 0.258925 0.000010
0.000010 0.000010 0.000010 0.000010 0.224800 0.244676 0.530484
0.000010 0.000010 0.000010 0.014493 0.985457 0.000010 0.000010
0.000010 0.000010 0.293298 0.000010 0.595240 0.000010 0.111422
0.826346 0.115290 0.000010 0.000010 0.000010 0.000010 0.058325
0.000010 0.999940 0.000010 0.000010 0.000010 0.000010 0.000010
0.333843 0.000010 0.310390 0.000010 0.264971 0.090766 0.000010
0.000010 0.220298 0.000010 0.000010 0.396805 0.161019 0.221847
0.000010 0.324952 0.477476 0.000010 0.000010 0.000010 0.197532
0.000010 0.000010 0.454940 0.000010 0.000010 0.545010 0.000010
0.000010 0.000010 0.000010 0.000010 0.866284 0.133666 0.000010
0.000010 0.000010 0.603546 0.000010 0.000010 0.000010 0.396404
0.215076 0.066028 0.000010 0.000010 0.465684 0.253183 0.000010
0.162724 0.409230 0.197303 0.000010 0.104267 0.126456 0.000010
0.530993 0.000010 0.411457 0.000010 0.057511 0.000010 0.000010
0.000010 0.000010 0.000013 0.999055 0.000891 0.000010 0.000010
0.228062 0.419890 0.352008 0.000010 0.000010 0.000010 0.000010
0.000010 0.250821 0.000010 0.000010 0.749129 0.000010 0.000010
0.000010 0.808945 0.000010 0.000010 0.191005 0.000010 0.000010
0.999940 0.000010 0.000010 0.000010 0.000010 0.000010 0.000010
0.713392 0.286558 0.000010 0.000010 0.000010 0.000010 0.000010
0.049915 0.235070 0.000010 0.000010 0.301686 0.183894 0.229415
0.000010 0.522753 0.386017 0.000010 0.000010 0.000010 0.091190
0.227323 0.262731 0.221930 0.000010 0.186136 0.101860 0.000010
0.000010 0.157741 0.507787 0.000010 0.000010 0.334432 0.000010
0.278221 0.000010 0.000010 0.000010 0.428879 0.292861 0.000010
0.999940 0.000010 0.000010 0.000010 0.000010 0.000010 0.000010
0.000010 0.000010 0.999940 0.000010 0.000010 0.000010 0.000010
0.566261 0.000010 0.000013 0.013192 0.000010 0.000010 0.420505
0.241323 0.118198 0.318891 0.000010 0.000010 0.034213 0.287356
0.000010 0.999940 0.000010 0.000010 0.000010 0.000010 0.000010
0.127398 0.381291 0.247501 0.000010 0.000010 0.146341 0.097449
0.227373 0.347195 0.398863 0.006268 0.000010 0.000010 0.020281
0.302868 0.015957 0.130054 0.000010 0.551091 0.000010 0.000010
0.101915 0.354013 0.243008 0.000010 0.000010 0.000010 0.301034
0.540882 0.000010 0.000010 0.000010 0.459068 0.000010 0.000010
0.000010 0.000010 0.110376 0.000010 0.351699 0.243265 0.294631
0.464516 0.268876 0.000010 0.000010 0.000010 0.266569 0.000010
0.000010 0.307772 0.000010 0.000010 0.000010 0.000010 0.692178
0.070647 0.282525 0.168886 0.000010 0.000010 0.356704 0.121219
0.000010 0.000010 0.000010 0.999940 0.000010 0.000010 0.000010
0.098182 0.470474 0.000010 0.000010 0.431304 0.000010 0.000010
0.000010 0.000010 0.000010 0.000010 0.223854 0.776096 0.000010
0.000010 0.000010 0.000010 0.000010 0.000010 0.861439 0.138511
0.000010 0.373566 0.619800 0.006594 0.000010 0.000010 0.000010
0.000010 0.052689 0.164811 0.000010 0.589106 0.130854 0.062520
0.000010 0.000010 0.000010 0.000010 0.000010 0.999940 0.000010
0.224282 0.000010 0.008683 0.000010 0.153749 0.000010 0.613256
0.044796 0.000010 0.382763 0.012140 0.000010 0.000010 0.560271
0.092266 0.000010 0.164263 0.017205 0.547206 0.179040 0.000010
0.059016 0.402316 0.291214 0.000010 0.182430 0.065005 0.000010
0.000010 0.000010 0.000010 0.000010 0.881254 0.000010 0.118696
0.411596 0.017036 0.571329 0.000010 0.000010 0.000010 0.000010
0.000010 0.127764 0.000010 0.000010 0.396770 0.221056 0.254381
0.114486 0.266686 0.112663 0.000010 0.506136 0.000010 0.000010
0.000010 0.359255 0.000010 0.000010 0.413682 0.227023 0.000010
0.944395 0.000010 0.000010 0.055555 0.000010 0.000010 0.000010
0.000010 0.235599 0.414167 0.000010 0.000010 0.280648 0.069556
0.344797 0.265903 0.276614 0.000010 0.000010 0.000010 0.112656
0.557926 0.180809 0.000010 0.000010 0.000010 0.000010 0.261225
0.190774 0.000010 0.270241 0.000010 0.538946 0.000010 0.000010
0.999940 0.000010 0.000010 0.000010 0.000010 0.000010 0.000010
0.000010 0.770269 0.225834 0.000010 0.003857 0.000010 0.000010
0.000010 0.237727 0.000010 0.000010 0.206030 0.256482 0.299731
0.000010 0.000010 0.000010 0.999940 0.000010 0.000010 0.000010
0.139895 0.000010 0.517139 0.000010 0.060480 0.123088 0.159379
0.000010 0.000010 0.421500 0.000010 0.186344 0.158516 0.233610
0.000010 0.000010 0.000010 0.000010 0.435215 0.564735 0.000010
0.000010 0.000010 0.000010 0.999940 0.000010 0.000010 0.000010
0.000010 0.000010 0.000010 0.000010 0.000010 0.558072 0.441878
0.037213 0.155084 0.000010 0.000010 0.209268 0.193129 0.405286
0.000010 0.000010 0.843655 0.000010 0.000010 0.156295 0.000010
0.000010 0.520488 0.330978 0.000010 0.000010 0.148494 0.000010
0.000010 0.142203 0.358475 0.000010 0.000010 0.000010 0.499282
0.000010 0.000010 0.999940 0.000010 0.000010 0.000010 0.000010
0.000010 0.000010 0.000010 0.000010 0.354749 0.645201 0.000010
0.000010 0.198191 0.252903 0.023652 0.000010 0.275098 0.250137
0.293922 0.020416 0.000010 0.000010 0.367414 0.000010 0.318217
0.000010 0.000010 0.922487 0.000010 0.077463 0.000010 0.000010
0.491153 0.000010 0.028885 0.000010 0.000010 0.281298 0.198634
0.164972 0.123470 0.225401 0.000010 0.069694 0.180169 0.236285
0.000010 0.221045 0.628716 0.000010 0.000010 0.150200 0.000010
0.261671 0.184472 0.000010 0.000010 0.012940 0.296016 0.244880
0.000010 0.000010 0.000010 0.017605 0.000010 0.982345 0.000010
0.262939 0.616130 0.000010 0.000010 0.000010 0.000010 0.120890
0.000010 0.000010 0.000010 0.000010 0.307874 0.172173 0.519913
0.000010 0.218902 0.353525 0.000010 0.232168 0.181876 0.013509
0.373863 0.239643 0.000010 0.000010 0.267060 0.119403 0.000010
0.000010 0.000010 0.403243 0.000010 0.000541 0.107409 0.488778
0.065730 0.000010 0.150292 0.000010 0.000010 0.307720 0.476227
0.000010 0.470575 0.529375 0.000010 0.000010 0.000010 0.000010
0.165115 0.000010 0.000010 0.000010 0.302308 0.249441 0.283106
0.000010 0.000010 0.432333 0.000010 0.385845 0.000010 0.181782
0.000010 0.000010 0.474927 0.000010 0.000010 0.525023 0.000010
0.000010 0.000010 0.810517 0.000010 0.000010 0.000010 0.189433
0.148143 0.333571 0.518246 0.000010 0.000010 0.000010 0.000010
0.000010 0.000010 0.000010 0.000010 0.619955 0.379995 0.000010
0.000010 0.000010 0.549374 0.000010 0.000010 0.045051 0.405536
0.000010 0.000010 0.000010 0.026035 0.000010 0.000010 0.973915
0.046829 0.000010 0.000010 0.000010 0.596429 0.356702 0.000010
0.000010 0.131444 0.000010 0.000010 0.085834 0.531728 0.250963
0.000010 0.000010 0.240841 0.000010 0.578610 0.180509 0.000010
0.000010 0.353574 0.030597 0.000010 0.000010 0.313370 0.302429
0.000010 0.999940 0.000010 0.000010 0.000010 0.000010 0.000010
0.000010 0.000010 0.743150 0.107330 0.000010 0.149479 0.000010
0.000010 0.694466 0.050814 0.000010 0.150117 0.104574 0.000010
0.000010 0.999940 0.000010 0.000010 0.000010 0.000010 0.000010
0.000010 0.709849 0.000010 0.000010 0.290101 0.000010 0.000010
0.444666 0.034338 0.230254 0.000010 0.150280 0.140442 0.000010
0.000010 0.083959 0.551486 0.000010 0.364515 0.000010 0.000010
0.000010 0.000010 0.000010 0.999940 0.000010 0.000010 0.000010
0.000010 0.000010 0.000010 0.999940 0.000010 0.000010 0.000010
0.974988 0.000010 0.000010 0.024962 0.000010 0.000010 0.000010
0.000010 0.000010 0.257891 0.000010 0.742059 0.000010 0.000010
0.205607 0.000010 0.000010 0.000010 0.124767 0.474617 0.194979
0.207294 0.378233 0.000010 0.000010 0.370554 0.000010 0.043889
0.000010 0.251854 0.000209 0.005649 0.742205 0.000064 0.000010
0.000010 0.000010 0.017368 0.940965 0.000010 0.041627 0.000010
0.000010 0.000010 0.000010 0.000010 0.999940 0.000010 0.000010
0.000010 0.000010 0.006567 0.993383 0.000010 0.000010 0.000010
0.000010 0.999940 0.000010 0.000010 0.000010 0.000010 0.000010
0.171362 0.000010 0.427354 0.000010 0.000010 0.401244 0.000010
0.000010 0.000010 0.000010 0.999940 0.000010 0.000010 0.000010
0.204103 0.065591 0.309700 0.032593 0.161021 0.226982 0.000010
0.170671 0.617074 0.000010 0.000010 0.000010 0.212216 0.000010
0.000010 0.289649 0.054236 0.000010 0.443284 0.000010 0.212801
0.070625 0.000010 0.929325 0.000010 0.000010 0.000010 0.000010
0.167302 0.370444 0.253032 0.000010 0.209192 0.000010 0.000010
0.480559 0.000010 0.246701 0.000010 0.000010 0.272700 0.000010
0.000010 0.000010 0.541878 0.000010 0.458072 0.000010 0.000010
0.000010 0.000010 0.000010 0.000010 0.000010 0.627796 0.372154
0.000010 0.000010 0.045565 0.000010 0.533566 0.199387 0.221452
0.000010 0.000010 0.000010 0.000010 0.000010 0.000010 0.999940
0.000010 0.999940 0.000010 0.000010 0.000010 0.000010 0.000010
0.000010 0.637634 0.000010 0.000010 0.000010 0.000010 0.362316
0.080361 0.000010 0.213126 0.000010 0.499527 0.206956 0.000010
0.301108 0.000010 0.000010 0.004283 0.233221 0.461358 0.000010
0.000010 0.000010 0.000010 0.999940 0.000010 0.000010 0.000010
0.000010 0.351563 0.067543 0.000010 0.580855 0.000010 0.000010
0.430263 0.000010 0.000010 0.000010 0.000010 0.000010 0.569687
0.153474 0.541444 0.000010 0.000010 0.159672 0.100304 0.045087
0.000010 0.008957 0.000010 0.990993 0.000010 0.000010 0.000010
0.000010 0.000010 0.000010 0.023656 0.000010 0.976294 0.000010
0.538454 0.000010 0.056955 0.000010 0.404551 0.000010 0.000010
0.000010 0.035224 0.000010 0.964726 0.000010 0.000010 0.000010
0.000010 0.000010 0.000010 0.999940 0.000010 0.000010 0.000010
0.000010 0.000010 0.000010 0.999940 0.000010 0.000010 0.000010
0.000010 0.000010 0.000010 0.000010 0.305223 0.000010 0.694727
0.000010 0.000010 0.999940 0.000010 0.000010 0.000010 0.000010
0.170488 0.000010 0.353811 0.000010 0.417937 0.000010 0.057734
0.096015 0.000010 0.492944 0.000010 0.205293 0.205717 0.000010
0.336733 0.000010 0.371129 0.007635 0.051618 0.000010 0.232865
0.000010 0.000010 0.000010 0.989435 0.010515 0.000010 0.000010
0.000010 0.000010 0.149793 0.008729 0.620951 0.000010 0.220498
0.000010 0.172183 0.392178 0.000010 0.066849 0.368760 0.000010
0.000010 0.000010 0.000010 0.999940 0.000010 0.000010 0.000010
0.365866 0.618376 0.000010 0.000010 0.000010 0.015718 0.000010
0.363620 0.000010 0.000010 0.000010 0.351257 0.000010 0.285083
0.478605 0.000010 0.000010 0.000010 0.145698 0.375657 0.000010
0.005193 0.356104 0.284274 0.003851 0.305768 0.000010 0.044801
0.251068 0.000010 0.000010 0.465601 0.000010 0.283291 0.000010
0.000010 0.051308 0.000010 0.000010 0.204507 0.000010 0.744144
0.467589 0.000010 0.000010 0.000010 0.085311 0.386837 0.060233
0.000010 0.000010 0.000010 0.999940 0.000010 0.000010 0.000010
0.000010 0.000010 0.000010 0.999940 0.000010 0.000010 0.000010
0.000010 0.000010 0.000010 0.999940 0.000010 0.000010 0.000010
0.000010 0.000010 0.000010 0.999940 0.000010 0.000010 0.000010
0.000010 0.058042 0.193532 0.000010 0.000010 0.000010 0.748385
0.113219 0.000010 0.087585 0.000010 0.119473 0.000010 0.679693
0.000010 0.000010 0.000010 0.999940 0.000010 0.000010 0.000010
0.462177 0.196231 0.000010 0.000010 0.245650 0.000010 0.095912
0.000010 0.000010 0.000010 0.999940 0.000010 0.000010 0.000010
0.000010 0.000010 0.000010 0.999940 0.000010 0.000010 0.000010
0.196412 0.407777 0.000010 0.026299 0.000010 0.030667 0.338825
0.000010 0.328472 0.081806 0.004328 0.395661 0.000010 0.189713
0.587585 0.000010 0.000010 0.000010 0.000010 0.059465 0.352909
0.219403 0.000010 0.477652 0.004038 0.000010 0.000010 0.298878
0.000010 0.574377 0.000010 0.012200 0.000010 0.413382 0.000010
0.000010 0.000010 0.315437 0.010882 0.441442 0.232209 0.000010
0.000010 0.000010 0.136484 0.708035 0.000010 0.000010 0.155441
0.000010 0.000010 0.333425 0.004434 0.137367 0.343706 0.181049
0.000010 0.000010 0.000010 0.999940 0.000010 0.000010 0.000010
0.398137 0.396903 0.000010 0.000010 0.163437 0.005702 0.035801
0.000010 0.164217 0.000010 0.041528 0.586636 0.000010 0.207588
0.000010 0.999940 0.000010 0.000010 0.000010 0.000010 0.000010
0.000010 0.000010 0.677019 0.000010 0.000010 0.322931 0.000010
0.228230 0.411411 0.360319 0.000010 0.000010 0.000010 0.000010
0.000010 0.000010 0.999940 0.000010 0.000010 0.000010 0.000010
0.000010 0.784516 0.000010 0.000010 0.000010 0.215434 0.000010
0.237653 0.000010 0.234351 0.035409 0.492557 0.000010 0.000010
0.000010 0.132993 0.324983 0.000010 0.000010 0.541984 0.000010
0.000010 0.000010 0.676822 0.000010 0.000010 0.323128 0.000010
0.120430 0.000010 0.020434 0.000010 0.244296 0.272433 0.342387
0.061801 0.854885 0.000010 0.000010 0.000010 0.000010 0.083274
0.000010 0.285923 0.128867 0.000010 0.332810 0.207507 0.044874
0.902785 0.000010 0.000010 0.000010 0.097165 0.000010 0.000010
0.000010 0.000010 0.059316 0.000010 0.940634 0.000010 0.000010
0.665651 0.193525 0.000010 0.000010 0.140784 0.000010 0.000010
0.000010 0.501591 0.280365 0.000010 0.218003 0.000010 0.000010
0.000010 0.709174 0.000010 0.000010 0.290776 0.000010 0.000010
0.412102 0.000010 0.000010 0.216700 0.000010 0.000010 0.371158
0.000010 0.327526 0.228876 0.008419 0.000010 0.000010 0.435149
0.000010 0.000010 0.000010 0.009302 0.000010 0.000010 0.990648
0.942167 0.000010 0.000010 0.057783 0.000010 0.000010 0.000010
0.545308 0.000010 0.089191 0.000010 0.365461 0.000010 0.000010
0.000010 0.999939 0.000010 0.000011 0.000010 0.000010 0.000010
0.000010 0.000010 0.018885 0.981065 0.000010 0.000010 0.000010
0.000010 0.000010 0.000010 0.999940 0.000010 0.000010 0.000010
0.263548 0.000010 0.736402 0.000010 0.000010 0.000010 0.000010
0.000010 0.000010 0.000010 0.000010 0.000010 0.000010 0.999940
0.000010 0.517026 0.000010 0.000010 0.000010 0.482924 0.000010
0.000010 0.130655 0.483517 0.000010 0.014882 0.370916 0.000010
0.000010 0.558821 0.000010 0.000010 0.008566 0.296209 0.136375
0.407261 0.000010 0.000010 0.000010 0.000010 0.276650 0.316049
0.000010 0.000010 0.000010 0.939091 0.000010 0.060859 0.000010
0.265438 0.169425 0.000010 0.000010 0.282599 0.075289 0.207228
0.000010 0.000010 0.185548 0.000010 0.462763 0.234556 0.117102
0.147564 0.724004 0.003709 0.000010 0.000010 0.000010 0.124693
0.000010 0.000010 0.000010 0.000010 0.999940 0.000010 0.000010
0.000010 0.398749 0.000010 0.000010 0.000010 0.601201 0.000010
0.000010 0.707449 0.000010 0.000010 0.000010 0.000010 0.292501
0.166713 0.000010 0.584629 0.000010 0.000010 0.248618 0.000010
0.000010 0.000010 0.999934 0.000016 0.000010 0.000010 0.000010
0.000010 0.753404 0.000010 0.000010 0.000010 0.246546 0.000010
0.103452 0.311370 0.000010 0.000010 0.332480 0.160605 0.092073
0.466339 0.000010 0.411958 0.000010 0.000010 0.000010 0.121663
0.000010 0.370871 0.000010 0.000010 0.000010 0.000010 0.629079
0.064813 0.124031 0.000010 0.000010 0.000010 0.237349 0.573777
0.000010 0.347788 0.000010 0.028211 0.392912 0.000010 0.231060
0.050728 0.555597 0.000010 0.000010 0.393635 0.000010 0.000010
0.000010 0.000010 0.000010 0.000010 0.000010 0.999940 0.000010
0.000010 0.000010 0.270883 0.000010 0.015890 0.228228 0.484968
0.000010 0.410155 0.472209 0.000010 0.000010 0.117596 0.000010
0.000010 0.384613 0.378049 0.000010 0.130746 0.000010 0.106562
0.257771 0.272535 0.000010 0.000010 0.000010 0.000010 0.469654
0.000010 0.574100 0.000010 0.000010 0.057401 0.170604 0.197864
0.000010 0.009662 0.000010 0.990288 0.000010 0.000010 0.000010
0.000010 0.000010 0.000010 0.008730 0.991220 0.000010 0.000010
