0.000010 0.244674 0.000010 0.000010 0.138937 0.000010 0.000010 0.000010 0.000010 0.000010 0.000010 0.000010 0.000010 0.000010 0.000010 0.000010 0.000010 0.000010 0.000010 0.616219
0.000010 0.000010 0.000010 0.360993 0.000010 0.000010 0.477577 0.000010 0.000010 0.000010 0.000010 0.000010 0.000010 0.000010 0.007532 0.000010 0.000010 0.000010 0.000010 0.153738
0.000010 0.145486 0.345044 0.001566 0.107925 0.147949 0.000010 0.149024 0.000010 0.000010 0.000010 0.102876 0.000010 0.000010 0.000010 0.000010 0.000010 0.000010 0.000010 0.000010
0.000010 0.000010 0.132027 0.000010 0.000010 0.000010 0.000010 0.000010 0.000010 0.000010 0.000010 0.000010 0.000010 0.000010 0.000010 0.000010 0.000010 0.512783 0.000010 0.355020
0.000010 0.000010 0.247057 0.000010 0.000010 0.000010 0.000010 0.209430 0.075597 0.000010 0.000010 0.467756 0.000010 0.000010 0.000010 0.000010 0.000010 0.000010 0.000010 0.000010
0.000010 0.000010 0.694409 0.000010 0.000010 0.000010 0.000010 0.305411 0.000010 0.000010 0.000010 0.000010 0.000010 0.000010 0.000010 0.000010 0.000010 0.000010 0.000010 0.000010
0.000010 0.000010 0.000010 0.000010 0.000010 0.000010 0.751478 0.000010 0.000010 0.000010 0.000010 0.218869 0.000010 0.000010 0.000010 0.029483 0.000010 0.000010 0.000010 0.000010
0.000010 0.000010 0.000010 0.307227 0.000010 0.000010 0.000010 0.167249 0.000010 0.000010 0.143536 0.000010 0.000010 0.000010 0.000010 0.000010 0.000010 0.174111 0.000010 0.207728
0.000010 0.000010 0.000010 0.012713 0.412949 0.000010 0.220506 0.000010 0.000010 0.353672 0.000010 0.000010 0.000010 0.000010 0.000010 0.000010 0.000010 0.000010 0.000010 0.000010
0.107804 0.000010 0.000010 0.000010 0.000010 0.000010 0.000010 0.000010 0.000010 0.000010 0.241952 0.000010 0.000010 0.000010 0.000010 0.650074 0.000010 0.000010 0.000010 0.000010
0.000010 0.000010 0.000010 0.000010 0.000010 0.000010 0.000010 0.000010 0.000010 0.000010 0.000010 0.000010 0.440598 0.182873 0.000010 0.000010 0.299858 0.000010 0.076511 0.000010
0.000010 0.000010 0.000010 0.000010 0.000010 0.983250 0.000010 0.000010 0.000010 0.000010 0.000010 0.000010 0.000010 0.000010 0.000010 0.016570 0.000010 0.000010 0.000010 0.000010
0.000010 0.000010 0.340062 0.000010 0.046509 0.000010 0.000010 0.408706 0.101060 0.000010 0.000010 0.000010 0.000010 0.000010 0.000010 0.000010 0.000010 0.000010 0.000010 0.103513
0.000010 0.288319 0.000010 0.000010 0.498487 0.000010 0.000010 0.000010 0.000010 0.000010 0.000010 0.000010 0.000010 0.000010 0.000010 0.000010 0.000010 0.000010 0.000010 0.213024
0.000010 0.389650 0.000010 0.214822 0.000010 0.164086 0.000010 0.000010 0.000010 0.067617 0.000010 0.163674 0.000010 0.000010 0.000010 0.000010 0.000010 0.000010 0.000010 0.000010
0.000010 0.000010 0.000010 0.000010 0.999810 0.000010 0.000010 0.000010 0.000010 0.000010 0.000010 0.000010 0.000010 0.000010 0.000010 0.000010 0.000010 0.000010 0.000010 0.000010
0.000010 0.000010 0.000010 0.000010 0.000010 0.000010 0.000010 0.000010 0.000010 0.000010 0.000010 0.000010 0.000010 0.220441 0.139107 0.206244 0.434047 0.000010 0.000010 0.000010
0.000010 0.000010 0.000010 0.000010 0.000010 0.000010 0.000010 0.000010 0.000010 0.000010 0.000010 0.000010 0.000010 0.000010 0.000010 0.000010 0.673744 0.000010 0.326076 0.000010
0.000010 0.999810 0.000010 0.000010 0.000010 0.000010 0.000010 0.000010 0.000010 0.000010 0.000010 0.000010 0.000010 0.000010 0.000010 0.000010 0.000010 0.000010 0.000010 0.000010
0.000010 0.000010 0.000010 0.000010 0.000010 0.000010 0.000010 0.000010 0.000010 0.000010 0.000010 0.000010 0.999810 0.000010 0.000010 0.000010 0.000010 0.000010 0.000010 0.000010
0.000010 0.000010 0.000010 0.000010 0.000010 0.000010 0.000010 0.000010 0.000010 0.528024 0.000010 0.000010 0.000010 0.191813 0.000010 0.279993 0.000010 0.000010 0.000010 0.000010
0.000010 0.000010 0.897031 0.000010 0.000010 0.000010 0.000010 0.000010 0.102789 0.000010 0.000010 0.000010 0.000010 0.000010 0.000010 0.000010 0.000010 0.000010 0.000010 0.000010
0.000010 0.000010 0.000010 0.000010 0.000010 0.000010 0.000010 0.000010 0.000010 0.000010 0.000010 0.000010 0.000010 0.999810 0.000010 0.000010 0.000010 0.000010 0.000010 0.000010
0.000010 0.000010 0.000010 0.000010 0.000010 0.000010 0.000010 0.000010 0.000010 0.000010 0.000010 0.000010 0.000010 0.158376 0.700573 0.000010 0.000010 0.000010 0.140881 0.000010
0.000010 0.000010 0.000010 0.000010 0.000010 0.000010 0.000010 0.000010 0.000010 0.000010 0.000010 0.000010 0.999810 0.000010 0.000010 0.000010 0.000010 0.000010 0.000010 0.000010
0.000010 0.000010 0.000010 0.134241 0.000010 0.000010 0.000010 0.000010 0.000010 0.000010 0.000010 0.686496 0.000010 0.000010 0.000010 0.000010 0.000010 0.179093 0.000010 0.000010
0.000010 0.143617 0.000010 0.000010 0.000010 0.000010 0.109846 0.000010 0.000010 0.249073 0.000010 0.000010 0.000010 0.000010 0.000010 0.000010 0.000010 0.046942 0.000010 0.450372
0.000010 0.000010 0.000010 0.000010 0.581281 0.000010 0.320741 0.000010 0.000010 0.000010 0.000010 0.000010 0.000010 0.000010 0.000010 0.000010 0.018518 0.000010 0.000010 0.079301
0.000010 0.242711 0.000010 0.000010 0.000010 0.000010 0.000010 0.000010 0.094441 0.187526 0.409422 0.000010 0.000010 0.000010 0.000010 0.000010 0.000010 0.065751 0.000010 0.000010
0.000010 0.000010 0.000010 0.000010 0.000010 0.000010 0.000010 0.000010 0.000010 0.000010 0.000010 0.000010 0.000010 0.000010 0.000010 0.999810 0.000010 0.000010 0.000010 0.000010
0.000010 0.000010 0.000010 0.000010 0.000010 0.000010 0.000010 0.000010 0.000010 0.000010 0.000010 0.000010 0.000010 0.000010 0.000010 0.000010 0.999810 0.000010 0.000010 0.000010
0.031479 0.286980 0.405737 0.000010 0.000010 0.000010 0.000010 0.000010 0.000010 0.000010 0.000010 0.000010 0.000010 0.000010 0.000010 0.000010 0.000010 0.275644 0.000010 0.000010
0.000010 0.000010 0.000010 0.000010 0.000010 0.000010 0.000010 0.000010 0.000010 0.000010 0.000010 0.000010 0.999810 0.000010 0.000010 0.000010 0.000010 0.000010 0.000010 0.000010
0.000010 0.000010 0.000010 0.000010 0.000010 0.000010 0.000010 0.827431 0.000010 0.000010 0.000010 0.000010 0.000010 0.000010 0.000010 0.000010 0.000010 0.000010 0.172389 0.000010
0.000010 0.000010 0.772690 0.000010 0.000010 0.000010 0.000010 0.000010 0.000010 0.000010 0.000010 0.213670 0.000010 0.013470 0.000010 0.000010 0.000010 0.000010 0.000010 0.000010
0.000010 0.261702 0.000010 0.053719 0.000010 0.171242 0.007283 0.000010 0.000010 0.000010 0.256886 0.034031 0.000010 0.000010 0.000010 0.006493 0.000010 0.208522 0.000010 0.000010
0.530936 0.000010 0.000010 0.000010 0.000010 0.000010 0.000010 0.000010 0.000010 0.000010 0.000010 0.000010 0.000010 0.000010 0.000010 0.000010 0.000010 0.000010 0.468884 0.000010
0.999810 0.000010 0.000010 0.000010 0.000010 0.000010 0.000010 0.000010 0.000010 0.000010 0.000010 0.000010 0.000010 0.000010 0.000010 0.000010 0.000010 0.000010 0.000010 0.000010
0.000010 0.019408 0.000010 0.000010 0.345603 0.263023 0.000010 0.154483 0.077068 0.000010 0.000010 0.140275 0.000010 0.000010 0.000010 0.000010 0.000010 0.000010 0.000010 0.000010
0.000010 0.000010 0.157847 0.000010 0.000010 0.000010 0.308167 0.111210 0.000010 0.144458 0.187569 0.000010 0.000010 0.000010 0.000010 0.000010 0.000010 0.058442 0.000010 0.032178
0.000010 0.038677 0.488357 0.000010 0.000010 0.000010 0.000010 0.066102 0.000010 0.121683 0.120425 0.000010 0.000010 0.000010 0.000010 0.000010 0.000010 0.000010 0.000010 0.164616
0.000010 0.000010 0.000010 0.000010 0.059713 0.000010 0.304890 0.106355 0.000010 0.000010 0.074716 0.000010 0.000010 0.000010 0.000010 0.000010 0.000010 0.454176 0.000010 0.000010
0.000010 0.000010 0.000010 0.000010 0.000010 0.035684 0.000010 0.029996 0.000010 0.000010 0.024303 0.000010 0.213642 0.215482 0.000010 0.480754 0.000010 0.000010 0.000010 0.000010
0.000010 0.000010 0.578796 0.000010 0.000010 0.000010 0.000010 0.000010 0.000010 0.000010 0.002766 0.000010 0.000010 0.000010 0.000010 0.000010 0.000010 0.176692 0.000010 0.241587
0.584464 0.000010 0.000010 0.000010 0.000010 0.000010 0.000010 0.000010 0.000010 0.000010 0.000010 0.000010 0.000010 0.000010 0.000010 0.000010 0.415356 0.000010 0.000010 0.000010
0.000010 0.365281 0.000010 0.000010 0.000010 0.000010 0.289570 0.197061 0.094876 0.000010 0.000010 0.000010 0.000010 0.000010 0.053063 0.000010 0.000010 0.000010 0.000010 0.000010
0.000010 0.135765 0.000010 0.445281 0.000010 0.000010 0.112717 0.262277 0.000010 0.000010 0.000010 0.033649 0.000010 0.000010 0.010171 0.000010 0.000010 0.000010 0.000010 0.000010
0.000010 0.000010 0.000010 0.000010 0.000010 0.000010 0.000010 0.000010 0.000010 0.000010 0.000010 0.000010 0.000010 0.000010 0.000010 0.269965 0.729855 0.000010 0.000010 0.000010
0.000010 0.000010 0.000010 0.000010 0.000010 0.000010 0.000010 0.000010 0.000010 0.000010 0.000010 0.000010 0.000010 0.000010 0.492136 0.000010 0.000010 0.000010 0.507684 0.000010
0.000010 0.000010 0.000010 0.000010 0.000010 0.000010 0.843594 0.156226 0.000010 0.000010 0.000010 0.000010 0.000010 0.000010 0.000010 0.000010 0.000010 0.000010 0.000010 0.000010
0.000010 0.148647 0.000010 0.163987 0.116991 0.382922 0.000010 0.000010 0.048151 0.000010 0.093952 0.000010 0.000010 0.000010 0.000010 0.000010 0.000010 0.000010 0.000010 0.045220
0.000010 0.000010 0.143050 0.288926 0.000010 0.009690 0.000010 0.000010 0.000010 0.285816 0.157886 0.114492 0.000010 0.000010 0.000010 0.000010 0.000010 0.000010 0.000010 0.000010
0.000010 0.000010 0.000010 0.000010 0.000010 0.000010 0.000010 0.000010 0.000010 0.056363 0.000010 0.000010 0.000010 0.000010 0.718422 0.225045 0.000010 0.000010 0.000010 0.000010
0.000010 0.000010 0.000010 0.000010 0.000010 0.000010 0.000010 0.000010 0.043821 0.493755 0.000010 0.000010 0.000010 0.000010 0.000010 0.000010 0.000010 0.000010 0.000010 0.462254
0.000010 0.169417 0.000010 0.020242 0.000010 0.229267 0.000010 0.013206 0.049714 0.000010 0.048195 0.184635 0.000010 0.000010 0.000010 0.000010 0.000010 0.285205 0.000010 0.000010
0.000010 0.000010 0.079368 0.000010 0.000010 0.000010 0.000010 0.000010 0.000010 0.000010 0.000010 0.000010 0.000010 0.920452 0.000010 0.000010 0.000010 0.000010 0.000010 0.000010
0.000010 0.000010 0.000010 0.000010 0.000010 0.380972 0.618848 0.000010 0.000010 0.000010 0.000010 0.000010 0.000010 0.000010 0.000010 0.000010 0.000010 0.000010 0.000010 0.000010
0.000010 0.023646 0.246535 0.385658 0.000010 0.000010 0.000010 0.000010 0.000010 0.137916 0.000010 0.000010 0.000010 0.000010 0.000010 0.000010 0.000010 0.000010 0.000010 0.206096
0.000010 0.000010 0.000010 0.559453 0.000010 0.000010 0.000010 0.000010 0.000010 0.000010 0.000014 0.416227 0.000010 0.000010 0.000010 0.000010 0.000010 0.000010 0.000010 0.024146
0.000010 0.000010 0.103673 0.404948 0.204067 0.000010 0.000010 0.026714 0.260448 0.000010 0.000010 0.000010 0.000010 0.000010 0.000010 0.000010 0.000010 0.000010 0.000010 0.000010
0.000010 0.000010 0.000010 0.000010 0.000010 0.020901 0.000010 0.137432 0.206426 0.000010 0.273182 0.264580 0.000010 0.000010 0.000010 0.000010 0.000010 0.000010 0.000010 0.097339
0.000010 0.127805 0.106420 0.000010 0.000010 0.076933 0.090553 0.000010 0.000010 0.000010 0.198260 0.000010 0.000010 0.000010 0.000010 0.000010 0.000010 0.000010 0.000010 0.399889
0.000010 0.000010 0.000010 0.000010 0.392847 0.000010 0.000010 0.000010 0.000010 0.000010 0.528019 0.000010 0.000010 0.000010 0.000010 0.000010 0.000010 0.000010 0.000010 0.078964
0.000010 0.000010 0.000010 0.000010 0.000010 0.000010 0.299017 0.127522 0.203203 0.360210 0.000010 0.000010 0.000010 0.009897 0.000010 0.000010 0.000010 0.000010 0.000010 0.000010
0.000010 0.000010 0.000010 0.000010 0.816269 0.000010 0.000010 0.000010 0.000010 0.000010 0.000010 0.000010 0.000010 0.000010 0.000010 0.000010 0.000010 0.183551 0.000010 0.000010
0.000010 0.000010 0.000010 0.000010 0.000010 0.000010 0.000010 0.000010 0.000010 0.000010 0.000010 0.000010 0.407453 0.592367 0.000010 0.000010 0.000010 0.000010 0.000010 0.000010
0.000010 0.301251 0.102391 0.285755 0.152576 0.078862 0.000010 0.000010 0.000010 0.079025 0.000010 0.000010 0.000010 0.000010 0.000010 0.000010 0.000010 0.000010 0.000010 0.000010
0.000010 0.086127 0.000010 0.269576 0.000010 0.125733 0.326832 0.036956 0.080969 0.000010 0.000010 0.000010 0.000010 0.000010 0.000010 0.009122 0.000010 0.064565 0.000010 0.000010
0.000010 0.000010 0.000010 0.000010 0.000010 0.000010 0.000010 0.000010 0.000010 0.000010 0.999810 0.000010 0.000010 0.000010 0.000010 0.000010 0.000010 0.000010 0.000010 0.000010
0.000010 0.000010 0.000010 0.000010 0.000010 0.999810 0.000010 0.000010 0.000010 0.000010 0.000010 0.000010 0.000010 0.000010 0.000010 0.000010 0.000010 0.000010 0.000010 0.000010
0.000010 0.000010 0.045521 0.109010 0.117026 0.000010 0.341947 0.386346 0.000010 0.000010 0.000010 0.000010 0.000010 0.000010 0.000010 0.000010 0.000010 0.000010 0.000010 0.000010
0.000010 0.000010 0.054012 0.000010 0.042446 0.145110 0.000010 0.120134 0.013734 0.236532 0.150608 0.000010 0.000010 0.000010 0.000010 0.000010 0.000010 0.237305 0.000010 0.000010
0.000010 0.000010 0.000010 0.000010 0.000010 0.000010 0.000010 0.000010 0.000010 0.000010 0.999810 0.000010 0.000010 0.000010 0.000010 0.000010 0.000010 0.000010 0.000010 0.000010
0.000010 0.000010 0.050379 0.252673 0.121920 0.000010 0.000010 0.000010 0.290807 0.000010 0.000010 0.284071 0.000010 0.000010 0.000010 0.000010 0.000010 0.000010 0.000010 0.000010
0.000010 0.000010 0.172491 0.000010 0.115612 0.157704 0.023752 0.000010 0.000010 0.000010 0.270427 0.000010 0.000010 0.000010 0.000010 0.000010 0.000010 0.000010 0.000010 0.259875
0.000010 0.011853 0.150728 0.000010 0.000010 0.000010 0.000010 0.000010 0.000010 0.364266 0.000010 0.000010 0.000010 0.000010 0.000010 0.000010 0.000010 0.472993 0.000010 0.000010
0.000010 0.000010 0.000010 0.000010 0.000010 0.000010 0.000010 0.000010 0.000010 0.000010 0.000010 0.000010 0.360330 0.000010 0.000010 0.000010 0.000010 0.000010 0.639490 0.000010
0.000010 0.000010 0.000010 0.000010 0.000010 0.000010 0.000010 0.000010 0.000010 0.000010 0.000010 0.000010 0.467052 0.000010 0.000010 0.532768 0.000010 0.000010 0.000010 0.000010
0.999810 0.000010 0.000010 0.000010 0.000010 0.000010 0.000010 0.000010 0.000010 0.000010 0.000010 0.000010 0.000010 0.000010 0.000010 0.000010 0.000010 0.000010 0.000010 0.000010
0.125016 0.874804 0.000010 0.000010 0.000010 0.000010 0.000010 0.000010 0.000010 0.000010 0.000010 0.000010 0.000010 0.000010 0.000010 0.000010 0.000010 0.000010 0.000010 0.000010
0.000010 0.000010 0.364516 0.017191 0.000010 0.000010 0.097623 0.204191 0.145674 0.000010 0.161948 0.000010 0.000010 0.000010 0.000010 0.000010 0.008728 0.000010 0.000010 0.000010
0.000010 0.000010 0.000010 0.000010 0.000010 0.000010 0.000010 0.000010 0.000010 0.000010 0.000010 0.000010 0.000010 0.999810 0.000010 0.000010 0.000010 0.000010 0.000010 0.000010
0.000010 0.000010 0.000010 0.000010 0.000010 0.000010 0.000010 0.000010 0.000010 0.000010 0.000010 0.000010 0.000010 0.110045 0.000010 0.578906 0.000010 0.000010 0.310879 0.000010
0.000010 0.000010 0.010847 0.398515 0.130441 0.000010 0.000010 0.000010 0.000010 0.000010 0.000010 0.216374 0.000010 0.000010 0.000010 0.000010 0.000010 0.243673 0.000010 0.000010
0.694477 0.000010 0.000010 0.000010 0.000010 0.000010 0.000010 0.000010 0.000010 0.000010 0.000010 0.000010 0.000010 0.000010 0.000010 0.305343 0.000010 0.000010 0.000010 0.000010
0.966224 0.000010 0.000010 0.000010 0.033142 0.000010 0.000010 0.000464 0.000010 0.000010 0.000010 0.000010 0.000010 0.000010 0.000010 0.000010 0.000010 0.000010 0.000010 0.000010
0.000010 0.000010 0.358762 0.094765 0.000010 0.000010 0.000010 0.271730 0.061036 0.000010 0.017458 0.085185 0.000010 0.000010 0.000010 0.000010 0.000010 0.000010 0.000010 0.110934
0.000010 0.000010 0.000010 0.000010 0.000010 0.000010 0.000010 0.000010 0.000010 0.000010 0.000010 0.000010 0.000010 0.000010 0.000010 0.999810 0.000010 0.000010 0.000010 0.000010
0.000010 0.000010 0.000010 0.000010 0.999810 0.000010 0.000010 0.000010 0.000010 0.000010 0.000010 0.000010 0.000010 0.000010 0.000010 0.000010 0.000010 0.000010 0.000010 0.000010
0.000010 0.000010 0.354523 0.000010 0.000010 0.000010 0.000010 0.000010 0.000010 0.000010 0.000010 0.109228 0.000010 0.000010 0.000010 0.000010 0.000010 0.375540 0.000010 0.160549
0.000010 0.000010 0.000010 0.000010 0.000010 0.000010 0.000010 0.000010 0.000010 0.000010 0.000010 0.000010 0.999810 0.000010 0.000010 0.000010 0.000010 0.000010 0.000010 0.000010
0.000010 0.000010 0.114484 0.109864 0.150175 0.000010 0.148595 0.000010 0.000010 0.002273 0.000010 0.000010 0.071453 0.000010 0.000010 0.181515 0.000010 0.122914 0.000010 0.098617
0.000010 0.400873 0.061470 0.000010 0.000010 0.309708 0.000010 0.000010 0.049082 0.075528 0.000010 0.103198 0.000010 0.000010 0.000010 0.000010 0.000010 0.000010 0.000010 0.000010
0.000010 0.000010 0.000010 0.000010 0.000010 0.000010 0.000010 0.000010 0.000010 0.000010 0.000010 0.000010 0.000010 0.000010 0.999810 0.000010 0.000010 0.000010 0.000010 0.000010
0.000010 0.000010 0.278091 0.113727 0.151047 0.107506 0.157217 0.000010 0.000010 0.000010 0.130519 0.000010 0.000010 0.000010 0.000010 0.000010 0.000010 0.061763 0.000010 0.000010
0.000010 0.000010 0.159484 0.334249 0.198271 0.000010 0.000010 0.200545 0.036180 0.000010 0.000010 0.000010 0.019036 0.000010 0.000010 0.000010 0.000010 0.045544 0.006570 0.000010
0.000010 0.000010 0.000010 0.000010 0.000010 0.000010 0.000010 0.000010 0.000010 0.000010 0.000010 0.000010 0.000010 0.000010 0.000010 0.576226 0.000010 0.000010 0.423594 0.000010
0.000010 0.000010 0.000010 0.000010 0.000010 0.000010 0.000010 0.224980 0.000010 0.000010 0.000010 0.000010 0.000010 0.000010 0.022353 0.000010 0.000010 0.752497 0.000010 0.000010
0.000010 0.000010 0.000010 0.000010 0.000010 0.000010 0.000010 0.999810 0.000010 0.000010 0.000010 0.000010 0.000010 0.000010 0.000010 0.000010 0.000010 0.000010 0.000010 0.000010
0.000010 0.049112 0.191823 0.240655 0.000010 0.000010 0.148093 0.000010 0.198999 0.000010 0.171177 0.000010 0.000010 0.000010 0.000010 0.000010 0.000010 0.000010 0.000010 0.000010
0.000010 0.000010 0.202405 0.000010 0.042248 0.092515 0.000010 0.000010 0.000010 0.159583 0.242739 0.257061 0.000010 0.000010 0.003319 0.000010 0.000010 0.000010 0.000010 0.000010
0.000010 0.000010 0.000010 0.111998 0.000010 0.887822 0.000010 0.000010 0.000010 0.000010 0.000010 0.000010 0.000010 0.000010 0.000010 0.000010 0.000010 0.000010 0.000010 0.000010
0.000010 0.000010 0.000010 0.000010 0.000010 0.000010 0.000010 0.033354 0.000010 0.488089 0.293078 0.000010 0.000010 0.000010 0.000010 0.000010 0.000010 0.161808 0.000010 0.023521
0.000010 0.008553 0.159096 0.325819 0.000010 0.000010 0.174106 0.087898 0.000010 0.000010 0.000010 0.000010 0.000010 0.000010 0.000010 0.000010 0.000010 0.206588 0.000010 0.037810
0.000010 0.000010 0.999810 0.000010 0.000010 0.000010 0.000010 0.000010 0.000010 0.000010 0.000010 0.000010 0.000010 0.000010 0.000010 0.000010 0.000010 0.000010 0.000010 0.000010
0.000010 0.387599 0.000010 0.000010 0.000010 0.000010 0.409630 0.000010 0.202601 0.000010 0.000010 0.000010 0.000010 0.000010 0.000010 0.000010 0.000010 0.000010 0.000010 0.000010
0.000010 0.000010 0.093400 0.000010 0.000010 0.000010 0.383681 0.000010 0.000010 0.335947 0.000010 0.186812 0.000010 0.000010 0.000010 0.000010 0.000010 0.000010 0.000010 0.000010
0.000010 0.000010 0.000010 0.000010 0.000010 0.000010 0.000010 0.000010 0.000010 0.000010 0.000010 0.000010 0.000010 0.000010 0.626999 0.000010 0.372821 0.000010 0.000010 0.000010
0.000010 0.000010 0.084286 0.000010 0.335915 0.000010 0.060967 0.000010 0.068092 0.000010 0.000010 0.244755 0.000010 0.000010 0.000010 0.000010 0.000010 0.205845 0.000010 0.000010
0.000010 0.000010 0.000010 0.347749 0.215951 0.038719 0.000010 0.000010 0.000010 0.264935 0.000010 0.000010 0.000010 0.000010 0.000010 0.000010 0.000010 0.000010 0.000010 0.132496
0.000010 0.000010 0.000010 0.514496 0.000010 0.000010 0.000010 0.485150 0.000184 0.000010 0.000010 0.000010 0.000010 0.000010 0.000010 0.000010 0.000010 0.000010 0.000010 0.000010
0.000010 0.000010 0.000010 0.000010 0.000010 0.000010 0.000010 0.000010 0.000010 0.000010 0.000010 0.024416 0.356515 0.000010 0.000010 0.000010 0.000010 0.000010 0.618899 0.000010
0.000010 0.000010 0.000010 0.000010 0.000010 0.000010 0.000010 0.000010 0.000010 0.000010 0.000010 0.000010 0.000010 0.999810 0.000010 0.000010 0.000010 0.000010 0.000010 0.000010
0.000010 0.000010 0.000010 0.476674 0.000010 0.000010 0.000010 0.000010 0.000010 0.000010 0.000010 0.000010 0.000010 0.000010 0.000010 0.000010 0.000010 0.000010 0.000010 0.523146
0.000010 0.212704 0.000010 0.000010 0.000010 0.000010 0.000010 0.423796 0.056041 0.000010 0.000010 0.307300 0.000010 0.000010 0.000010 0.000010 0.000010 0.000010 0.000010 0.000010
0.000010 0.000010 0.086322 0.000010 0.000010 0.000010 0.000010 0.000010 0.000010 0.000010 0.027805 0.000010 0.377290 0.000010 0.000010 0.000010 0.000010 0.000010 0.508424 0.000010
0.000010 0.001475 0.000010 0.000010 0.217291 0.000010 0.000010 0.103452 0.000010 0.328750 0.000010 0.348883 0.000010 0.000010 0.000010 0.000010 0.000010 0.000010 0.000010 0.000010
0.000010 0.000010 0.000010 0.000010 0.000010 0.000010 0.000010 0.000010 0.000010 0.000010 0.000010 0.000010 0.000010 0.000010 0.000010 0.000010 0.999810 0.000010 0.000010 0.000010
0.000010 0.000010 0.000010 0.000010 0.000010 0.000010 0.000010 0.000010 0.000010 0.000010 0.000010 0.000010 0.000010 0.000010 0.000010 0.000010 0.999810 0.000010 0.000010 0.000010
0.000010 0.041110 0.000010 0.000010 0.353454 0.000010 0.000010 0.276646 0.000010 0.038360 0.000010 0.290280 0.000010 0.000010 0.000010 0.000010 0.000010 0.000010 0.000010 0.000010
0.000010 0.456499 0.000010 0.000010 0.000010 0.094004 0.132335 0.000010 0.000010 0.000010 0.000010 0.000010 0.000010 0.000010 0.000010 0.000010 0.000010 0.317002 0.000010 0.000010
0.000010 0.182848 0.000010 0.000010 0.079707 0.451922 0.000010 0.181897 0.000010 0.000010 0.000010 0.103476 0.000010 0.000010 0.000010 0.000010 0.000010 0.000010 0.000010 0.000010
0.000010 0.000010 0.000010 0.000010 0.000010 0.000010 0.000010 0.000010 0.000010 0.490818 0.000010 0.000010 0.000010 0.000010 0.509002 0.000010 0.000010 0.000010 0.000010 0.000010
0.000010 0.054281 0.000010 0.000010 0.662016 0.000010 0.000010 0.000010 0.000010 0.283534 0.000010 0.000010 0.000010 0.000010 0.000010 0.000010 0.000010 0.000010 0.000010 0.000010
0.000010 0.000010 0.000010 0.000010 0.000010 0.000010 0.000010 0.000010 0.000010 0.000010 0.000010 0.999810 0.000010 0.000010 0.000010 0.000010 0.000010 0.000010 0.000010 0.000010
0.000010 0.000010 0.276602 0.313938 0.000010 0.000010 0.011815 0.000010 0.000010 0.227515 0.000010 0.000010 0.000010 0.000010 0.000010 0.000010 0.000010 0.169980 0.000010 0.000010
0.000010 0.000010 0.000010 0.457045 0.000010 0.112141 0.000010 0.045618 0.000010 0.000010 0.180929 0.204118 0.000010 0.000010 0.000010 0.000010 0.000010 0.000010 0.000010 0.000010
0.000010 0.218441 0.544232 0.000010 0.000010 0.000010 0.000010 0.104700 0.000010 0.000010 0.132467 0.000010 0.000010 0.000010 0.000010 0.000010 0.000010 0.000010 0.000010 0.000010
0.000010 0.000010 0.000010 0.000010 0.000010 0.000010 0.000010 0.000010 0.348980 0.000010 0.650840 0.000010 0.000010 0.000010 0.000010 0.000010 0.000010 0.000010 0.000010 0.000010
0.018976 0.000010 0.000010 0.000010 0.188671 0.000010 0.000010 0.382556 0.053047 0.000010 0.203201 0.153408 0.000010 0.000010 0.000010 0.000010 0.000010 0.000010 0.000010 0.000010
0.999810 0.000010 0.000010 0.000010 0.000010 0.000010 0.000010 0.000010 0.000010 0.000010 0.000010 0.000010 0.000010 0.000010 0.000010 0.000010 0.000010 0.000010 0.000010 0.000010
0.000010 0.000010 0.757039 0.000010 0.000010 0.000010 0.117336 0.000010 0.000010 0.091215 0.000010 0.000010 0.000010 0.000010 0.000010 0.000010 0.000010 0.000010 0.000010 0.034251
0.000010 0.000010 0.043684 0.000010 0.000010 0.239196 0.089624 0.000010 0.000010 0.167708 0.106245 0.000010 0.000010 0.000010 0.000010 0.000010 0.000010 0.158525 0.000010 0.194887
0.000010 0.245831 0.000010 0.435385 0.000010 0.000010 0.318614 0.000010 0.000010 0.000010 0.000010 0.000010 0.000010 0.000010 0.000010 0.000010 0.000010 0.000010 0.000010 0.000010
0.000010 0.000010 0.264234 0.000010 0.000010 0.000010 0.053935 0.000010 0.000010 0.000010 0.499697 0.000010 0.000010 0.000010 0.000010 0.000010 0.000010 0.000010 0.000010 0.181973
0.000010 0.000010 0.000010 0.000010 0.000010 0.000010 0.000010 0.000010 0.151965 0.847855 0.000010 0.000010 0.000010 0.000010 0.000010 0.000010 0.000010 0.000010 0.000010 0.000010
0.000010 0.181175 0.167810 0.305355 0.000010 0.065668 0.000011 0.000010 0.000010 0.198113 0.000010 0.000010 0.000010 0.000010 0.000010 0.000010 0.000010 0.000010 0.000010 0.081738
0.000010 0.000010 0.000010 0.000010 0.000010 0.000010 0.000010 0.000010 0.000010 0.000010 0.000010 0.000010 0.000010 0.999810 0.000010 0.000010 0.000010 0.000010 0.000010 0.000010
0.000010 0.000010 0.000010 0.000010 0.000010 0.000010 0.000010 0.000010 0.000010 0.000010 0.000010 0.000010 0.000012 0.000010 0.261604 0.000010 0.000010 0.000010 0.738215 0.000010
0.000010 0.000010 0.000010 0.000010 0.000010 0.000010 0.000010 0.000010 0.000010 0.000010 0.000010 0.000010 0.000010 0.000010 0.000010 0.000010 0.410714 0.000010 0.589106 0.000010
0.000010 0.000010 0.000010 0.083339 0.000010 0.000010 0.000010 0.000010 0.000010 0.000010 0.000010 0.000010 0.000010 0.761060 0.155431 0.000010 0.000010 0.000010 0.000010 0.000010
0.000010 0.000010 0.018035 0.000010 0.000010 0.000010 0.000010 0.000010 0.000010 0.000010 0.000010 0.000010 0.121124 0.000010 0.000010 0.860671 0.000010 0.000010 0.000010 0.000010
0.000010 0.110719 0.192274 0.158153 0.000010 0.000010 0.000010 0.000010 0.000010 0.173193 0.000010 0.000010 0.000010 0.000010 0.000010 0.000010 0.000010 0.000010 0.000010 0.365510
0.999810 0.000010 0.000010 0.000010 0.000010 0.000010 0.000010 0.000010 0.000010 0.000010 0.000010 0.000010 0.000010 0.000010 0.000010 0.000010 0.000010 0.000010 0.000010 0.000010
0.000010 0.000010 0.000010 0.000010 0.000010 0.000010 0.000010 0.000010 0.000010 0.000010 0.000010 0.000010 0.000010 0.000010 0.000010 0.000010 0.221257 0.000010 0.778563 0.000010
0.000010 0.000010 0.000010 0.000010 0.000010 0.000010 0.000010 0.000010 0.000010 0.000010 0.000010 0.000010 0.265763 0.000010 0.000010 0.000010 0.000010 0.000010 0.734057 0.000010
0.000010 0.000010 0.000010 0.000010 0.000010 0.000010 0.000010 0.000010 0.000010 0.000010 0.000010 0.000010 0.412263 0.000010 0.587557 0.000010 0.000010 0.000010 0.000010 0.000010
0.264224 0.000010 0.000010 0.000010 0.000010 0.000010 0.000010 0.000010 0.000010 0.000010 0.000010 0.000010 0.000010 0.000010 0.429264 0.206689 0.000010 0.000010 0.099664 0.000010
0.359176 0.000010 0.000010 0.000010 0.000010 0.000010 0.000010 0.000010 0.000010 0.000010 0.000010 0.000010 0.431074 0.209580 0.000010 0.000010 0.000010 0.000010 0.000010 0.000010
0.999810 0.000010 0.000010 0.000010 0.000010 0.000010 0.000010 0.000010 0.000010 0.000010 0.000010 0.000010 0.000010 0.000010 0.000010 0.000010 0.000010 0.000010 0.000010 0.000010
0.000010 0.000010 0.000010 0.114216 0.000010 0.000010 0.000010 0.000010 0.000010 0.000010 0.885604 0.000010 0.000010 0.000010 0.000010 0.000010 0.000010 0.000010 0.000010 0.000010
0.000010 0.000010 0.000010 0.000010 0.000010 0.000010 0.000010 0.000010 0.000010 0.000010 0.000010 0.000010 0.000010 0.000010 0.000010 0.000010 0.000010 0.000010 0.000010 0.999810
0.000010 0.000010 0.445443 0.178300 0.000010 0.000010 0.000010 0.000010 0.000010 0.000010 0.000010 0.000010 0.000010 0.000010 0.000010 0.000010 0.000010 0.000010 0.000010 0.376087
0.000010 0.090349 0.000010 0.000010 0.000010 0.805279 0.000010 0.104202 0.000010 0.000010 0.000010 0.000010 0.000010 0.000010 0.000010 0.000010 0.000010 0.000010 0.000010 0.000010
0.000010 0.999810 0.000010 0.000010 0.000010 0.000010 0.000010 0.000010 0.000010 0.000010 0.000010 0.000010 0.000010 0.000010 0.000010 0.000010 0.000010 0.000010 0.000010 0.000010
0.000010 0.000010 0.000010 0.000010 0.153203 0.077656 0.000010 0.000010 0.000010 0.000010 0.192226 0.000010 0.000010 0.000010 0.000010 0.000010 0.000010 0.000010 0.000010 0.576756
0.000010 0.000010 0.000010 0.000010 0.000010 0.000010 0.265961 0.000010 0.000010 0.733859 0.000010 0.000010 0.000010 0.000010 0.000010 0.000010 0.000010 0.000010 0.000010 0.000010
0.000010 0.154350 0.000010 0.000010 0.000010 0.000010 0.541023 0.114734 0.000010 0.189733 0.000010 0.000010 0.000010 0.000010 0.000010 0.000010 0.000010 0.000010 0.000010 0.000010
0.000010 0.000010 0.000010 0.328188 0.129426 0.000010 0.000010 0.000010 0.000010 0.049559 0.000010 0.321785 0.000010 0.000010 0.000010 0.000010 0.000010 0.170892 0.000010 0.000010
0.000010 0.000010 0.000010 0.181987 0.000010 0.000010 0.000010 0.000010 0.086309 0.304450 0.306531 0.079180 0.000010 0.000010 0.000010 0.000010 0.000010 0.041403 0.000010 0.000010
0.000010 0.000010 0.000010 0.000010 0.000010 0.999810 0.000010 0.000010 0.000010 0.000010 0.000010 0.000010 0.000010 0.000010 0.000010 0.000010 0.000010 0.000010 0.000010 0.000010
0.000010 0.000010 0.000010 0.000010 0.000010 0.000010 0.000010 0.000010 0.000010 0.000010 0.000010 0.000010 0.999810 0.000010 0.000010 0.000010 0.000010 0.000010 0.000010 0.000010
0.000010 0.176610 0.000010 0.000010 0.000010 0.000010 0.012671 0.000010 0.242358 0.000010 0.000010 0.000010 0.000010 0.000010 0.000010 0.000010 0.000010 0.335334 0.000010 0.232877
0.000010 0.034666 0.000010 0.217051 0.000010 0.000010 0.000010 0.000010 0.000010 0.000010 0.563386 0.168722 0.000010 0.000010 0.000010 0.000010 0.016025 0.000010 0.000010 0.000010
0.000010 0.000010 0.000010 0.000010 0.000010 0.000010 0.000010 0.000010 0.000010 0.354629 0.000010 0.000010 0.000010 0.000010 0.000010 0.000010 0.000010 0.000010 0.000010 0.645191
0.000010 0.000010 0.000010 0.000010 0.000010 0.000010 0.000010 0.000010 0.000010 0.000010 0.000010 0.000010 0.000010 0.000010 0.000010 0.999810 0.000010 0.000010 0.000010 0.000010
0.315982 0.000010 0.000010 0.000010 0.000010 0.000010 0.000010 0.000010 0.000010 0.000010 0.000010 0.000010 0.038465 0.000010 0.573354 0.000010 0.000010 0.000010 0.072039 0.000010
0.999810 0.000010 0.000010 0.000010 0.000010 0.000010 0.000010 0.000010 0.000010 0.000010 0.000010 0.000010 0.000010 0.000010 0.000010 0.000010 0.000010 0.000010 0.000010 0.000010
0.000010 0.000010 0.000010 0.003959 0.744793 0.000010 0.000010 0.000010 0.000010 0.000010 0.000010 0.000010 0.000010 0.000010 0.000010 0.000010 0.000010 0.251078 0.000010 0.000010
0.000010 0.000010 0.000010 0.000010 0.000010 0.714327 0.000010 0.000010 0.285493 0.000010 0.000010 0.000010 0.000010 0.000010 0.000010 0.000010 0.000010 0.000010 0.000010 0.000010
0.000010 0.000010 0.000010 0.000010 0.067633 0.000010 0.625221 0.000010 0.000010 0.000010 0.000010 0.126019 0.000010 0.000010 0.000010 0.000010 0.000010 0.180967 0.000010 0.000010
0.000010 0.000010 0.000010 0.000010 0.276923 0.212802 0.000010 0.295799 0.036612 0.000010 0.102561 0.002166 0.000010 0.000010 0.000010 0.000010 0.000010 0.000010 0.008777 0.064240
0.000010 0.000010 0.000010 0.000010 0.000010 0.000010 0.000010 0.000010 0.000010 0.000010 0.000010 0.000010 0.000010 0.157115 0.000010 0.000010 0.000010 0.000010 0.842705 0.000010
0.000010 0.231418 0.000010 0.000010 0.098213 0.000010 0.084401 0.130221 0.000010 0.065576 0.179044 0.000010 0.000010 0.000010 0.000010 0.000010 0.000010 0.210997 0.000010 0.000010
0.000010 0.319171 0.000010 0.000010 0.000010 0.000010 0.000010 0.000010 0.000010 0.000010 0.000010 0.000010 0.000010 0.000010 0.000010 0.000010 0.000010 0.680649 0.000010 0.000010
0.000010 0.000010 0.000010 0.000010 0.183522 0.289093 0.094045 0.000010 0.078065 0.000010 0.166334 0.095799 0.000010 0.000010 0.000010 0.000010 0.000010 0.093012 0.000010 0.000010
0.000010 0.000010 0.000010 0.107095 0.062868 0.203833 0.000010 0.000010 0.225729 0.000010 0.195942 0.204390 0.000010 0.000010 0.000010 0.000010 0.000010 0.000013 0.000010 0.000010
0.000010 0.000010 0.000010 0.000010 0.000010 0.000010 0.000010 0.000010 0.000010 0.000010 0.000010 0.000010 0.592900 0.000010 0.000010 0.000010 0.406920 0.000010 0.000010 0.000010
0.287570 0.000010 0.000010 0.000010 0.000010 0.000010 0.000010 0.000010 0.000010 0.000010 0.000010 0.000010 0.000010 0.000010 0.000010 0.712250 0.000010 0.000010 0.000010 0.000010
0.000010 0.029971 0.000010 0.000010 0.000010 0.000010 0.000010 0.279082 0.000010 0.000010 0.000010 0.000010 0.000010 0.000010 0.000010 0.000010 0.000010 0.499896 0.000010 0.190890
0.000010 0.010310 0.000010 0.038863 0.317304 0.000010 0.246721 0.330005 0.000010 0.056656 0.000010 0.000010 0.000010 0.000010 0.000010 0.000010 0.000010 0.000010 0.000010 0.000010
0.000010 0.000010 0.000010 0.000010 0.000010 0.000010 0.000010 0.000010 0.000010 0.000010 0.000010 0.000010 0.000010 0.000010 0.000010 0.000010 0.999810 0.000010 0.000010 0.000010
0.000010 0.000010 0.000010 0.064515 0.251124 0.000010 0.000010 0.000010 0.410176 0.000010 0.000010 0.000010 0.000010 0.021723 0.000010 0.000010 0.000010 0.000010 0.000010 0.252312
0.000010 0.163168 0.000010 0.196231 0.000010 0.120193 0.163652 0.054555 0.000010 0.000010 0.156675 0.119582 0.000010 0.000010 0.025825 0.000010 0.000010 0.000010 0.000010 0.000010
0.000010 0.668488 0.000010 0.000010 0.000010 0.331332 0.000010 0.000010 0.000010 0.000010 0.000010 0.000010 0.000010 0.000010 0.000010 0.000010 0.000010 0.000010 0.000010 0.000010
0.223428 0.000010 0.000010 0.000010 0.000010 0.000010 0.000010 0.000010 0.000010 0.000010 0.000010 0.000010 0.000010 0.776392 0.000010 0.000010 0.000010 0.000010 0.000010 0.000010
0.000010 0.000010 0.000010 0.000010 0.098007 0.000010 0.000010 0.000010 0.000010 0.000010 0.901813 0.000010 0.000010 0.000010 0.000010 0.000010 0.000010 0.000010 0.000010 0.000010
0.000010 0.000010 0.032084 0.164374 0.224790 0.000010 0.000010 0.297759 0.223665 0.000010 0.000010 0.048609 0.008588 0.000010 0.000010 0.000010 0.000010 0.000010 0.000010 0.000010
0.000010 0.000010 0.000010 0.118151 0.429032 0.000010 0.000010 0.000010 0.000010 0.000010 0.452647 0.000010 0.000010 0.000010 0.000010 0.000010 0.000010 0.000010 0.000010 0.000010
0.000010 0.000010 0.757385 0.000010 0.000010 0.000010 0.000010 0.000010 0.000010 0.000010 0.230076 0.000010 0.000010 0.000010 0.012369 0.000010 0.000010 0.000010 0.000010 0.000010
0.000010 0.000010 0.000010 0.000010 0.000010 0.000010 0.000010 0.000010 0.000010 0.000010 0.000010 0.000010 0.637215 0.053415 0.000010 0.000010 0.000010 0.000010 0.309200 0.000010
0.352870 0.000010 0.000010 0.000010 0.000010 0.000010 0.000010 0.000010 0.000010 0.000010 0.000010 0.000010 0.000010 0.000010 0.000010 0.000010 0.646950 0.000010 0.000010 0.000010
0.000010 0.000010 0.000010 0.000010 0.000010 0.000010 0.000010 0.000010 0.000010 0.000010 0.000010 0.000010 0.000010 0.000010 0.000010 0.999810 0.000010 0.000010 0.000010 0.000010
0.000010 0.000010 0.000010 0.000010 0.000010 0.281969 0.000010 0.375518 0.000010 0.000010 0.000010 0.000010 0.000010 0.000010 0.000010 0.000010 0.000010 0.215038 0.000010 0.127314
0.000010 0.000010 0.244003 0.228928 0.085652 0.000010 0.000010 0.000010 0.000010 0.237567 0.203701 0.000010 0.000010 0.000010 0.000010 0.000010 0.000010 0.000010 0.000010 0.000010
0.000010 0.689018 0.310802 0.000010 0.000010 0.000010 0.000010 0.000010 0.000010 0.000010 0.000010 0.000010 0.000010 0.000010 0.000010 0.000010 0.000010 0.000010 0.000010 0.000010
0.000010 0.000010 0.000010 0.000010 0.000010 0.000010 0.000010 0.000010 0.000010 0.999810 0.000010 0.000010 0.000010 0.000010 0.000010 0.000010 0.000010 0.000010 0.000010 0.000010
0.000010 0.000010 0.000010 0.000010 0.000010 0.000010 0.000010 0.000010 0.281188 0.000010 0.000010 0.718632 0.000010 0.000010 0.000010 0.000010 0.000010 0.000010 0.000010 0.000010
0.000010 0.000010 0.503861 0.000010 0.028031 0.000010 0.000010 0.467938 0.000010 0.000010 0.000010 0.000010 0.000010 0.000010 0.000010 0.000010 0.000010 0.000010 0.000010 0.000010
0.000010 0.000010 0.055125 0.000010 0.000010 0.000010 0.000010 0.000010 0.144538 0.000010 0.000010 0.346611 0.000010 0.182331 0.000010 0.263044 0.000010 0.000010 0.000010 0.008211
0.000010 0.000010 0.000010 0.358293 0.101501 0.150875 0.000010 0.173706 0.000010 0.000010 0.191875 0.000010 0.000010 0.008263 0.000010 0.000010 0.000010 0.015358 0.000010 0.000010
0.000010 0.000010 0.000010 0.067351 0.000010 0.127631 0.122111 0.348951 0.055737 0.000010 0.000010 0.000010 0.000010 0.000010 0.000010 0.000010 0.000010 0.278079 0.000010 0.000010
0.000010 0.000010 0.000010 0.455386 0.000010 0.544434 0.000010 0.000010 0.000010 0.000010 0.000010 0.000010 0.000010 0.000010 0.000010 0.000010 0.000010 0.000010 0.000010 0.000010
0.000010 0.000010 0.027455 0.247674 0.079866 0.000010 0.000010 0.182011 0.000010 0.000010 0.087966 0.092002 0.000010 0.000010 0.000010 0.000010 0.000010 0.151195 0.000010 0.131711
0.000010 0.000010 0.326307 0.000010 0.469593 0.000010 0.000010 0.000010 0.000010 0.000010 0.203929 0.000010 0.000010 0.000010 0.000010 0.000010 0.000010 0.000010 0.000010 0.000010
0.000010 0.054345 0.091302 0.000010 0.000010 0.022484 0.000010 0.000010 0.000010 0.000010 0.000010 0.682372 0.000010 0.000010 0.000010 0.000010 0.000010 0.149347 0.000010 0.000010
0.000010 0.000010 0.000010 0.634711 0.000010 0.000010 0.000010 0.000010 0.000010 0.185458 0.179661 0.000010 0.000010 0.000010 0.000010 0.000010 0.000010 0.000010 0.000010 0.000010
0.000010 0.181260 0.124514 0.000010 0.000010 0.050126 0.000010 0.643940 0.000010 0.000010 0.000010 0.000010 0.000010 0.000010 0.000010 0.000010 0.000010 0.000010 0.000010 0.000010
0.000010 0.000010 0.000010 0.000010 0.000010 0.000010 0.000010 0.196642 0.058464 0.000010 0.245138 0.499595 0.000010 0.000010 0.000010 0.000010 0.000010 0.000010 0.000010 0.000010
0.000010 0.079125 0.378223 0.000010 0.000010 0.152870 0.000010 0.000010 0.000010 0.000010 0.000010 0.000010 0.000010 0.000010 0.000010 0.000010 0.000010 0.210559 0.000010 0.179073
0.000010 0.000010 0.299833 0.000010 0.000010 0.000010 0.000010 0.613752 0.000010 0.000010 0.000010 0.000010 0.000010 0.000010 0.086244 0.000010 0.000010 0.000010 0.000010 0.000010
0.000010 0.000010 0.000010 0.000010 0.000010 0.000010 0.000010 0.000010 0.000010 0.000010 0.000010 0.000010 0.000010 0.000010 0.000010 0.000010 0.000010 0.999810 0.000010 0.000010
0.000010 0.000010 0.000010 0.000010 0.000010 0.000010 0.000010 0.000010 0.000010 0.000010 0.000010 0.000010 0.000010 0.580745 0.000010 0.000010 0.419075 0.000010 0.000010 0.000010
0.000010 0.000010 0.000010 0.000010 0.000010 0.000010 0.000010 0.000010 0.000010 0.000010 0.000010 0.000010 0.000010 0.000010 0.000010 0.000010 0.000010 0.000010 0.999810 0.000010
0.000010 0.000010 0.678985 0.026285 0.000010 0.075423 0.000010 0.000010 0.000010 0.000010 0.104011 0.000010 0.000010 0.000010 0.000010 0.000010 0.000010 0.115146 0.000010 0.000010
0.000010 0.000010 0.000010 0.275258 0.122683 0.032548 0.000010 0.000010 0.294742 0.106300 0.000010 0.000010 0.000010 0.000010 0.000010 0.000010 0.000010 0.000010 0.000010 0.168329
0.000010 0.000010 0.000010 0.149002 0.000010 0.000010 0.000010 0.334595 0.000010 0.000010 0.000010 0.496231 0.000010 0.000010 0.000010 0.000010 0.000010 0.000010 0.000010 0.020012
0.000010 0.396898 0.000010 0.103486 0.000010 0.081009 0.000010 0.000010 0.000010 0.000010 0.250658 0.000010 0.000010 0.000010 0.000010 0.000010 0.000010 0.167799 0.000010 0.000010
0.000010 0.000010 0.000010 0.000010 0.000100 0.131316 0.000010 0.000010 0.868414 0.000010 0.000010 0.000010 0.000010 0.000010 0.000010 0.000010 0.000010 0.000010 0.000010 0.000010
0.000010 0.000010 0.000010 0.000010 0.000010 0.000010 0.000010 0.999810 0.000010 0.000010 0.000010 0.000010 0.000010 0.000010 0.000010 0.000010 0.000010 0.000010 0.000010 0.000010
0.000010 0.000010 0.000010 0.000010 0.000010 0.162728 0.000010 0.034012 0.000010 0.144694 0.467192 0.000010 0.000010 0.000010 0.000010 0.000010 0.000010 0.191224 0.000010 0.000010
0.000010 0.000010 0.094169 0.000010 0.198430 0.336498 0.000010 0.370743 0.000010 0.000010 0.000010 0.000010 0.000010 0.000010 0.000010 0.000010 0.000010 0.000010 0.000010 0.000010
