0.000010 0.000010 0.000010 0.437352 0.000010 0.147929 0.000010 0.000010 0.000010 0.000010 0.000010 0.000010 0.000010 0.000010 0.000010 0.000010 0.000010 0.186628 0.227940
0.000010 0.045624 0.394351 0.000010 0.000010 0.299257 0.000010 0.000010 0.000010 0.000010 0.031810 0.000010 0.000010 0.000010 0.000013 0.000010 0.000010 0.228815 0.000010
0.000010 0.220781 0.000010 0.000010 0.000010 0.110428 0.184182 0.000010 0.000010 0.221641 0.000010 0.000010 0.000010 0.000010 0.000010 0.000010 0.169892 0.000010 0.092947
0.000010 0.000010 0.000010 0.936450 0.000010 0.000010 0.000010 0.000010 0.000010 0.000010 0.000010 0.000010 0.000010 0.000010 0.000010 0.000010 0.000010 0.000010 0.063380
0.000010 0.000010 0.000010 0.362335 0.000010 0.000010 0.047780 0.000010 0.000010 0.127364 0.295798 0.000010 0.000010 0.000010 0.000010 0.000010 0.000010 0.000010 0.166582
0.000010 0.000010 0.000010 0.000010 0.000010 0.000010 0.409906 0.000010 0.000010 0.000010 0.000010 0.589924 0.000010 0.000010 0.000010 0.000010 0.000010 0.000010 0.000010
0.027008 0.622797 0.170955 0.000010 0.000010 0.000010 0.000010 0.000010 0.179090 0.000010 0.000010 0.000010 0.000010 0.000010 0.000010 0.000010 0.000010 0.000010 0.000010
0.000010 0.000010 0.000010 0.000010 0.000010 0.000010 0.601249 0.000010 0.121910 0.000010 0.000010 0.000010 0.000010 0.000010 0.000010 0.000010 0.276681 0.000010 0.000010
0.000010 0.000010 0.000010 0.000010 0.000010 0.401415 0.000010 0.000010 0.357289 0.000010 0.241136 0.000010 0.000010 0.000010 0.000010 0.000010 0.000010 0.000010 0.000010
0.719832 0.000010 0.000010 0.036903 0.000010 0.000010 0.000010 0.197252 0.000010 0.000010 0.000010 0.000010 0.045863 0.000010 0.000010 0.000010 0.000010 0.000010 0.000010
0.000010 0.000010 0.000010 0.000010 0.217943 0.000010 0.000010 0.000010 0.000010 0.000010 0.000010 0.000010 0.000010 0.781887 0.000010 0.000010 0.000010 0.000010 0.000010
0.000010 0.986326 0.000010 0.000010 0.000010 0.000010 0.000010 0.000010 0.000010 0.000010 0.000010 0.000010 0.000010 0.000010 0.013504 0.000010 0.000010 0.000010 0.000010
0.000010 0.000010 0.000010 0.084936 0.000010 0.000010 0.000010 0.000010 0.000010 0.000010 0.000010 0.116447 0.000010 0.000010 0.000010 0.000010 0.332869 0.465598 0.000010
0.000010 0.000010 0.000010 0.292390 0.000010 0.000010 0.000010 0.195136 0.000010 0.000010 0.000010 0.000010 0.000010 0.000010 0.000010 0.000010 0.000010 0.000010 0.512315
0.000010 0.000010 0.000010 0.000010 0.000010 0.000010 0.129516 0.043429 0.000010 0.000010 0.183589 0.184810 0.000010 0.000010 0.000010 0.000010 0.337469 0.121057 0.000010
0.000010 0.000010 0.000010 0.000010 0.000010 0.000010 0.000010 0.000010 0.000010 0.000010 0.000010 0.873975 0.000010 0.000010 0.000010 0.000010 0.000010 0.000010 0.125855
0.000010 0.000010 0.000010 0.000010 0.000010 0.000010 0.000010 0.000010 0.000010 0.000010 0.000010 0.000010 0.000010 0.000010 0.575727 0.424103 0.000010 0.000010 0.000010
0.000010 0.000010 0.000010 0.000010 0.000010 0.000010 0.000010 0.000010 0.000010 0.000010 0.000010 0.000010 0.000010 0.999820 0.000010 0.000010 0.000010 0.000010 0.000010
0.000010 0.000010 0.000010 0.000010 0.000010 0.000010 0.833447 0.166383 0.000010 0.000010 0.000010 0.000010 0.000010 0.000010 0.000010 0.000010 0.000010 0.000010 0.000010
0.101109 0.000010 0.000010 0.000010 0.652905 0.000010 0.000010 0.000010 0.000010 0.000010 0.000010 0.000010 0.000010 0.000010 0.245826 0.000010 0.000010 0.000010 0.000010
0.000010 0.000010 0.000010 0.000010 0.000010 0.000010 0.000010 0.000010 0.000010 0.000010 0.000010 0.513689 0.000010 0.000010 0.000010 0.486141 0.000010 0.000010 0.000010
0.000010 0.000010 0.000010 0.190495 0.000010 0.000010 0.252211 0.000010 0.000010 0.000010 0.441046 0.000010 0.000010 0.000010 0.000010 0.000010 0.000010 0.116099 0.000010
0.000010 0.000010 0.000010 0.000010 0.000010 0.000010 0.000010 0.000010 0.000010 0.000010 0.000010 0.000010 0.000010 0.999820 0.000010 0.000010 0.000010 0.000010 0.000010
0.000010 0.000010 0.000010 0.000010 0.000010 0.000010 0.000010 0.000010 0.000010 0.000010 0.000010 0.000010 0.342968 0.000010 0.656862 0.000010 0.000010 0.000010 0.000010
0.000010 0.000010 0.000010 0.000010 0.776322 0.000010 0.000010 0.000010 0.000010 0.000010 0.000010 0.000010 0.000010 0.000010 0.223508 0.000010 0.000010 0.000010 0.000010
0.000010 0.000010 0.000010 0.019329 0.000010 0.178349 0.497303 0.000010 0.000010 0.000010 0.000010 0.304870 0.000010 0.000010 0.000010 0.000010 0.000010 0.000010 0.000010
0.000010 0.000010 0.000010 0.186474 0.000010 0.000010 0.095871 0.000010 0.121073 0.000010 0.000010 0.000010 0.000010 0.000010 0.000010 0.000010 0.000010 0.596433 0.000010
0.000010 0.000010 0.091081 0.189705 0.000010 0.095489 0.000010 0.000010 0.000010 0.000010 0.000010 0.000010 0.000010 0.000010 0.017526 0.000010 0.370793 0.183405 0.051881
0.000010 0.000010 0.000010 0.000010 0.000010 0.000010 0.000010 0.305748 0.000010 0.000010 0.000010 0.000010 0.000010 0.000010 0.000010 0.000010 0.000010 0.694082 0.000010
0.754070 0.000010 0.000010 0.000010 0.000010 0.000010 0.000010 0.000010 0.000010 0.000010 0.000010 0.000010 0.000010 0.000010 0.000010 0.245760 0.000010 0.000010 0.000010
0.000010 0.000010 0.000010 0.000010 0.611600 0.000010 0.000010 0.000010 0.000010 0.000010 0.000010 0.000010 0.000010 0.388230 0.000010 0.000010 0.000010 0.000010 0.000010
0.000010 0.000010 0.000010 0.362511 0.000010 0.000010 0.615291 0.000010 0.000010 0.000010 0.000010 0.000010 0.000010 0.022038 0.000010 0.000010 0.000010 0.000010 0.000010
0.000010 0.000010 0.000010 0.000010 0.000010 0.000010 0.000010 0.000010 0.000010 0.000010 0.000010 0.000010 0.999820 0.000010 0.000010 0.000010 0.000010 0.000010 0.000010
0.000010 0.000010 0.000010 0.000010 0.000010 0.000010 0.000010 0.000010 0.000010 0.000010 0.000010 0.846137 0.153693 0.000010 0.000010 0.000010 0.000010 0.000010 0.000010
0.000010 0.000010 0.000010 0.000010 0.000010 0.000010 0.078290 0.000010 0.000010 0.000010 0.000010 0.000010 0.012304 0.000010 0.000010 0.000010 0.145216 0.000010 0.764040
0.007822 0.323457 0.000010 0.000010 0.000010 0.000010 0.144600 0.115141 0.000010 0.308830 0.000010 0.000010 0.000010 0.000010 0.000010 0.000010 0.000010 0.100021 0.000010
0.000010 0.000010 0.000010 0.000010 0.000010 0.000010 0.000010 0.000010 0.000010 0.000010 0.000010 0.000010 0.000010 0.999820 0.000010 0.000010 0.000010 0.000010 0.000010
0.000010 0.000010 0.000010 0.000010 0.000010 0.000010 0.000010 0.000010 0.000010 0.000010 0.000010 0.000010 0.206567 0.366135 0.000010 0.427138 0.000010 0.000010 0.000010
0.000010 0.000010 0.000010 0.000010 0.000010 0.000010 0.107399 0.209981 0.000010 0.246499 0.249859 0.186123 0.000010 0.000010 0.000010 0.000010 0.000010 0.000010 0.000010
0.000010 0.000010 0.000010 0.327061 0.000010 0.259081 0.000016 0.062173 0.000010 0.000010 0.000010 0.000010 0.000010 0.000010 0.000010 0.000010 0.252333 0.000010 0.099206
0.000010 0.000010 0.000010 0.000010 0.000010 0.000010 0.188807 0.000010 0.364323 0.000010 0.000010 0.000010 0.000010 0.000010 0.000010 0.000010 0.446710 0.000010 0.000010
0.000010 0.436174 0.000010 0.000010 0.000010 0.000010 0.000010 0.000010 0.000010 0.000010 0.357391 0.000010 0.000010 0.000010 0.000010 0.000010 0.048822 0.105986 0.051487
0.399006 0.000010 0.000010 0.000010 0.111746 0.000010 0.028145 0.000010 0.000010 0.000010 0.000010 0.000010 0.000010 0.000010 0.000010 0.402410 0.000010 0.000010 0.058553
0.000010 0.356108 0.000010 0.000010 0.000010 0.000010 0.000010 0.404402 0.000010 0.000010 0.095791 0.000010 0.000010 0.000010 0.000010 0.000010 0.143549 0.000010 0.000010
0.266184 0.000010 0.000010 0.000010 0.343447 0.000010 0.000010 0.000010 0.000010 0.000010 0.000010 0.000010 0.138075 0.009224 0.242931 0.000010 0.000010 0.000010 0.000010
0.000010 0.332398 0.112604 0.000010 0.000010 0.000010 0.000014 0.000010 0.000010 0.000010 0.020004 0.000010 0.000010 0.000010 0.000010 0.047442 0.259452 0.227965 0.000010
0.000010 0.000010 0.229094 0.000010 0.000010 0.017997 0.024669 0.431264 0.018405 0.098823 0.000010 0.059723 0.010318 0.000010 0.000010 0.000010 0.109607 0.000010 0.000010
0.000010 0.000010 0.000010 0.000010 0.000010 0.000010 0.000010 0.000010 0.000010 0.000010 0.000010 0.000010 0.340174 0.000010 0.000010 0.659656 0.000010 0.000010 0.000010
0.000010 0.000010 0.000010 0.000010 0.000010 0.000010 0.000010 0.000010 0.000010 0.000010 0.000010 0.000010 0.000010 0.000010 0.999820 0.000010 0.000010 0.000010 0.000010
0.000010 0.999820 0.000010 0.000010 0.000010 0.000010 0.000010 0.000010 0.000010 0.000010 0.000010 0.000010 0.000010 0.000010 0.000010 0.000010 0.000010 0.000010 0.000010
0.000010 0.000010 0.000010 0.000010 0.000010 0.075542 0.000010 0.409951 0.000010 0.412639 0.000010 0.101719 0.000010 0.000010 0.000010 0.000010 0.000010 0.000010 0.000010
0.000010 0.215865 0.000010 0.044269 0.000010 0.000010 0.000010 0.268360 0.000010 0.310908 0.111666 0.000010 0.000010 0.000010 0.000010 0.000010 0.048802 0.000010 0.000010
0.000010 0.000010 0.000010 0.000010 0.000010 0.000010 0.000010 0.000010 0.000010 0.000010 0.000010 0.059680 0.000010 0.000010 0.000010 0.940150 0.000010 0.000010 0.000010
0.000010 0.000010 0.000010 0.000010 0.000010 0.134143 0.000010 0.000010 0.000010 0.210014 0.093192 0.000010 0.000010 0.000010 0.000010 0.000010 0.205891 0.356620 0.000010
0.000010 0.461852 0.000010 0.172760 0.000010 0.121669 0.052237 0.191342 0.000010 0.000010 0.000010 0.000010 0.000010 0.000010 0.000010 0.000010 0.000010 0.000010 0.000010
0.000010 0.000010 0.000010 0.000010 0.000010 0.000010 0.101847 0.000010 0.000010 0.000010 0.000010 0.000010 0.897983 0.000010 0.000010 0.000010 0.000010 0.000010 0.000010
0.000010 0.000010 0.000010 0.000010 0.000010 0.000010 0.000010 0.000010 0.000010 0.000010 0.000010 0.104036 0.000010 0.000010 0.000010 0.000010 0.649805 0.000010 0.245999
0.000010 0.000010 0.000010 0.078937 0.000010 0.609976 0.000010 0.000010 0.000010 0.000010 0.000010 0.000010 0.000010 0.000010 0.000010 0.000010 0.000010 0.000010 0.310926
0.000010 0.000010 0.000010 0.000010 0.000010 0.000010 0.556941 0.000010 0.000010 0.000010 0.108976 0.000010 0.000010 0.000010 0.000010 0.000010 0.000010 0.333923 0.000010
0.000010 0.000010 0.157865 0.000010 0.000010 0.144424 0.345880 0.000010 0.000010 0.062699 0.010071 0.000010 0.000010 0.000010 0.000010 0.000010 0.143558 0.000010 0.135383
0.000010 0.000010 0.000010 0.198514 0.000010 0.089529 0.000010 0.212935 0.072524 0.000010 0.254475 0.171894 0.000010 0.000010 0.000010 0.000010 0.000010 0.000010 0.000010
0.000010 0.000010 0.000010 0.000010 0.000010 0.000010 0.000010 0.423953 0.000010 0.000010 0.201523 0.000010 0.000010 0.000010 0.000010 0.000010 0.000010 0.374364 0.000010
0.000010 0.000010 0.000010 0.146385 0.000010 0.390681 0.000010 0.056981 0.000010 0.000010 0.000010 0.000010 0.000010 0.000010 0.000010 0.000010 0.000010 0.000010 0.405803
0.000010 0.142473 0.000010 0.000010 0.000010 0.407658 0.000010 0.000010 0.146519 0.000010 0.000010 0.068006 0.000010 0.009835 0.000010 0.000010 0.100977 0.124412 0.000010
0.000010 0.000010 0.000010 0.000010 0.000010 0.000010 0.000010 0.000010 0.284513 0.000010 0.493163 0.126752 0.000010 0.000010 0.000010 0.000010 0.012305 0.000010 0.083127
0.000010 0.000010 0.000010 0.000010 0.780726 0.000010 0.000010 0.000010 0.000010 0.000010 0.000010 0.000010 0.219104 0.000010 0.000010 0.000010 0.000010 0.000010 0.000010
0.000010 0.081403 0.000010 0.000010 0.000010 0.278958 0.000010 0.136749 0.000010 0.189382 0.000010 0.000010 0.000010 0.000010 0.000010 0.000010 0.098148 0.000010 0.215230
0.006865 0.225288 0.080108 0.000010 0.000010 0.164226 0.000010 0.000010 0.026752 0.293990 0.077476 0.024476 0.000010 0.000010 0.000010 0.000010 0.000010 0.000010 0.100719
0.000010 0.000010 0.000010 0.000010 0.000010 0.000010 0.000010 0.015704 0.984126 0.000010 0.000010 0.000010 0.000010 0.000010 0.000010 0.000010 0.000010 0.000010 0.000010
0.000010 0.000010 0.000010 0.000010 0.000010 0.000010 0.000010 0.000010 0.000010 0.946219 0.000010 0.000010 0.000010 0.000010 0.000010 0.000010 0.053611 0.000010 0.000010
0.000010 0.303692 0.000010 0.103476 0.000010 0.000010 0.006852 0.000010 0.000010 0.000010 0.000010 0.170147 0.000010 0.000010 0.000010 0.000010 0.239369 0.000010 0.176334
0.000010 0.000010 0.000010 0.000010 0.000010 0.000010 0.000010 0.000010 0.000010 0.000010 0.000010 0.000010 0.000010 0.000010 0.000010 0.000010 0.275329 0.000010 0.724501
0.000010 0.000010 0.000010 0.655254 0.000010 0.000010 0.000010 0.308664 0.000010 0.000010 0.035922 0.000010 0.000010 0.000010 0.000010 0.000010 0.000010 0.000010 0.000010
0.000010 0.000010 0.000010 0.144871 0.000010 0.000010 0.100709 0.230052 0.000010 0.000010 0.000010 0.000010 0.000010 0.000010 0.000010 0.000010 0.443004 0.000010 0.081224
0.000010 0.000010 0.000010 0.000010 0.000010 0.000010 0.380587 0.000010 0.500500 0.118753 0.000010 0.000010 0.000010 0.000010 0.000010 0.000010 0.000010 0.000010 0.000010
0.000010 0.000010 0.000010 0.000010 0.000010 0.000010 0.000010 0.000010 0.171062 0.000010 0.000010 0.310498 0.000010 0.000010 0.000010 0.000010 0.518281 0.000010 0.000010
0.000010 0.000010 0.000010 0.000010 0.608050 0.000010 0.000010 0.000010 0.000010 0.000010 0.000010 0.000010 0.217582 0.174208 0.000010 0.000010 0.000010 0.000010 0.000010
0.999820 0.000010 0.000010 0.000010 0.000010 0.000010 0.000010 0.000010 0.000010 0.000010 0.000010 0.000010 0.000010 0.000010 0.000010 0.000010 0.000010 0.000010 0.000010
0.000010 0.000010 0.000010 0.000010 0.999820 0.000010 0.000010 0.000010 0.000010 0.000010 0.000010 0.000010 0.000010 0.000010 0.000010 0.000010 0.000010 0.000010 0.000010
0.000010 0.406574 0.000010 0.000010 0.061022 0.000010 0.000010 0.000010 0.123346 0.359835 0.000010 0.000010 0.000010 0.025272 0.023820 0.000010 0.000010 0.000010 0.000010
0.000010 0.000010 0.000010 0.000010 0.000010 0.000010 0.000010 0.092518 0.147395 0.198373 0.242959 0.093875 0.014703 0.000010 0.000010 0.000010 0.210055 0.000010 0.000010
0.000010 0.000010 0.000010 0.000010 0.000010 0.000010 0.000010 0.000010 0.000010 0.000010 0.000010 0.000010 0.000010 0.000010 0.999820 0.000010 0.000010 0.000010 0.000010
0.275136 0.000010 0.000010 0.000010 0.113415 0.000010 0.000010 0.000010 0.000010 0.000010 0.000010 0.000010 0.000010 0.399089 0.149398 0.062822 0.000010 0.000010 0.000010
0.000010 0.000010 0.152946 0.266787 0.000010 0.000010 0.000010 0.265537 0.244805 0.000010 0.000010 0.000010 0.000010 0.000010 0.000010 0.000010 0.000010 0.000010 0.069785
0.000010 0.000010 0.000010 0.000010 0.000010 0.000010 0.000010 0.000010 0.000010 0.000010 0.000010 0.000010 0.000010 0.611572 0.000010 0.388258 0.000010 0.000010 0.000010
0.000010 0.000010 0.000010 0.031464 0.000010 0.000010 0.000010 0.000010 0.000010 0.000010 0.000010 0.000010 0.000010 0.755927 0.000010 0.212448 0.000010 0.000010 0.000010
0.000010 0.000010 0.000010 0.000010 0.000010 0.000010 0.080830 0.000010 0.000010 0.000010 0.323152 0.000010 0.000010 0.000010 0.000010 0.000010 0.442078 0.000010 0.153789
0.008684 0.000010 0.000010 0.000010 0.000010 0.000010 0.000010 0.000010 0.000010 0.000010 0.000010 0.000010 0.000010 0.144222 0.846934 0.000010 0.000010 0.000010 0.000010
0.000010 0.000010 0.000010 0.000010 0.000010 0.000010 0.000010 0.000010 0.000010 0.000010 0.000010 0.000010 0.000010 0.000010 0.000010 0.000010 0.000010 0.000010 0.999820
0.000010 0.000010 0.000010 0.561566 0.000010 0.000010 0.000010 0.000010 0.051091 0.000010 0.196011 0.000010 0.000010 0.000010 0.000010 0.000010 0.000010 0.000010 0.191181
0.000010 0.000010 0.000010 0.000019 0.000010 0.000010 0.000010 0.000010 0.000010 0.000010 0.000010 0.000010 0.000010 0.000010 0.000010 0.999811 0.000010 0.000010 0.000010
0.258182 0.109135 0.155999 0.000010 0.000010 0.209532 0.000010 0.000010 0.112610 0.000010 0.000010 0.000010 0.000010 0.000010 0.000010 0.000010 0.046830 0.107592 0.000010
0.000010 0.000010 0.110124 0.391211 0.000010 0.046793 0.000010 0.101492 0.099634 0.098385 0.000010 0.000010 0.000010 0.000010 0.000010 0.000010 0.152241 0.000010 0.000010
0.000010 0.000010 0.000010 0.000010 0.000010 0.000010 0.000010 0.000010 0.000010 0.000010 0.000010 0.000010 0.000010 0.000010 0.999820 0.000010 0.000010 0.000010 0.000010
0.000010 0.000010 0.000010 0.382754 0.000010 0.080891 0.000010 0.169651 0.055142 0.000010 0.311422 0.000010 0.000010 0.000010 0.000010 0.000010 0.000010 0.000010 0.000010
0.000010 0.000010 0.000010 0.000010 0.019444 0.980386 0.000010 0.000010 0.000010 0.000010 0.000010 0.000010 0.000010 0.000010 0.000010 0.000010 0.000010 0.000010 0.000010
0.000010 0.000010 0.000010 0.000010 0.000010 0.000010 0.000010 0.000010 0.000010 0.000010 0.000010 0.000010 0.344133 0.000010 0.655697 0.000010 0.000010 0.000010 0.000010
0.000010 0.000010 0.178669 0.197863 0.000010 0.000010 0.225051 0.000010 0.000010 0.086769 0.189753 0.000010 0.000010 0.018522 0.000010 0.000010 0.000010 0.103254 0.000010
0.000010 0.000010 0.000010 0.000010 0.000010 0.000010 0.000010 0.000010 0.000010 0.000010 0.179793 0.820037 0.000010 0.000010 0.000010 0.000010 0.000010 0.000010 0.000010
0.000010 0.000010 0.059668 0.000010 0.000010 0.195774 0.000010 0.353891 0.000010 0.390517 0.000010 0.000010 0.000010 0.000010 0.000010 0.000010 0.000010 0.000010 0.000010
0.000010 0.261021 0.000010 0.531391 0.000010 0.000010 0.000010 0.187692 0.000010 0.019747 0.000010 0.000010 0.000010 0.000010 0.000010 0.000010 0.000010 0.000010 0.000010
0.000010 0.000010 0.000010 0.000010 0.000010 0.999820 0.000010 0.000010 0.000010 0.000010 0.000010 0.000010 0.000010 0.000010 0.000010 0.000010 0.000010 0.000010 0.000010
0.000010 0.000010 0.000010 0.000010 0.000010 0.176552 0.501340 0.000010 0.134132 0.000010 0.000010 0.000010 0.000010 0.000010 0.000010 0.000010 0.000010 0.000010 0.187826
0.000010 0.000010 0.000010 0.400704 0.000010 0.343294 0.000010 0.000010 0.000010 0.000010 0.172517 0.000010 0.000010 0.000010 0.000010 0.000010 0.083335 0.000010 0.000010
0.000010 0.000010 0.000010 0.000010 0.000010 0.000010 0.718643 0.000010 0.000010 0.000010 0.000010 0.000010 0.000010 0.000010 0.000010 0.000010 0.000010 0.281187 0.000010
0.000010 0.000010 0.000010 0.000010 0.000010 0.000010 0.000010 0.000010 0.511058 0.000010 0.165954 0.000010 0.000010 0.000010 0.000010 0.000010 0.000010 0.000010 0.322829
0.000010 0.000010 0.000010 0.000010 0.000010 0.000010 0.000010 0.000010 0.549990 0.024504 0.038754 0.073783 0.000010 0.000010 0.000010 0.000010 0.002490 0.310348 0.000010
0.000010 0.000010 0.000010 0.000010 0.734283 0.000010 0.000010 0.000010 0.000010 0.000010 0.000010 0.000010 0.000010 0.000010 0.265547 0.000010 0.000010 0.000010 0.000010
0.000010 0.218016 0.000010 0.000010 0.000010 0.000010 0.000010 0.000014 0.218729 0.000010 0.000010 0.278863 0.000010 0.000010 0.000010 0.000010 0.255391 0.000010 0.028857
0.000010 0.000010 0.000010 0.255561 0.000010 0.041215 0.125149 0.000010 0.244408 0.115499 0.000010 0.058380 0.000010 0.000010 0.000010 0.000010 0.000010 0.159669 0.000010
0.000010 0.094453 0.000010 0.000010 0.000010 0.000010 0.236569 0.495182 0.000010 0.000010 0.000010 0.000010 0.000010 0.000010 0.000010 0.000010 0.173645 0.000010 0.000010
0.000010 0.000010 0.000010 0.000010 0.303567 0.019733 0.000010 0.000010 0.000010 0.000010 0.000010 0.000010 0.676540 0.000010 0.000010 0.000010 0.000010 0.000010 0.000010
0.999820 0.000010 0.000010 0.000010 0.000010 0.000010 0.000010 0.000010 0.000010 0.000010 0.000010 0.000010 0.000010 0.000010 0.000010 0.000010 0.000010 0.000010 0.000010
0.000010 0.000010 0.000010 0.000010 0.000010 0.596370 0.000010 0.000010 0.000010 0.047765 0.000010 0.000010 0.000010 0.000010 0.000010 0.000010 0.000010 0.355704 0.000010
0.000010 0.000010 0.000010 0.248767 0.000010 0.000010 0.206841 0.000010 0.000010 0.000010 0.145674 0.317189 0.000010 0.000010 0.000010 0.000010 0.081389 0.000010 0.000010
0.000010 0.000010 0.000010 0.000010 0.507652 0.021821 0.089217 0.000010 0.000010 0.000010 0.000010 0.000010 0.381161 0.000010 0.000010 0.000010 0.000010 0.000010 0.000010
0.000010 0.000010 0.000010 0.044531 0.000010 0.000010 0.191391 0.000010 0.187332 0.000010 0.261462 0.052329 0.000010 0.000010 0.000010 0.000010 0.224584 0.038251 0.000010
0.000010 0.000010 0.000010 0.000010 0.999820 0.000010 0.000010 0.000010 0.000010 0.000010 0.000010 0.000010 0.000010 0.000010 0.000010 0.000010 0.000010 0.000010 0.000010
0.000010 0.000010 0.000010 0.000010 0.000010 0.000010 0.000010 0.000010 0.000010 0.000010 0.000010 0.000010 0.469490 0.000010 0.328752 0.201599 0.000010 0.000010 0.000010
0.000010 0.001554 0.105013 0.221126 0.000010 0.005309 0.205621 0.232035 0.000010 0.000010 0.000010 0.164695 0.000010 0.000010 0.000010 0.000010 0.000010 0.044537 0.020007
0.000010 0.000010 0.000010 0.000010 0.000010 0.000010 0.034307 0.000010 0.000010 0.000010 0.000010 0.161133 0.000010 0.000010 0.000010 0.000010 0.139457 0.627280 0.037682
0.000010 0.392368 0.000010 0.000010 0.000010 0.000010 0.000010 0.000010 0.075325 0.000010 0.000010 0.000010 0.000010 0.000010 0.000010 0.000010 0.000010 0.000010 0.532147
0.000010 0.000010 0.000010 0.000010 0.000010 0.000010 0.000010 0.000010 0.000010 0.000010 0.000010 0.554883 0.000010 0.000010 0.444947 0.000010 0.000010 0.000010 0.000010
0.000010 0.000010 0.000010 0.243228 0.000010 0.000010 0.405504 0.000010 0.000010 0.059164 0.000010 0.000010 0.000010 0.000010 0.000010 0.000010 0.000010 0.000010 0.291955
0.000010 0.000010 0.000010 0.301991 0.000010 0.000010 0.000017 0.000010 0.000010 0.000010 0.123121 0.000010 0.000010 0.000010 0.000010 0.000010 0.000010 0.000010 0.574722
0.000010 0.250081 0.000010 0.149465 0.000010 0.055796 0.145390 0.006914 0.000010 0.000010 0.149808 0.000010 0.000010 0.000010 0.000010 0.000010 0.242428 0.000010 0.000010
0.000010 0.000010 0.000010 0.000010 0.000010 0.000010 0.130770 0.000010 0.184427 0.331476 0.074330 0.207354 0.000010 0.000010 0.000010 0.000010 0.071514 0.000010 0.000010
0.000010 0.000010 0.000010 0.000010 0.000010 0.000010 0.000010 0.000010 0.000010 0.000010 0.000010 0.000010 0.000010 0.000010 0.000010 0.000010 0.000010 0.999820 0.000010
0.000010 0.000010 0.000010 0.000010 0.000010 0.000010 0.000010 0.818784 0.000010 0.000010 0.000010 0.181046 0.000010 0.000010 0.000010 0.000010 0.000010 0.000010 0.000010
0.000010 0.000010 0.000010 0.000010 0.000010 0.000010 0.000010 0.170317 0.000010 0.246707 0.000010 0.059498 0.000010 0.011147 0.000010 0.008367 0.285295 0.218549 0.000010
0.000010 0.000010 0.000010 0.000010 0.999820 0.000010 0.000010 0.000010 0.000010 0.000010 0.000010 0.000010 0.000010 0.000010 0.000010 0.000010 0.000010 0.000010 0.000010
0.000010 0.000010 0.000010 0.000010 0.000010 0.000010 0.000010 0.000010 0.000010 0.000010 0.089662 0.000010 0.000010 0.000010 0.000010 0.000010 0.579383 0.000010 0.330795
0.000010 0.094259 0.000010 0.000010 0.000010 0.183232 0.000010 0.000010 0.000010 0.000010 0.000010 0.000010 0.000010 0.000010 0.000010 0.000010 0.553441 0.000010 0.168918
0.000010 0.635131 0.000010 0.000010 0.000010 0.000010 0.091356 0.000010 0.000010 0.104287 0.000010 0.000010 0.000010 0.000010 0.000010 0.000010 0.000010 0.000010 0.169076
0.000010 0.000010 0.000010 0.000010 0.000010 0.000010 0.000010 0.000010 0.621126 0.000010 0.000010 0.000010 0.000010 0.000010 0.000010 0.000010 0.378704 0.000010 0.000010
0.000010 0.000010 0.236177 0.000010 0.000010 0.262502 0.000010 0.000010 0.000010 0.186075 0.001272 0.004196 0.000010 0.000010 0.000010 0.000010 0.000010 0.154358 0.155300
0.000010 0.000010 0.141038 0.000010 0.000010 0.000010 0.385370 0.333714 0.000010 0.139729 0.000010 0.000010 0.000010 0.000010 0.000010 0.000010 0.000010 0.000010 0.000010
0.000010 0.000010 0.000010 0.000010 0.000010 0.000010 0.000010 0.000010 0.000010 0.000010 0.000010 0.000010 0.999820 0.000010 0.000010 0.000010 0.000010 0.000010 0.000010
0.000010 0.000010 0.000010 0.000010 0.000010 0.000010 0.000010 0.000010 0.000010 0.000010 0.000010 0.000010 0.817025 0.000010 0.182805 0.000010 0.000010 0.000010 0.000010
0.000010 0.000010 0.000010 0.000010 0.000010 0.000017 0.000010 0.000010 0.000010 0.000010 0.000010 0.000010 0.321434 0.472893 0.205506 0.000010 0.000010 0.000010 0.000010
0.000010 0.000010 0.000010 0.000010 0.000010 0.000010 0.000010 0.000010 0.000010 0.000010 0.000010 0.074728 0.925102 0.000010 0.000010 0.000010 0.000010 0.000010 0.000010
0.533643 0.000010 0.000010 0.000010 0.276506 0.000010 0.000010 0.000010 0.000010 0.000010 0.000010 0.000010 0.162240 0.000010 0.000010 0.000010 0.000010 0.000010 0.027461
0.000010 0.000010 0.000010 0.000010 0.000010 0.289044 0.000010 0.000010 0.000010 0.000010 0.000010 0.000010 0.000010 0.000010 0.000010 0.000010 0.000010 0.710786 0.000010
0.000010 0.000010 0.000010 0.000010 0.678836 0.000010 0.000010 0.000010 0.000010 0.000010 0.000010 0.000010 0.000010 0.000010 0.000010 0.320994 0.000010 0.000010 0.000010
0.000010 0.000010 0.000010 0.000010 0.000010 0.000010 0.000010 0.000010 0.000010 0.000010 0.000010 0.000010 0.000010 0.999820 0.000010 0.000010 0.000010 0.000010 0.000010
0.000010 0.000010 0.000010 0.000010 0.000010 0.000010 0.000010 0.000010 0.000010 0.000010 0.000010 0.000010 0.999820 0.000010 0.000010 0.000010 0.000010 0.000010 0.000010
0.000010 0.000010 0.000010 0.000010 0.000010 0.000010 0.000010 0.000010 0.000010 0.000010 0.000010 0.000010 0.000010 0.000010 0.999820 0.000010 0.000010 0.000010 0.000010
0.000010 0.000010 0.000010 0.000010 0.000010 0.000010 0.000010 0.000010 0.000010 0.000010 0.000010 0.000010 0.000010 0.000010 0.176061 0.823769 0.000010 0.000010 0.000010
0.473417 0.000010 0.000010 0.000010 0.000010 0.000010 0.000010 0.000010 0.000010 0.000010 0.000010 0.000010 0.000010 0.526413 0.000010 0.000010 0.000010 0.000010 0.000010
0.000010 0.000010 0.000010 0.000010 0.373785 0.000010 0.000010 0.000010 0.000010 0.000010 0.000010 0.000010 0.000010 0.039865 0.000010 0.586190 0.000010 0.000010 0.000010
0.000010 0.000010 0.000010 0.000010 0.000010 0.000010 0.000010 0.000010 0.999820 0.000010 0.000010 0.000010 0.000010 0.000010 0.000010 0.000010 0.000010 0.000010 0.000010
0.000010 0.000010 0.000010 0.000010 0.000010 0.000010 0.000010 0.000010 0.000010 0.000010 0.000010 0.215317 0.000010 0.000010 0.000010 0.000010 0.000010 0.784513 0.000010
0.000010 0.000010 0.000010 0.000010 0.000010 0.000010 0.073588 0.000010 0.000010 0.000010 0.000010 0.000010 0.000010 0.000010 0.000010 0.000010 0.926242 0.000010 0.000010
0.006844 0.181631 0.149987 0.000010 0.000010 0.000010 0.313381 0.000010 0.000010 0.277399 0.000010 0.000010 0.000010 0.000010 0.000010 0.000010 0.000010 0.000010 0.070628
0.000010 0.000010 0.000010 0.000010 0.000010 0.000010 0.000010 0.999820 0.000010 0.000010 0.000010 0.000010 0.000010 0.000010 0.000010 0.000010 0.000010 0.000010 0.000010
0.000010 0.000010 0.000010 0.000010 0.000010 0.404086 0.000010 0.103539 0.000010 0.000010 0.000010 0.000010 0.000010 0.000010 0.000010 0.000010 0.227852 0.149039 0.115344
0.000010 0.311667 0.000010 0.000010 0.000010 0.186203 0.111828 0.000010 0.000010 0.000010 0.285686 0.000010 0.000010 0.000010 0.000010 0.000010 0.000010 0.104476 0.000010
0.000010 0.757048 0.000010 0.000010 0.000010 0.000010 0.000010 0.000010 0.000010 0.242782 0.000010 0.000010 0.000010 0.000010 0.000010 0.000010 0.000010 0.000010 0.000010
0.000010 0.288051 0.000010 0.135591 0.000010 0.000010 0.140702 0.000010 0.000010 0.390057 0.000010 0.045459 0.000010 0.000010 0.000010 0.000010 0.000010 0.000010 0.000010
0.000010 0.000010 0.294805 0.000010 0.000010 0.426636 0.000010 0.278399 0.000010 0.000010 0.000010 0.000010 0.000010 0.000010 0.000010 0.000010 0.000010 0.000010 0.000010
0.000010 0.000010 0.000010 0.000010 0.000010 0.000010 0.000010 0.062005 0.000010 0.937825 0.000010 0.000010 0.000010 0.000010 0.000010 0.000010 0.000010 0.000010 0.000010
0.145829 0.000010 0.000010 0.000010 0.543889 0.000010 0.000010 0.000010 0.000010 0.000010 0.000010 0.000010 0.000010 0.000010 0.310121 0.000010 0.000010 0.000010 0.000010
0.000010 0.127284 0.194190 0.000010 0.000010 0.000010 0.000010 0.196553 0.000010 0.000010 0.000010 0.000010 0.000010 0.000010 0.000010 0.000010 0.000010 0.481823 0.000010
0.000010 0.149645 0.000010 0.000010 0.000010 0.000010 0.012191 0.000010 0.273187 0.000010 0.000010 0.437853 0.000010 0.000010 0.008572 0.000010 0.118422 0.000010 0.000010
0.000010 0.000010 0.000010 0.000010 0.000010 0.000010 0.999820 0.000010 0.000010 0.000010 0.000010 0.000010 0.000010 0.000010 0.000010 0.000010 0.000010 0.000010 0.000010
0.123303 0.000010 0.000010 0.000010 0.104721 0.000010 0.000010 0.000010 0.000010 0.000010 0.000010 0.000010 0.000010 0.000010 0.120376 0.651450 0.000010 0.000010 0.000010
0.000010 0.000010 0.000010 0.000010 0.612399 0.000010 0.000010 0.000010 0.000010 0.000010 0.000010 0.000010 0.000010 0.000010 0.000010 0.387431 0.000010 0.000010 0.000010
0.000010 0.000010 0.000010 0.000010 0.000010 0.000010 0.000010 0.000010 0.000010 0.000010 0.000010 0.000010 0.000010 0.000010 0.000010 0.999820 0.000010 0.000010 0.000010
0.000010 0.000010 0.000010 0.780469 0.000010 0.000010 0.219361 0.000010 0.000010 0.000010 0.000010 0.000010 0.000010 0.000010 0.000010 0.000010 0.000010 0.000010 0.000010
0.000010 0.000010 0.000010 0.000010 0.000010 0.000010 0.000010 0.803964 0.000010 0.000010 0.000010 0.000010 0.000010 0.000010 0.000010 0.000010 0.000010 0.000010 0.195866
0.000010 0.510039 0.097904 0.014916 0.000010 0.000010 0.000010 0.000010 0.095057 0.000010 0.281945 0.000010 0.000010 0.000010 0.000010 0.000010 0.000010 0.000010 0.000010
0.000010 0.000010 0.000010 0.119297 0.000010 0.000010 0.000010 0.211092 0.000010 0.000010 0.226716 0.083397 0.000010 0.008322 0.000010 0.000010 0.000010 0.000010 0.351046
0.000010 0.000010 0.000010 0.000010 0.000010 0.000010 0.000010 0.000010 0.000010 0.000010 0.000010 0.000010 0.999820 0.000010 0.000010 0.000010 0.000010 0.000010 0.000010
0.000010 0.055155 0.000010 0.164458 0.000010 0.000010 0.103511 0.424680 0.000010 0.108654 0.000010 0.122586 0.000010 0.000010 0.000010 0.000010 0.000010 0.000010 0.020837
0.000010 0.187586 0.000010 0.174093 0.000010 0.000010 0.000010 0.000010 0.000010 0.000010 0.000010 0.638161 0.000010 0.000010 0.000010 0.000010 0.000010 0.000010 0.000010
0.000010 0.554631 0.000010 0.000010 0.000010 0.209333 0.167816 0.000010 0.000010 0.000010 0.068069 0.000010 0.000010 0.000010 0.000010 0.000010 0.000010 0.000010 0.000010
0.000010 0.000010 0.000010 0.260332 0.000010 0.342226 0.019205 0.000010 0.012460 0.274700 0.000010 0.043179 0.000010 0.000010 0.000010 0.000010 0.000010 0.000010 0.047778
0.577197 0.000010 0.000010 0.000010 0.000010 0.000010 0.000010 0.000010 0.000010 0.000010 0.000010 0.000010 0.202686 0.000010 0.219957 0.000010 0.000010 0.000010 0.000010
0.220350 0.000010 0.000010 0.000010 0.000010 0.000010 0.000010 0.000010 0.000010 0.000010 0.000010 0.000010 0.000010 0.299900 0.000010 0.479590 0.000010 0.000010 0.000010
0.000010 0.104053 0.000010 0.282214 0.000010 0.000010 0.000010 0.000010 0.240875 0.000010 0.000010 0.161002 0.000010 0.000010 0.004741 0.000010 0.000010 0.137675 0.069320
0.000010 0.000010 0.000010 0.000010 0.000010 0.147235 0.000010 0.064012 0.000010 0.000010 0.393931 0.000010 0.000010 0.000010 0.005433 0.000010 0.371450 0.000010 0.017809
0.000010 0.000010 0.000010 0.000010 0.000010 0.000010 0.000010 0.000010 0.000010 0.000010 0.000010 0.000010 0.325793 0.674037 0.000010 0.000010 0.000010 0.000010 0.000010
0.000010 0.000010 0.223771 0.146164 0.000010 0.000010 0.000010 0.562800 0.000010 0.000010 0.000010 0.000010 0.021356 0.000010 0.000010 0.000010 0.004416 0.041364 0.000010
0.000010 0.335046 0.000010 0.000010 0.000010 0.000010 0.000010 0.297880 0.072988 0.000010 0.000010 0.172089 0.000010 0.000010 0.015823 0.006905 0.000010 0.000010 0.099150
0.000010 0.000010 0.000010 0.000010 0.000010 0.000010 0.230671 0.507319 0.000010 0.261850 0.000010 0.000010 0.000010 0.000010 0.000010 0.000010 0.000010 0.000010 0.000010
0.885784 0.000010 0.000010 0.000010 0.114046 0.000010 0.000010 0.000010 0.000010 0.000010 0.000010 0.000010 0.000010 0.000010 0.000010 0.000010 0.000010 0.000010 0.000010
0.000010 0.169244 0.000010 0.000010 0.000010 0.614090 0.000010 0.216507 0.000010 0.000010 0.000010 0.000010 0.000010 0.000010 0.000010 0.000010 0.000010 0.000010 0.000010
0.000010 0.000010 0.000010 0.000010 0.000010 0.271336 0.336465 0.000010 0.000010 0.000010 0.067038 0.000010 0.000010 0.000010 0.000010 0.000010 0.243134 0.000010 0.081887
0.000010 0.000010 0.000010 0.000010 0.000010 0.000010 0.000010 0.511050 0.000010 0.115298 0.261619 0.111883 0.000010 0.000010 0.000010 0.000010 0.000010 0.000010 0.000010
0.000010 0.000010 0.000010 0.000010 0.000010 0.000010 0.000010 0.000010 0.000010 0.245990 0.342354 0.000010 0.000010 0.000010 0.013951 0.000010 0.000010 0.000010 0.397555
0.336858 0.000010 0.000010 0.000010 0.662972 0.000010 0.000010 0.000010 0.000010 0.000010 0.000010 0.000010 0.000010 0.000010 0.000010 0.000010 0.000010 0.000010 0.000010
0.000010 0.000010 0.000010 0.000010 0.000010 0.000010 0.000010 0.000010 0.000010 0.000010 0.000010 0.000010 0.000010 0.999820 0.000010 0.000010 0.000010 0.000010 0.000010
0.999820 0.000010 0.000010 0.000010 0.000010 0.000010 0.000010 0.000010 0.000010 0.000010 0.000010 0.000010 0.000010 0.000010 0.000010 0.000010 0.000010 0.000010 0.000010
0.000010 0.000010 0.000010 0.590653 0.000010 0.000010 0.000010 0.409177 0.000010 0.000010 0.000010 0.000010 0.000010 0.000010 0.000010 0.000010 0.000010 0.000010 0.000010
0.000010 0.000010 0.000010 0.164781 0.000010 0.000010 0.000010 0.021770 0.001257 0.578041 0.000010 0.198291 0.000010 0.000010 0.000010 0.000010 0.000010 0.035730 0.000010
0.000010 0.000010 0.000010 0.344660 0.000010 0.000010 0.000010 0.303259 0.000010 0.157061 0.000010 0.000010 0.000010 0.000010 0.000010 0.000010 0.000010 0.088547 0.106333
0.000010 0.000010 0.000010 0.000010 0.000010 0.693336 0.000010 0.000010 0.000010 0.000010 0.000010 0.000010 0.000010 0.000010 0.000010 0.014530 0.291974 0.000010 0.000010
0.000010 0.000010 0.981745 0.000010 0.000010 0.000010 0.000010 0.000010 0.000010 0.000010 0.018085 0.000010 0.000010 0.000010 0.000010 0.000010 0.000010 0.000010 0.000010
0.000010 0.000010 0.000010 0.218645 0.000010 0.000010 0.781185 0.000010 0.000010 0.000010 0.000010 0.000010 0.000010 0.000010 0.000010 0.000010 0.000010 0.000010 0.000010
0.291482 0.000010 0.470234 0.000010 0.000010 0.000010 0.000010 0.000010 0.077478 0.000010 0.000010 0.000010 0.000010 0.000010 0.000010 0.160656 0.000010 0.000010 0.000010
0.009129 0.000010 0.000010 0.000010 0.000010 0.000010 0.238484 0.000010 0.155728 0.182635 0.055300 0.000010 0.000010 0.000010 0.000010 0.000010 0.210557 0.000010 0.148047
0.000010 0.334391 0.000010 0.000010 0.000010 0.000010 0.000010 0.097727 0.000010 0.466396 0.000010 0.101336 0.000010 0.000010 0.000010 0.000010 0.000010 0.000010 0.000010
0.000010 0.000010 0.000010 0.000010 0.000010 0.210288 0.000010 0.000010 0.000010 0.000010 0.000010 0.153419 0.000010 0.000010 0.000010 0.000010 0.636133 0.000010 0.000010
0.000010 0.000010 0.000010 0.219478 0.000010 0.000010 0.108766 0.055972 0.000010 0.121662 0.000010 0.231679 0.000010 0.000010 0.000010 0.000010 0.000010 0.000010 0.262313
0.000010 0.171179 0.110238 0.217995 0.000010 0.000010 0.188452 0.000010 0.047100 0.000010 0.000010 0.000010 0.000010 0.000010 0.000010 0.000010 0.264907 0.000010 0.000010
0.000010 0.367647 0.000010 0.374874 0.000010 0.000010 0.000010 0.000010 0.176427 0.000010 0.000010 0.080903 0.000010 0.000010 0.000010 0.000010 0.000010 0.000010 0.000010
0.000010 0.000010 0.000010 0.000010 0.000010 0.243699 0.032216 0.069544 0.000010 0.204157 0.000010 0.143473 0.000010 0.000010 0.000010 0.000010 0.306781 0.000010 0.000010
0.000010 0.147628 0.000010 0.000010 0.000010 0.000010 0.000010 0.000010 0.000010 0.153346 0.000010 0.330792 0.000010 0.000010 0.000010 0.000010 0.000010 0.368083 0.000010
0.000010 0.042545 0.176010 0.000010 0.000010 0.101043 0.110435 0.204636 0.052420 0.000010 0.000010 0.301556 0.000010 0.000010 0.000010 0.000010 0.000010 0.000010 0.011245
0.000010 0.302143 0.047380 0.000010 0.000010 0.000010 0.157820 0.088283 0.000010 0.000010 0.000010 0.000010 0.000010 0.000010 0.000010 0.000010 0.404234 0.000010 0.000010
0.000010 0.000010 0.000010 0.000010 0.000010 0.000010 0.000010 0.000010 0.107285 0.000010 0.000010 0.288281 0.000010 0.000010 0.084983 0.000010 0.166917 0.071169 0.281235
0.000010 0.000010 0.000010 0.527107 0.000010 0.000010 0.000010 0.000010 0.000010 0.000010 0.000010 0.201349 0.000010 0.000010 0.000010 0.000010 0.059949 0.000010 0.211445
0.328949 0.000010 0.000010 0.000010 0.000010 0.000010 0.000010 0.000010 0.000010 0.000010 0.000010 0.000010 0.507245 0.163591 0.000010 0.000010 0.000010 0.000010 0.000065
0.000010 0.000010 0.000010 0.000010 0.999820 0.000010 0.000010 0.000010 0.000010 0.000010 0.000010 0.000010 0.000010 0.000010 0.000010 0.000010 0.000010 0.000010 0.000010
0.000010 0.000010 0.000010 0.000010 0.000010 0.000010 0.000010 0.000010 0.000010 0.000010 0.000010 0.000010 0.000010 0.000010 0.000010 0.000010 0.367304 0.000010 0.632526
0.000010 0.000010 0.180412 0.000010 0.000010 0.000010 0.016909 0.000010 0.000010 0.000010 0.001707 0.000010 0.000010 0.000010 0.000010 0.000010 0.000010 0.716049 0.084783
0.000010 0.099000 0.035134 0.000010 0.000010 0.110476 0.129047 0.000010 0.000010 0.177654 0.099012 0.229241 0.000010 0.000010 0.000010 0.000010 0.000010 0.120327 0.000010
0.000010 0.103292 0.000010 0.000010 0.000010 0.000010 0.000010 0.000010 0.000010 0.298400 0.340186 0.168685 0.000010 0.000010 0.000010 0.000010 0.089297 0.000010 0.000010
0.000010 0.000010 0.910676 0.000010 0.000010 0.000010 0.000010 0.089154 0.000010 0.000010 0.000010 0.000010 0.000010 0.000010 0.000010 0.000010 0.000010 0.000010 0.000010
0.000010 0.000010 0.000010 0.000010 0.000010 0.000010 0.000010 0.000010 0.000010 0.999820 0.000010 0.000010 0.000010 0.000010 0.000010 0.000010 0.000010 0.000010 0.000010
0.000010 0.000010 0.000010 0.141298 0.000010 0.000010 0.000010 0.000010 0.517459 0.341084 0.000010 0.000010 0.000010 0.000010 0.000010 0.000010 0.000010 0.000010 0.000010
0.000010 0.000010 0.000010 0.159541 0.000010 0.000010 0.222601 0.000010 0.000010 0.119780 0.000010 0.116422 0.000010 0.000010 0.000010 0.000010 0.222619 0.000010 0.158907
0.000010 0.000010 0.000010 0.000010 0.000010 0.000010 0.000010 0.000010 0.000010 0.000010 0.999820 0.000010 0.000010 0.000010 0.000010 0.000010 0.000010 0.000010 0.000010
0.000010 0.000010 0.999820 0.000010 0.000010 0.000010 0.000010 0.000010 0.000010 0.000010 0.000010 0.000010 0.000010 0.000010 0.000010 0.000010 0.000010 0.000010 0.000010
0.000010 0.000010 0.000010 0.000010 0.000010 0.000010 0.082992 0.240050 0.000010 0.000010 0.000010 0.000010 0.000010 0.000010 0.000010 0.000010 0.000011 0.676797 0.000010
0.000010 0.000010 0.000010 0.000010 0.999820 0.000010 0.000010 0.000010 0.000010 0.000010 0.000010 0.000010 0.000010 0.000010 0.000010 0.000010 0.000010 0.000010 0.000010
0.000010 0.217726 0.000010 0.000010 0.000010 0.414103 0.000010 0.000010 0.277541 0.090480 0.000010 0.000010 0.000010 0.000010 0.000010 0.000010 0.000010 0.000010 0.000010
0.000010 0.000010 0.000010 0.000010 0.000010 0.000010 0.000010 0.146088 0.853742 0.000010 0.000010 0.000010 0.000010 0.000010 0.000010 0.000010 0.000010 0.000010 0.000010
0.000010 0.000010 0.000010 0.000010 0.000010 0.000010 0.000010 0.000010 0.000010 0.000010 0.028674 0.000010 0.000010 0.000010 0.971156 0.000010 0.000010 0.000010 0.000010
0.000010 0.000010 0.000010 0.000010 0.000010 0.000010 0.000010 0.000010 0.000010 0.000010 0.214457 0.000010 0.000010 0.000010 0.000010 0.000010 0.785373 0.000010 0.000010
0.000010 0.000010 0.103670 0.047051 0.000010 0.440313 0.000010 0.145088 0.255789 0.000010 0.000010 0.007958 0.000010 0.000010 0.000010 0.000010 0.000010 0.000010 0.000010
0.000010 0.000010 0.000010 0.461502 0.000010 0.000010 0.000010 0.000010 0.018317 0.000010 0.000010 0.520021 0.000010 0.000010 0.000010 0.000010 0.000010 0.000010 0.000010
0.163241 0.000010 0.000010 0.000010 0.000010 0.000010 0.000010 0.000010 0.000010 0.000010 0.000010 0.000010 0.000010 0.258159 0.067418 0.511031 0.000010 0.000010 0.000010
