0.084067 0.140139 0.000010 0.455003 0.000010 0.320748 0.000013 0.000010
0.000010 0.992282 0.000010 0.000010 0.007658 0.000010 0.000010 0.000010
0.052341 0.000010 0.000010 0.430238 0.000010 0.000010 0.517371 0.000010
0.999930 0.000010 0.000010 0.000010 0.000010 0.000010 0.000010 0.000010
0.000010 0.000010 0.000010 0.086958 0.000010 0.000010 0.912982 0.000010
0.000010 0.999930 0.000010 0.000010 0.000010 0.000010 0.000010 0.000010
0.113128 0.664150 0.030853 0.191828 0.000010 0.000010 0.000010 0.000010
0.027892 0.146916 0.000010 0.597325 0.000010 0.227827 0.000010 0.000010
0.236229 0.763711 0.000010 0.000010 0.000010 0.000010 0.000010 0.000010
0.127066 0.000010 0.398451 0.000010 0.358323 0.116120 0.000010 0.000010
0.000010 0.000010 0.226102 0.000010 0.000010 0.000010 0.000010 0.773838
0.985842 0.000010 0.000010 0.000010 0.000010 0.000010 0.000010 0.014098
0.252599 0.000010 0.000010 0.200649 0.000010 0.369109 0.177603 0.000010
0.090263 0.000010 0.000010 0.139237 0.001916 0.768544 0.000010 0.000010
0.000010 0.415346 0.000012 0.387829 0.000010 0.196773 0.000010 0.000010
0.000010 0.000010 0.000010 0.000010 0.000010 0.562749 0.437191 0.000010
0.000010 0.000010 0.000010 0.000010 0.999930 0.000010 0.000010 0.000010
0.000010 0.000010 0.999930 0.000010 0.000010 0.000010 0.000010 0.000010
0.000010 0.000010 0.000010 0.000010 0.000010 0.999930 0.000010 0.000010
0.000010 0.000010 0.000010 0.000010 0.999930 0.000010 0.000010 0.000010
0.084997 0.000010 0.520833 0.394120 0.000010 0.000010 0.000010 0.000010
0.000010 0.321343 0.000010 0.000010 0.000010 0.678597 0.000010 0.000010
0.000010 0.000010 0.000010 0.000010 0.999930 0.000010 0.000010 0.000010
0.000010 0.000010 0.156436 0.000010 0.203066 0.000010 0.000010 0.640448
0.000010 0.000010 0.000010 0.000010 0.625605 0.000010 0.000010 0.374335
0.000010 0.218233 0.000010 0.387819 0.000010 0.393898 0.000010 0.000010
0.041474 0.496598 0.000010 0.140796 0.000010 0.000010 0.321092 0.000010
0.000010 0.390062 0.000010 0.000010 0.015671 0.594217 0.000010 0.000010
0.060922 0.195170 0.000010 0.264842 0.000010 0.479026 0.000010 0.000010
0.000010 0.000010 0.999930 0.000010 0.000010 0.000010 0.000010 0.000010
0.000010 0.000010 0.357753 0.000010 0.000010 0.000010 0.000010 0.642187
0.770964 0.000010 0.000010 0.000010 0.027060 0.201926 0.000010 0.000010
0.000010 0.000010 0.000010 0.000010 0.000010 0.000010 0.000010 0.999930
0.695039 0.000010 0.168659 0.136252 0.000010 0.000010 0.000010 0.000010
0.000010 0.000010 0.000010 0.979399 0.000010 0.000010 0.000010 0.020541
0.161119 0.344255 0.007239 0.104420 0.000010 0.382938 0.000010 0.000010
0.000010 0.000010 0.000010 0.000010 0.304806 0.000010 0.000010 0.695134
0.000010 0.000010 0.305387 0.000010 0.165673 0.000010 0.000010 0.528889
0.529715 0.315285 0.000010 0.094374 0.000010 0.000010 0.060586 0.000010
0.152561 0.000010 0.000010 0.212896 0.000010 0.444283 0.190221 0.000010
0.000010 0.000010 0.000010 0.313793 0.000010 0.420116 0.266041 0.000010
0.762881 0.146654 0.000010 0.000010 0.000010 0.000010 0.090415 0.000010
0.000010 0.000010 0.000010 0.000010 0.903237 0.096703 0.000010 0.000010
0.000010 0.000010 0.001664 0.000010 0.000010 0.998276 0.000010 0.000010
0.000010 0.000010 0.212053 0.000010 0.349770 0.000010 0.000010 0.438127
0.151394 0.000010 0.000010 0.799364 0.049192 0.000010 0.000010 0.000010
0.000010 0.000010 0.011785 0.383063 0.000010 0.000010 0.605102 0.000010
0.000010 0.000010 0.750109 0.000010 0.189803 0.000010 0.000010 0.060038
0.000010 0.000010 0.165514 0.000010 0.000010 0.000010 0.000010 0.834426
0.000010 0.999930 0.000010 0.000010 0.000010 0.000010 0.000010 0.000010
0.000010 0.000010 0.000010 0.474243 0.000010 0.525697 0.000010 0.000010
0.174482 0.418580 0.000010 0.136173 0.000010 0.249082 0.021654 0.000010
0.075999 0.000010 0.779962 0.000010 0.143989 0.000010 0.000010 0.000010
0.315703 0.426105 0.000010 0.000010 0.000010 0.258142 0.000010 0.000010
0.150014 0.000010 0.000010 0.313107 0.000010 0.406380 0.130459 0.000010
0.082014 0.000010 0.917926 0.000010 0.000010 0.000010 0.000010 0.000010
0.281928 0.160135 0.000010 0.000010 0.000010 0.200131 0.357766 0.000010
0.000010 0.000010 0.000010 0.254472 0.000010 0.000010 0.745468 0.000010
0.000010 0.534128 0.000010 0.173493 0.000010 0.000010 0.292329 0.000010
0.000010 0.245508 0.000010 0.023755 0.000010 0.224074 0.506622 0.000010
0.000010 0.000010 0.000010 0.129242 0.000010 0.599551 0.271157 0.000010
0.000010 0.386762 0.000010 0.000010 0.000010 0.613178 0.000010 0.000010
0.000010 0.000010 0.000010 0.000010 0.000010 0.489406 0.510534 0.000010
0.000010 0.999930 0.000010 0.000010 0.000010 0.000010 0.000010 0.000010
0.648324 0.077656 0.000010 0.107077 0.000010 0.166904 0.000010 0.000010
0.000010 0.000010 0.000010 0.000010 0.000010 0.000010 0.000010 0.999930
0.099150 0.000010 0.000010 0.696505 0.000010 0.204295 0.000010 0.000010
0.000010 0.359939 0.006780 0.398938 0.000010 0.234303 0.000010 0.000010
0.000010 0.000010 0.000010 0.411006 0.000010 0.588934 0.000010 0.000010
0.000010 0.000010 0.000010 0.999930 0.000010 0.000010 0.000010 0.000010
0.287241 0.000010 0.000452 0.265350 0.000010 0.205533 0.241394 0.000010
0.000010 0.000010 0.000010 0.358712 0.000010 0.641228 0.000010 0.000010
0.000010 0.184963 0.000010 0.000010 0.000010 0.814977 0.000010 0.000010
0.000010 0.132748 0.000010 0.000010 0.000010 0.118251 0.748952 0.000010
0.102074 0.324456 0.000010 0.000010 0.000010 0.364485 0.208945 0.000010
0.628022 0.000010 0.000010 0.000010 0.000010 0.371918 0.000010 0.000010
0.000010 0.000010 0.000010 0.000010 0.000010 0.000010 0.000010 0.999930
0.000010 0.000010 0.576820 0.000010 0.423120 0.000010 0.000010 0.000010
0.000010 0.000010 0.000010 0.000010 0.000010 0.000010 0.000010 0.999930
0.467575 0.000010 0.000010 0.000010 0.000010 0.422295 0.000010 0.110080
0.000010 0.048173 0.015838 0.400502 0.000010 0.320555 0.214901 0.000010
0.000010 0.000010 0.000010 0.000010 0.999930 0.000010 0.000010 0.000010
0.000010 0.000010 0.999930 0.000010 0.000010 0.000010 0.000010 0.000010
0.312450 0.092923 0.000010 0.000010 0.000010 0.304574 0.290013 0.000010
0.000010 0.000010 0.363389 0.000010 0.636551 0.000010 0.000010 0.000010
0.000010 0.000010 0.000010 0.000010 0.478614 0.009824 0.023467 0.488055
0.003165 0.000010 0.000010 0.349438 0.000010 0.277767 0.369590 0.000010
0.000010 0.000010 0.000010 0.000010 0.871080 0.000010 0.000010 0.128860
0.000010 0.000010 0.000010 0.000010 0.000010 0.000010 0.991973 0.007967
0.843289 0.000010 0.000010 0.000010 0.000010 0.000010 0.156651 0.000010
0.000010 0.000010 0.000010 0.000010 0.901296 0.000010 0.000010 0.098644
0.025129 0.389379 0.000010 0.251422 0.256391 0.077650 0.000010 0.000010
0.000010 0.000010 0.000010 0.129131 0.000010 0.651946 0.218872 0.000010
0.000010 0.000010 0.000010 0.000010 0.999930 0.000010 0.000010 0.000010
0.076585 0.322848 0.000010 0.000010 0.000010 0.443188 0.157339 0.000010
0.000010 0.000010 0.000010 0.976904 0.000010 0.000010 0.000010 0.023036
0.000010 0.000010 0.000010 0.000010 0.839958 0.000010 0.000010 0.159982
0.500079 0.000010 0.023583 0.476288 0.000010 0.000010 0.000010 0.000010
0.999930 0.000010 0.000010 0.000010 0.000010 0.000010 0.000010 0.000010
0.000010 0.290392 0.000010 0.263339 0.000010 0.000010 0.446218 0.000010
0.016553 0.000010 0.000010 0.000010 0.000010 0.687993 0.295404 0.000010
0.000010 0.000010 0.000010 0.890880 0.000010 0.000010 0.109060 0.000010
0.000010 0.239456 0.000010 0.330978 0.000010 0.429516 0.000010 0.000010
0.220518 0.430967 0.000010 0.000010 0.000010 0.289953 0.058523 0.000010
0.000010 0.000010 0.000010 0.000010 0.000010 0.000010 0.999930 0.000010
0.000010 0.000010 0.000010 0.303893 0.000010 0.340958 0.355099 0.000010
0.429911 0.570029 0.000010 0.000010 0.000010 0.000010 0.000010 0.000010
0.000010 0.000010 0.999930 0.000010 0.000010 0.000010 0.000010 0.000010
0.574687 0.190653 0.000010 0.000010 0.000010 0.069089 0.165531 0.000010
0.000010 0.224539 0.000010 0.225018 0.000010 0.199340 0.351064 0.000010
0.000010 0.444040 0.000010 0.000010 0.000010 0.000010 0.555900 0.000010
0.000010 0.000010 0.000010 0.028247 0.000010 0.000010 0.000010 0.971693
0.000010 0.000010 0.999930 0.000010 0.000010 0.000010 0.000010 0.000010
0.000010 0.940280 0.000010 0.059660 0.000010 0.000010 0.000010 0.000010
0.000010 0.000010 0.000010 0.272168 0.000010 0.237150 0.490632 0.000010
0.000010 0.000010 0.000010 0.000010 0.186523 0.015745 0.101297 0.696395
0.246921 0.000010 0.000010 0.180357 0.000010 0.253840 0.318841 0.000010
0.000020 0.000010 0.000010 0.000010 0.000010 0.000010 0.000010 0.999920
0.000010 0.000010 0.000010 0.000010 0.682246 0.000010 0.000010 0.317694
0.051580 0.000010 0.000010 0.290766 0.000010 0.422840 0.234774 0.000010
0.396645 0.000010 0.000010 0.603295 0.000010 0.000010 0.000010 0.000010
0.000010 0.000010 0.000010 0.433264 0.000010 0.464849 0.101837 0.000010
0.000010 0.509574 0.000010 0.000010 0.490366 0.000010 0.000010 0.000010
0.000010 0.000010 0.000010 0.000010 0.000010 0.999930 0.000010 0.000010
0.000010 0.000010 0.000010 0.000010 0.000010 0.000010 0.999930 0.000010
0.361836 0.261378 0.000010 0.376736 0.000010 0.000010 0.000010 0.000010
0.000010 0.000010 0.000010 0.367428 0.000010 0.632512 0.000010 0.000010
0.000010 0.000010 0.000010 0.337889 0.000010 0.662051 0.000010 0.000010
0.262203 0.000010 0.000010 0.000010 0.000010 0.290162 0.447585 0.000010
0.489024 0.247919 0.000010 0.187084 0.026787 0.049156 0.000010 0.000010
0.000010 0.000010 0.000010 0.021988 0.000010 0.000010 0.000010 0.977952
0.170699 0.000010 0.000010 0.000010 0.000010 0.369255 0.459995 0.000010
0.250286 0.000010 0.000010 0.483543 0.000010 0.266121 0.000010 0.000010
0.150640 0.297930 0.000010 0.312776 0.000010 0.238614 0.000010 0.000010
0.027647 0.000010 0.000010 0.193719 0.000010 0.778584 0.000010 0.000010
0.137939 0.403965 0.000010 0.330066 0.000010 0.000010 0.127989 0.000010
0.000010 0.199424 0.000010 0.304171 0.000010 0.173199 0.323166 0.000010
0.000010 0.000010 0.000010 0.000010 0.999930 0.000010 0.000010 0.000010
0.000019 0.000010 0.076496 0.000010 0.000010 0.019012 0.000010 0.904433
0.000010 0.000010 0.124129 0.000010 0.146120 0.000010 0.000010 0.729701
0.000010 0.000010 0.145538 0.000010 0.126155 0.106380 0.000010 0.621887
0.000010 0.000010 0.273148 0.000010 0.490775 0.000010 0.037814 0.198223
0.653723 0.000010 0.000010 0.319943 0.000010 0.000010 0.026284 0.000010
0.000010 0.000010 0.000010 0.000010 0.999930 0.000010 0.000010 0.000010
0.000010 0.000010 0.000010 0.000010 0.443295 0.000010 0.000010 0.556645
0.000010 0.000010 0.000010 0.000010 0.000010 0.000010 0.000010 0.999930
0.000010 0.000010 0.000010 0.000010 0.911461 0.000010 0.000010 0.088479
0.000010 0.000010 0.524384 0.000010 0.475556 0.000010 0.000010 0.000010
0.000010 0.000010 0.000010 0.000010 0.649811 0.000010 0.000010 0.350129
0.000010 0.000010 0.314418 0.000010 0.000010 0.000010 0.000010 0.685522
0.000010 0.000010 0.007655 0.802048 0.000010 0.190247 0.000010 0.000010
0.720134 0.000010 0.000010 0.000010 0.000010 0.000010 0.279806 0.000010
0.000010 0.000010 0.000010 0.999930 0.000010 0.000010 0.000010 0.000010
0.149209 0.000010 0.000010 0.304003 0.005785 0.540962 0.000010 0.000010
0.422260 0.000010 0.000010 0.291297 0.000010 0.000010 0.286393 0.000010
0.252631 0.449967 0.000010 0.297352 0.000010 0.000010 0.000010 0.000010
0.000010 0.999930 0.000010 0.000010 0.000010 0.000010 0.000010 0.000010
0.000010 0.000010 0.000010 0.000010 0.000010 0.999930 0.000010 0.000010
0.578178 0.000010 0.000010 0.270300 0.000010 0.151472 0.000010 0.000010
0.000010 0.581939 0.000010 0.188221 0.000010 0.229790 0.000010 0.000010
0.000010 0.000010 0.000010 0.533556 0.000010 0.462003 0.000010 0.004391
0.000010 0.000010 0.084093 0.000010 0.758526 0.000010 0.000010 0.157331
0.484946 0.251121 0.000010 0.263883 0.000010 0.000010 0.000010 0.000010
0.118955 0.091395 0.000010 0.772586 0.017024 0.000010 0.000010 0.000010
0.418379 0.000010 0.000010 0.000010 0.000010 0.581561 0.000010 0.000010
0.000010 0.000010 0.352014 0.000010 0.647926 0.000010 0.000010 0.000010
0.000010 0.000010 0.296006 0.000010 0.179088 0.000010 0.000010 0.524856
0.000010 0.000010 0.999930 0.000010 0.000010 0.000010 0.000010 0.000010
0.000010 0.310990 0.000010 0.000010 0.000010 0.688950 0.000010 0.000010
0.000010 0.000010 0.000010 0.000010 0.000010 0.000010 0.999930 0.000010
0.176220 0.485811 0.000010 0.000010 0.000010 0.234151 0.103778 0.000010
0.271658 0.000010 0.000010 0.000010 0.000010 0.454342 0.267072 0.006888
0.000010 0.000010 0.494304 0.000010 0.000010 0.000010 0.000010 0.505636
0.381618 0.000010 0.004328 0.329170 0.000010 0.284844 0.000010 0.000010
0.999930 0.000010 0.000010 0.000010 0.000010 0.000010 0.000010 0.000010
0.090337 0.000010 0.000010 0.211921 0.000010 0.697692 0.000010 0.000010
0.139950 0.188162 0.000010 0.134188 0.000104 0.286981 0.250596 0.000010
0.000010 0.000010 0.000010 0.000010 0.664042 0.000010 0.000010 0.335898
0.000010 0.000010 0.522921 0.000010 0.172545 0.000010 0.000010 0.304484
0.659343 0.000010 0.004501 0.000010 0.000010 0.315671 0.020445 0.000010
0.106688 0.083961 0.000010 0.383929 0.002019 0.286167 0.137216 0.000010
0.000010 0.000010 0.000010 0.000010 0.999930 0.000010 0.000010 0.000010
0.167156 0.810637 0.022157 0.000010 0.000010 0.000010 0.000010 0.000010
0.000010 0.100113 0.000010 0.366434 0.020283 0.236119 0.277021 0.000010
0.203222 0.000010 0.000010 0.338820 0.000010 0.453730 0.000010 0.004188
0.000010 0.000010 0.000010 0.000010 0.545304 0.000010 0.000010 0.454636
0.000010 0.000010 0.000010 0.000010 0.000010 0.999930 0.000010 0.000010
0.000010 0.092539 0.000010 0.421896 0.011547 0.000010 0.473978 0.000010
0.374703 0.000446 0.000010 0.000010 0.000010 0.624801 0.000010 0.000010
0.161834 0.000010 0.000010 0.044758 0.000010 0.000010 0.771268 0.022100
0.000010 0.000010 0.080114 0.000010 0.000010 0.000010 0.000010 0.919826
0.000010 0.000010 0.000010 0.000010 0.000010 0.000010 0.000010 0.999930
0.000010 0.000010 0.978111 0.000010 0.000010 0.021829 0.000010 0.000010
0.910261 0.000010 0.000010 0.000010 0.000010 0.000010 0.089679 0.000010
0.018668 0.000010 0.000010 0.173977 0.000010 0.371576 0.435740 0.000010
0.000010 0.000010 0.000010 0.000010 0.000010 0.000010 0.999930 0.000010
0.000010 0.986001 0.013939 0.000010 0.000010 0.000010 0.000010 0.000010
0.603136 0.000010 0.010298 0.000010 0.000010 0.000010 0.386516 0.000010
0.000010 0.000010 0.000010 0.685251 0.000010 0.000010 0.314689 0.000010
0.309574 0.000010 0.078055 0.008825 0.359108 0.063418 0.181001 0.000010
0.191316 0.000010 0.000010 0.581809 0.008311 0.168765 0.049770 0.000010
0.182424 0.000010 0.000010 0.817516 0.000010 0.000010 0.000010 0.000010
0.000010 0.000010 0.000010 0.999930 0.000010 0.000010 0.000010 0.000010
0.000010 0.537231 0.000010 0.000010 0.000010 0.462709 0.000010 0.000010
0.000010 0.113997 0.000010 0.199256 0.000010 0.686697 0.000010 0.000010
0.999930 0.000010 0.000010 0.000010 0.000010 0.000010 0.000010 0.000010
0.101410 0.000010 0.000010 0.833920 0.000010 0.000010 0.064620 0.000010
0.096366 0.000010 0.000010 0.903573 0.000011 0.000010 0.000010 0.000010
0.312792 0.000010 0.000010 0.459566 0.000010 0.227592 0.000010 0.000010
0.511381 0.000010 0.000010 0.452932 0.000010 0.000010 0.035637 0.000010
0.134650 0.000010 0.000010 0.776987 0.088314 0.000010 0.000010 0.000010
0.999930 0.000010 0.000010 0.000010 0.000010 0.000010 0.000010 0.000010
0.000010 0.000010 0.493535 0.000010 0.164471 0.000010 0.011106 0.330848
0.000010 0.000010 0.000010 0.000010 0.273542 0.000010 0.000010 0.726398
0.000010 0.000010 0.000010 0.509191 0.000010 0.245239 0.245520 0.000010
0.000010 0.885816 0.000010 0.000010 0.000010 0.000010 0.114124 0.000010
0.315682 0.000010 0.000010 0.403702 0.000010 0.027257 0.253318 0.000010
0.281649 0.000010 0.000010 0.497862 0.000010 0.220439 0.000010 0.000010
0.265381 0.379408 0.000010 0.196930 0.000010 0.000010 0.153623 0.004629
0.423820 0.000010 0.000010 0.146072 0.000010 0.000010 0.430058 0.000010
0.302199 0.000010 0.000010 0.000010 0.000010 0.697741 0.000010 0.000010
0.000010 0.000010 0.000010 0.530102 0.000010 0.141634 0.328213 0.000010
0.999930 0.000010 0.000010 0.000010 0.000010 0.000010 0.000010 0.000010
0.000010 0.999930 0.000010 0.000010 0.000010 0.000010 0.000010 0.000010
0.586661 0.000010 0.000010 0.154154 0.000010 0.057083 0.202063 0.000010
0.000010 0.000010 0.000010 0.000010 0.000010 0.000010 0.000010 0.999930
0.000010 0.281928 0.000010 0.000010 0.000010 0.718012 0.000010 0.000010
0.525581 0.272858 0.000010 0.000010 0.000010 0.000010 0.201511 0.000010
0.000010 0.000010 0.000010 0.030552 0.000010 0.000010 0.000010 0.969388
0.999930 0.000010 0.000010 0.000010 0.000010 0.000010 0.000010 0.000010
0.174037 0.431752 0.000010 0.038015 0.000010 0.356156 0.000010 0.000010
0.999930 0.000010 0.000010 0.000010 0.000010 0.000010 0.000010 0.000010
0.000010 0.000010 0.999930 0.000010 0.000010 0.000010 0.000010 0.000010
0.000010 0.999930 0.000010 0.000010 0.000010 0.000010 0.000010 0.000010
0.138099 0.426003 0.000010 0.000010 0.004690 0.431168 0.000010 0.000010
0.000010 0.000010 0.000010 0.999930 0.000010 0.000010 0.000010 0.000010
0.000010 0.614797 0.000010 0.000010 0.000010 0.139927 0.245226 0.000010
0.000010 0.195383 0.000010 0.530480 0.000010 0.269305 0.000010 0.004792
0.000010 0.000010 0.524150 0.000010 0.475790 0.000010 0.000010 0.000010
0.000010 0.000010 0.000010 0.000010 0.386463 0.000010 0.000010 0.613477
0.000010 0.000010 0.000010 0.000010 0.000010 0.000010 0.000010 0.999930
0.000010 0.000010 0.280019 0.000010 0.248651 0.000010 0.000010 0.471281
0.092230 0.000010 0.000010 0.000010 0.000010 0.676467 0.231253 0.000010
0.000010 0.000010 0.212788 0.000010 0.735830 0.000010 0.000010 0.051332
0.000010 0.000010 0.000010 0.000010 0.526939 0.000010 0.014804 0.458207
0.055327 0.000010 0.000010 0.000010 0.000010 0.652928 0.278665 0.013039
0.000010 0.511231 0.000010 0.000010 0.000010 0.349649 0.139070 0.000010
0.000010 0.461102 0.000010 0.000010 0.000010 0.523050 0.000010 0.015798
0.129464 0.396521 0.016775 0.000010 0.000010 0.313571 0.143640 0.000010
0.130562 0.043615 0.000010 0.405033 0.000010 0.000010 0.420750 0.000010
0.181466 0.000010 0.000010 0.284770 0.000010 0.356857 0.176867 0.000010
0.000010 0.000010 0.000010 0.999930 0.000010 0.000010 0.000010 0.000010
0.000010 0.536296 0.000010 0.463644 0.000010 0.000010 0.000010 0.000010
0.000010 0.277890 0.000010 0.000010 0.000010 0.439426 0.282634 0.000010
0.113448 0.028328 0.000010 0.248831 0.000010 0.218909 0.390454 0.000010
0.078252 0.000010 0.000010 0.440401 0.013611 0.467696 0.000010 0.000010
0.561712 0.000010 0.000010 0.077193 0.000010 0.314699 0.046356 0.000010
0.462433 0.000010 0.000010 0.000010 0.000010 0.537507 0.000010 0.000010
0.000010 0.000010 0.000010 0.000010 0.000010 0.999930 0.000010 0.000010
0.346017 0.000010 0.000010 0.000010 0.000010 0.621782 0.000010 0.032151
0.000010 0.335280 0.000012 0.657358 0.000010 0.000010 0.000010 0.007311
0.000010 0.000010 0.000010 0.000010 0.000010 0.000010 0.999930 0.000010
0.000010 0.724746 0.000010 0.000010 0.000010 0.187187 0.088017 0.000010
0.476910 0.000010 0.000010 0.523030 0.000010 0.000010 0.000010 0.000010
0.000010 0.000010 0.000010 0.763179 0.236761 0.000010 0.000010 0.000010
0.219154 0.238415 0.000010 0.254708 0.000010 0.287683 0.000010 0.000010
0.252587 0.338379 0.000010 0.000010 0.000010 0.275501 0.133493 0.000010
0.116104 0.341423 0.000010 0.163870 0.000010 0.378563 0.000010 0.000010
0.404991 0.000010 0.000010 0.346884 0.000010 0.000010 0.248075 0.000010
0.357750 0.000010 0.000010 0.200676 0.000010 0.441524 0.000010 0.000010
0.115092 0.386740 0.004269 0.000010 0.000010 0.000010 0.493859 0.000010
0.000010 0.000010 0.000010 0.000010 0.000010 0.845889 0.154051 0.000010
0.000010 0.153311 0.000124 0.600561 0.000010 0.000010 0.245963 0.000010
0.251439 0.336985 0.000010 0.000010 0.000010 0.000010 0.411525 0.000010
0.000010 0.039110 0.000010 0.864180 0.000010 0.096660 0.000010 0.000010
0.000010 0.999930 0.000010 0.000010 0.000010 0.000010 0.000010 0.000010
0.124548 0.189677 0.000010 0.000010 0.000010 0.395138 0.290597 0.000010
0.329551 0.051103 0.000010 0.411615 0.000010 0.049527 0.158175 0.000010
0.000010 0.644297 0.000010 0.000010 0.000010 0.355643 0.000010 0.000010
0.166762 0.000010 0.000010 0.077894 0.000010 0.327185 0.428119 0.000010
0.000010 0.000010 0.000010 0.000010 0.000010 0.000010 0.999930 0.000010
0.000010 0.058228 0.000010 0.000010 0.000010 0.941712 0.000010 0.000010
0.000010 0.000010 0.000010 0.000010 0.999930 0.000010 0.000010 0.000010
0.999930 0.000010 0.000010 0.000010 0.000010 0.000010 0.000010 0.000010
0.000010 0.250498 0.000010 0.275592 0.000010 0.176896 0.296974 0.000010
0.297822 0.297365 0.000010 0.258470 0.000010 0.000010 0.146302 0.000010
0.210867 0.000010 0.000010 0.000010 0.000010 0.000010 0.789073 0.000010
0.000010 0.291264 0.000010 0.000010 0.000010 0.708676 0.000010 0.000010
0.432672 0.064179 0.000010 0.246964 0.031332 0.224823 0.000010 0.000010
0.000010 0.000010 0.000010 0.000010 0.000010 0.000010 0.999930 0.000010
0.685680 0.149514 0.000010 0.000010 0.000010 0.164756 0.000010 0.000010
0.308520 0.000010 0.000010 0.388042 0.000010 0.000010 0.275315 0.028083
0.000010 0.349383 0.000010 0.531501 0.000010 0.119066 0.000010 0.000010
0.265312 0.000010 0.000010 0.328679 0.000010 0.405959 0.000010 0.000010
0.507991 0.000010 0.000010 0.491949 0.000010 0.000010 0.000010 0.000010
0.000010 0.000010 0.000010 0.000010 0.412744 0.000010 0.000010 0.587196
0.000010 0.000010 0.000010 0.000010 0.000010 0.000010 0.000010 0.999930
0.165028 0.000010 0.000010 0.465638 0.000010 0.000010 0.369284 0.000010
0.000010 0.793844 0.000010 0.000010 0.000010 0.206096 0.000010 0.000010
0.000010 0.000381 0.000010 0.000010 0.462782 0.000010 0.000010 0.536787
0.000010 0.000010 0.000010 0.000010 0.007204 0.000010 0.992736 0.000010
0.800120 0.000010 0.000010 0.096959 0.000010 0.102870 0.000010 0.000010
0.125134 0.627342 0.000010 0.000010 0.000010 0.247474 0.000010 0.000010
0.000010 0.000010 0.000010 0.031584 0.000010 0.232354 0.736012 0.000010
0.226681 0.170676 0.000010 0.000010 0.000010 0.261293 0.336763 0.004557
0.162845 0.739205 0.000010 0.092750 0.000010 0.002460 0.002710 0.000010
0.000010 0.000010 0.000010 0.866971 0.000010 0.000010 0.132969 0.000010
0.000010 0.538447 0.000010 0.336798 0.000010 0.124705 0.000010 0.000010
0.128006 0.000010 0.000010 0.323125 0.000010 0.426129 0.122700 0.000010
0.173279 0.485825 0.000010 0.000010 0.000010 0.000010 0.340847 0.000010
0.000010 0.115812 0.000010 0.000010 0.000010 0.652268 0.231870 0.000010
0.000010 0.000010 0.000010 0.999930 0.000010 0.000010 0.000010 0.000010
0.000010 0.162180 0.000010 0.000010 0.000010 0.559823 0.277946 0.000010
0.000010 0.000010 0.000010 0.697360 0.000010 0.000010 0.302580 0.000010
0.358728 0.214376 0.000010 0.246047 0.000010 0.180808 0.000010 0.000010
0.199293 0.000010 0.077692 0.205022 0.000010 0.251197 0.266766 0.000010
0.193038 0.236898 0.000010 0.000010 0.000010 0.000010 0.570014 0.000010
0.000010 0.094773 0.000010 0.399624 0.000010 0.294988 0.210575 0.000010
0.154803 0.379399 0.000010 0.000010 0.000010 0.161074 0.304684 0.000010
0.000010 0.695861 0.000010 0.031475 0.000010 0.000010 0.221374 0.051249
0.000010 0.154919 0.000010 0.189044 0.004811 0.423063 0.228134 0.000010
0.000010 0.000010 0.000010 0.999930 0.000010 0.000010 0.000010 0.000010
0.000010 0.451124 0.000010 0.011933 0.000010 0.536892 0.000010 0.000010
0.225547 0.000010 0.012302 0.158992 0.000010 0.172351 0.430778 0.000010
0.000010 0.552429 0.000010 0.000010 0.000010 0.447511 0.000010 0.000010
0.344827 0.000010 0.042861 0.000010 0.000010 0.000010 0.612262 0.000010
0.000010 0.000010 0.000010 0.999930 0.000010 0.000010 0.000010 0.000010
0.249439 0.000010 0.000010 0.209812 0.000010 0.067078 0.473632 0.000010
0.771691 0.000010 0.000010 0.000010 0.000010 0.000010 0.228249 0.000010
0.000010 0.000010 0.000010 0.000010 0.000010 0.720975 0.278965 0.000010
0.000010 0.000010 0.000010 0.000010 0.000010 0.999930 0.000010 0.000010
0.412129 0.149749 0.000010 0.281302 0.000010 0.000010 0.156780 0.000010
0.000010 0.407831 0.000010 0.000010 0.000010 0.077597 0.514522 0.000010
0.000010 0.000010 0.000010 0.000010 0.000010 0.000010 0.999930 0.000010
0.000010 0.000010 0.000010 0.496687 0.000010 0.172741 0.321981 0.008551
0.000010 0.605582 0.000010 0.000010 0.000010 0.000010 0.394358 0.000010
0.000010 0.000010 0.000010 0.999930 0.000010 0.000010 0.000010 0.000010
0.000010 0.159925 0.000010 0.365275 0.000010 0.042355 0.432405 0.000010
0.000010 0.000010 0.000010 0.000010 0.000010 0.495836 0.504104 0.000010
0.335338 0.308876 0.000010 0.162586 0.000010 0.193160 0.000010 0.000010
0.045240 0.267484 0.277079 0.044880 0.071039 0.000010 0.200831 0.093437
0.149089 0.000010 0.000010 0.224212 0.000010 0.626648 0.000010 0.000010
0.000010 0.999930 0.000010 0.000010 0.000010 0.000010 0.000010 0.000010
0.000010 0.000010 0.177985 0.245160 0.000010 0.094240 0.478976 0.003610
0.000010 0.000010 0.014800 0.000010 0.000010 0.296041 0.689109 0.000010
0.000010 0.274695 0.000010 0.000010 0.000010 0.104979 0.620276 0.000010
0.000010 0.763287 0.000010 0.000010 0.000010 0.000010 0.236653 0.000010
0.000010 0.838473 0.086535 0.000010 0.074942 0.000010 0.000010 0.000010
0.000010 0.000010 0.000010 0.560772 0.000010 0.000010 0.439168 0.000010
0.000010 0.000010 0.000010 0.419858 0.000010 0.503261 0.076831 0.000010
0.391692 0.585718 0.000010 0.022540 0.000010 0.000010 0.000010 0.000010
0.000010 0.999930 0.000010 0.000010 0.000010 0.000010 0.000010 0.000010
0.000010 0.707370 0.000010 0.000010 0.000010 0.000010 0.292570 0.000010
0.444241 0.000010 0.000010 0.000010 0.000010 0.000010 0.555699 0.000010
0.401320 0.000010 0.000010 0.598620 0.000010 0.000010 0.000010 0.000010
0.000010 0.000010 0.000010 0.000010 0.435276 0.000010 0.000010 0.564664
0.362239 0.157295 0.000010 0.000010 0.000010 0.464404 0.016022 0.000010
0.457380 0.081970 0.000010 0.000010 0.000010 0.000010 0.460599 0.000010
0.999930 0.000010 0.000010 0.000010 0.000010 0.000010 0.000010 0.000010
0.000010 0.000010 0.000010 0.000010 0.000010 0.000010 0.999930 0.000010
0.100239 0.160866 0.000010 0.000010 0.000010 0.000010 0.738845 0.000010
0.000010 0.000010 0.544224 0.000010 0.455716 0.000010 0.000010 0.000010
0.000010 0.000010 0.000010 0.000010 0.835114 0.000010 0.000010 0.164826
0.000010 0.000010 0.000010 0.000010 0.000010 0.000010 0.999930 0.000010
0.000010 0.999930 0.000010 0.000010 0.000010 0.000010 0.000010 0.000010
0.000010 0.113268 0.013710 0.520649 0.000010 0.000010 0.352332 0.000010
0.781193 0.218747 0.000010 0.000010 0.000010 0.000010 0.000010 0.000010
0.176085 0.000010 0.000010 0.033199 0.000010 0.163461 0.627214 0.000010
0.000010 0.000010 0.147285 0.000010 0.852655 0.000010 0.000010 0.000010
0.000010 0.326329 0.000010 0.000010 0.000010 0.673611 0.000010 0.000010
0.000010 0.263804 0.000010 0.295015 0.000010 0.441131 0.000010 0.000010
0.349462 0.180227 0.000010 0.000010 0.000010 0.254679 0.215592 0.000010
0.321393 0.000010 0.000010 0.000010 0.000010 0.000010 0.669135 0.009421
0.000010 0.000010 0.000010 0.000010 0.000010 0.999930 0.000010 0.000010
0.000010 0.000010 0.498098 0.000010 0.306896 0.000010 0.000010 0.194957
0.000010 0.239046 0.000010 0.000010 0.000010 0.760894 0.000010 0.000010
0.588359 0.000010 0.000010 0.000010 0.000010 0.000010 0.411581 0.000010
0.000010 0.000010 0.000010 0.000010 0.000010 0.000010 0.000010 0.999930
0.000010 0.000010 0.000010 0.000010 0.000010 0.000010 0.000010 0.999930
0.000010 0.000010 0.000010 0.999930 0.000010 0.000010 0.000010 0.000010
0.191616 0.000010 0.000010 0.461424 0.000010 0.346911 0.000010 0.000010
0.236000 0.165056 0.000010 0.000010 0.000010 0.598894 0.000010 0.000010
0.005072 0.000010 0.346129 0.000010 0.000010 0.000010 0.000010 0.648749
0.000010 0.300880 0.000010 0.000010 0.000010 0.699060 0.000010 0.000010
0.709941 0.289999 0.000010 0.000010 0.000010 0.000010 0.000010 0.000010
0.000010 0.000010 0.000010 0.152479 0.000010 0.000010 0.847461 0.000010
0.000010 0.000010 0.000010 0.869238 0.000010 0.000010 0.130702 0.000010
0.000010 0.000010 0.000010 0.000010 0.000010 0.000010 0.000010 0.999930
0.000010 0.000010 0.000012 0.287230 0.000010 0.327285 0.385433 0.000010
0.000010 0.000010 0.000010 0.709243 0.000010 0.000010 0.290697 0.000010
0.254650 0.228572 0.000010 0.000010 0.000010 0.516728 0.000010 0.000010
0.999930 0.000010 0.000010 0.000010 0.000010 0.000010 0.000010 0.000010
0.199998 0.643618 0.000010 0.000010 0.000010 0.000010 0.111541 0.044803
0.000010 0.000010 0.000010 0.983547 0.000010 0.000010 0.000010 0.016393
0.000010 0.000010 0.000010 0.227763 0.000010 0.477302 0.294885 0.000010
0.000010 0.614067 0.000010 0.380362 0.000010 0.000010 0.005522 0.000010
0.000010 0.000010 0.000010 0.342769 0.000010 0.445723 0.211458 0.000010
0.191169 0.130924 0.000010 0.478941 0.000010 0.198926 0.000010 0.000010
0.000010 0.000010 0.041919 0.385220 0.000010 0.572811 0.000010 0.000010
0.131942 0.534312 0.000010 0.333697 0.000010 0.000010 0.000010 0.000010
0.214199 0.097483 0.000010 0.000010 0.000010 0.000010 0.688267 0.000010
0.000010 0.999930 0.000010 0.000010 0.000010 0.000010 0.000010 0.000010
0.000010 0.378342 0.000010 0.000010 0.000010 0.116957 0.504650 0.000010
0.149778 0.078700 0.000010 0.329062 0.000010 0.329127 0.113303 0.000010
0.000010 0.000010 0.000010 0.999930 0.000010 0.000010 0.000010 0.000010
0.000010 0.472262 0.000010 0.527678 0.000010 0.000010 0.000010 0.000010
0.000010 0.761525 0.000010 0.238415 0.000010 0.000010 0.000010 0.000010
0.031625 0.112803 0.000010 0.855522 0.000010 0.000010 0.000010 0.000010
0.292681 0.275796 0.000010 0.081066 0.000010 0.350417 0.000010 0.000010
0.000010 0.604419 0.000010 0.395521 0.000010 0.000010 0.000010 0.000010
0.119212 0.245569 0.000010 0.177243 0.000010 0.134302 0.323643 0.000010
0.000010 0.000010 0.000010 0.000010 0.610690 0.000010 0.000010 0.389250
0.000010 0.209656 0.000010 0.132497 0.000010 0.287665 0.370142 0.000010
0.000010 0.649016 0.000010 0.350924 0.000010 0.000010 0.000010 0.000010
0.000010 0.000010 0.000010 0.724369 0.000010 0.000010 0.275571 0.000010
0.000010 0.999930 0.000010 0.000010 0.000010 0.000010 0.000010 0.000010
0.000010 0.152241 0.000010 0.000010 0.000010 0.611179 0.236530 0.000010
0.000010 0.351214 0.000010 0.000010 0.000010 0.503394 0.145342 0.000010
0.103828 0.077178 0.000010 0.546505 0.000010 0.272449 0.000010 0.000010
0.222045 0.106069 0.000010 0.440279 0.000010 0.000010 0.231567 0.000010
0.000010 0.520955 0.000010 0.195779 0.000010 0.000010 0.283216 0.000010
0.154496 0.000010 0.000010 0.102515 0.000010 0.400054 0.342895 0.000010
0.000010 0.164075 0.000010 0.000010 0.000010 0.000010 0.835865 0.000010
0.000010 0.580451 0.000010 0.419489 0.000010 0.000010 0.000010 0.000010
0.000010 0.000010 0.000010 0.982445 0.000010 0.000010 0.000010 0.017495
0.255965 0.235004 0.000010 0.222558 0.000010 0.286433 0.000010 0.000010
0.000010 0.332790 0.000010 0.000010 0.000010 0.000010 0.667150 0.000010
0.208530 0.000010 0.000010 0.506863 0.000010 0.000010 0.284556 0.000010
0.000010 0.473504 0.000010 0.000010 0.000010 0.179348 0.347098 0.000010
0.607186 0.001609 0.000010 0.000010 0.000010 0.083579 0.307586 0.000010
0.226274 0.000010 0.000010 0.270273 0.000010 0.338461 0.164952 0.000010
0.295530 0.000010 0.000010 0.000010 0.000010 0.367847 0.336572 0.000010
0.366455 0.490580 0.000010 0.000010 0.000010 0.142915 0.000010 0.000010
0.000010 0.209643 0.000010 0.000010 0.000010 0.000010 0.790297 0.000010
0.000010 0.000010 0.000010 0.999930 0.000010 0.000010 0.000010 0.000010
0.210218 0.392981 0.000010 0.066711 0.000010 0.096426 0.233634 0.000010
0.000010 0.000010 0.669341 0.000010 0.000010 0.000010 0.000010 0.330599
0.000010 0.339606 0.000010 0.000010 0.000010 0.000010 0.660334 0.000010
0.131219 0.324087 0.000010 0.000010 0.000010 0.544643 0.000010 0.000010
0.000010 0.241719 0.000010 0.042512 0.000010 0.424544 0.291185 0.000010
0.000010 0.702572 0.008691 0.288687 0.000010 0.000010 0.000010 0.000010
0.210539 0.378088 0.000010 0.411323 0.000010 0.000010 0.000010 0.000010
0.073432 0.155958 0.000010 0.000010 0.000010 0.339337 0.431233 0.000010
0.684419 0.000010 0.000010 0.315521 0.000010 0.000010 0.000010 0.000010
0.000010 0.000010 0.000010 0.913311 0.000010 0.000010 0.074190 0.012449
0.000010 0.634460 0.000010 0.153386 0.016898 0.195216 0.000010 0.000010
0.000010 0.420335 0.000010 0.229711 0.000010 0.000010 0.349904 0.000010
0.043477 0.616225 0.000010 0.270734 0.000010 0.069524 0.000010 0.000010
0.249507 0.000010 0.000010 0.173694 0.000010 0.161862 0.414897 0.000010
0.212688 0.000010 0.000010 0.000010 0.000010 0.617579 0.169683 0.000010
0.393471 0.107176 0.000010 0.000010 0.000010 0.278687 0.220626 0.000010
0.000010 0.384627 0.000010 0.053807 0.000010 0.161201 0.400326 0.000010
0.000010 0.000010 0.000010 0.469861 0.000010 0.000010 0.470690 0.059399
0.000010 0.640101 0.000010 0.000010 0.000010 0.359839 0.000010 0.000010
0.000010 0.000010 0.000010 0.650790 0.000010 0.349150 0.000010 0.000010
0.999930 0.000010 0.000010 0.000010 0.000010 0.000010 0.000010 0.000010
0.147628 0.000010 0.000010 0.245553 0.000010 0.531342 0.075436 0.000010
0.663940 0.000010 0.000010 0.000010 0.000010 0.336000 0.000010 0.000010
0.000010 0.178301 0.000010 0.821639 0.000010 0.000010 0.000010 0.000010
0.219500 0.070027 0.000010 0.390065 0.000010 0.000010 0.320368 0.000010
0.000010 0.000010 0.175891 0.000010 0.824049 0.000010 0.000010 0.000010
0.273150 0.301557 0.000010 0.000010 0.000010 0.000010 0.425243 0.000010
0.298919 0.698075 0.000010 0.002956 0.000010 0.000010 0.000010 0.000010
0.000010 0.999930 0.000010 0.000010 0.000010 0.000010 0.000010 0.000010
0.000010 0.000010 0.000010 0.000010 0.701541 0.000010 0.000010 0.298399
0.442599 0.557341 0.000010 0.000010 0.000010 0.000010 0.000010 0.000010
0.367826 0.000010 0.000010 0.205161 0.000010 0.259493 0.167480 0.000010
0.000010 0.196243 0.000010 0.000010 0.000010 0.803697 0.000010 0.000010
0.000010 0.000010 0.003710 0.170527 0.000010 0.398914 0.426810 0.000010
0.228665 0.319896 0.000010 0.117479 0.000010 0.000010 0.333920 0.000010
0.000010 0.000010 0.000010 0.999930 0.000010 0.000010 0.000010 0.000010
0.217785 0.176546 0.000010 0.000010 0.000010 0.605619 0.000010 0.000010
0.000010 0.315392 0.013423 0.278839 0.010901 0.000010 0.381415 0.000010
0.564471 0.000010 0.000010 0.000010 0.000010 0.435469 0.000010 0.000010
0.000010 0.999930 0.000010 0.000010 0.000010 0.000010 0.000010 0.000010
0.266272 0.000010 0.000010 0.207142 0.000010 0.000010 0.526536 0.000010
0.237960 0.010736 0.000010 0.500430 0.000010 0.250834 0.000010 0.000010
0.000010 0.249773 0.000010 0.475528 0.000010 0.000010 0.274649 0.000010
0.443066 0.000010 0.000010 0.000010 0.000010 0.215169 0.341716 0.000010
0.000010 0.985001 0.000010 0.000010 0.014939 0.000010 0.000010 0.000010
0.269113 0.000010 0.000010 0.134814 0.000010 0.596023 0.000010 0.000010
0.999930 0.000010 0.000010 0.000010 0.000010 0.000010 0.000010 0.000010
0.000010 0.000010 0.000010 0.000010 0.000010 0.999930 0.000010 0.000010
0.157700 0.116746 0.000010 0.490709 0.000010 0.000010 0.234805 0.000010
0.360414 0.177483 0.000010 0.000010 0.000010 0.356884 0.105178 0.000010
0.000010 0.564562 0.000010 0.435378 0.000010 0.000010 0.000010 0.000010
0.000010 0.210074 0.000010 0.000010 0.000010 0.789865 0.000010 0.000010
0.393975 0.000010 0.000010 0.000010 0.000010 0.000010 0.605965 0.000010
0.000010 0.000010 0.000010 0.948565 0.000010 0.051375 0.000010 0.000010
0.000010 0.570801 0.000010 0.000010 0.000010 0.429139 0.000010 0.000010
0.000010 0.000010 0.000010 0.999930 0.000010 0.000010 0.000010 0.000010
0.348587 0.000010 0.000010 0.438696 0.000010 0.082612 0.130065 0.000010
0.000010 0.674740 0.000010 0.325200 0.000010 0.000010 0.000010 0.000010
0.198600 0.346670 0.000010 0.454680 0.000010 0.000010 0.000010 0.000010
0.000010 0.000010 0.025944 0.973996 0.000010 0.000010 0.000010 0.000010
0.000010 0.294341 0.000010 0.000010 0.000010 0.379234 0.326375 0.000010
0.000010 0.309542 0.000010 0.364649 0.000010 0.062603 0.263166 0.000010
0.000010 0.000010 0.000010 0.480486 0.000010 0.106334 0.413130 0.000010
0.466683 0.078630 0.000010 0.000010 0.000010 0.454637 0.000010 0.000010
0.000010 0.798251 0.000010 0.000010 0.000010 0.000010 0.201689 0.000010
0.000010 0.887611 0.112329 0.000010 0.000010 0.000010 0.000010 0.000010
0.000010 0.670438 0.000010 0.000010 0.000010 0.126280 0.194460 0.008781
0.000010 0.000010 0.000010 0.000010 0.000010 0.999930 0.000010 0.000010
0.000010 0.330952 0.000010 0.000010 0.000010 0.000010 0.668988 0.000010
0.000010 0.227708 0.000010 0.000010 0.000010 0.363124 0.409118 0.000010
0.000010 0.158122 0.000010 0.241947 0.000010 0.000010 0.599881 0.000010
0.000010 0.000010 0.000010 0.000010 0.999930 0.000010 0.000010 0.000010
0.000010 0.000010 0.000010 0.000010 0.900094 0.000010 0.000010 0.099846
0.898421 0.067493 0.000010 0.000010 0.034036 0.000010 0.000010 0.000010
0.000010 0.000010 0.000010 0.735679 0.000010 0.122474 0.141797 0.000010
0.371776 0.375551 0.000010 0.064893 0.000010 0.000010 0.187740 0.000010
0.674352 0.000010 0.000010 0.000010 0.000010 0.000010 0.325588 0.000010
0.421008 0.000010 0.000010 0.294743 0.005425 0.078091 0.200704 0.000010
0.000010 0.000010 0.278101 0.056583 0.000010 0.000010 0.000010 0.665266
0.000010 0.424363 0.000010 0.000010 0.000010 0.000010 0.575577 0.000010
0.000010 0.000010 0.090088 0.000010 0.190629 0.000010 0.000010 0.719234
0.519385 0.480555 0.000010 0.000010 0.000010 0.000010 0.000010 0.000010
0.000010 0.526548 0.000010 0.473392 0.000010 0.000010 0.000010 0.000010
0.000010 0.000010 0.000010 0.000010 0.583010 0.000010 0.000010 0.416930
0.091334 0.260311 0.034921 0.000010 0.000010 0.476848 0.136557 0.000010
0.100371 0.000010 0.000010 0.354631 0.000010 0.200241 0.344717 0.000010
0.630762 0.138125 0.000010 0.079982 0.000010 0.000010 0.151091 0.000010
0.000010 0.273260 0.000010 0.472970 0.000010 0.000010 0.253720 0.000010
0.083616 0.000010 0.000010 0.018929 0.000010 0.754695 0.142720 0.000010
0.000010 0.052412 0.000010 0.472722 0.000010 0.307483 0.167344 0.000010
0.000010 0.582161 0.000010 0.286104 0.000010 0.000010 0.131685 0.000010
0.000010 0.346422 0.000010 0.000010 0.000010 0.000010 0.653518 0.000010
0.000010 0.000010 0.000010 0.498722 0.000010 0.000010 0.501218 0.000010
0.870583 0.000010 0.000010 0.129357 0.000010 0.000010 0.000010 0.000010
0.000010 0.000010 0.054738 0.945202 0.000010 0.000010 0.000010 0.000010
0.000010 0.000010 0.001511 0.454232 0.000010 0.274342 0.269875 0.000010
0.000010 0.000010 0.000010 0.407389 0.000010 0.155667 0.436894 0.000010
0.000010 0.000010 0.000019 0.000010 0.000010 0.999921 0.000010 0.000010
0.000010 0.000010 0.701987 0.000010 0.297953 0.000010 0.000010 0.000010
0.000010 0.157985 0.000012 0.244555 0.000010 0.515866 0.081552 0.000010
0.648018 0.000010 0.000010 0.351922 0.000010 0.000010 0.000010 0.000010
0.131762 0.000010 0.000010 0.117838 0.000010 0.307695 0.442664 0.000010
0.000010 0.000010 0.000010 0.000010 0.999930 0.000010 0.000010 0.000010
0.000010 0.193427 0.000010 0.000010 0.000010 0.000010 0.783419 0.023104
0.141493 0.167860 0.000010 0.000010 0.000010 0.320984 0.369623 0.000010
0.000010 0.000010 0.000010 0.000010 0.675512 0.035056 0.000010 0.289382
0.000010 0.000010 0.584506 0.000010 0.415434 0.000010 0.000010 0.000010
0.000010 0.000010 0.000010 0.000010 0.999930 0.000010 0.000010 0.000010
0.999925 0.000010 0.000010 0.000010 0.000010 0.000015 0.000010 0.000010
0.000010 0.000010 0.000010 0.913474 0.000010 0.086466 0.000010 0.000010
0.286404 0.713536 0.000010 0.000010 0.000010 0.000010 0.000010 0.000010
0.074877 0.582343 0.000010 0.342731 0.000010 0.000010 0.000010 0.000010
0.090352 0.000010 0.000010 0.576519 0.007704 0.115534 0.209862 0.000010
0.000010 0.000010 0.000010 0.000010 0.999930 0.000010 0.000010 0.000010
0.260882 0.304323 0.000010 0.135511 0.012527 0.099859 0.186877 0.000010
0.000010 0.363187 0.000010 0.243571 0.000010 0.126523 0.266679 0.000010
0.000010 0.000010 0.863156 0.000010 0.000010 0.000010 0.000010 0.136784
0.000010 0.525859 0.000010 0.089192 0.000010 0.379406 0.000010 0.005503
0.665205 0.000010 0.000010 0.000010 0.000010 0.287793 0.046952 0.000010
0.135839 0.366084 0.000010 0.000010 0.000011 0.178526 0.319510 0.000010
