999901_sweeps	1.000/0.000/0.000/0.000	0.000/0.000/0.000/1.000	0.000/0.500/0.500/0.000	0.250/0.250/0.250/0.250	0.500/0.250/0.250/0.000	0.000/0.250/0.250/0.500
1	0.00000	0.99373	0.00000	0.00000	0.00000	0.00627
2	0.00000	0.99878	0.00000	0.00000	0.00000	0.00122
3	0.00000	0.99890	0.00000	0.00000	0.00000	0.00110
4	0.00000	0.91775	0.00002	0.00549	0.00000	0.07674
5	0.00000	0.93853	0.00000	0.00040	0.00000	0.06107
6	0.00000	0.99343	0.00000	0.00002	0.00000	0.00655
7	0.00000	0.98899	0.00000	0.00004	0.00000	0.01097
8	0.00000	0.99882	0.00000	0.00000	0.00000	0.00118
9	0.00000	0.97929	0.00000	0.00003	0.00000	0.02068
10	0.16482	0.00000	0.00000	0.00180	0.83338	0.00000
11	0.99996	0.00000	0.00000	0.00000	0.00004	0.00000
12	0.00000	0.25846	0.00000	0.00640	0.00000	0.73514
13	0.00000	0.99881	0.00000	0.00000	0.00000	0.00119
14	0.00000	0.99981	0.00000	0.00000	0.00000	0.00019
15	0.00000	0.99979	0.00000	0.00000	0.00000	0.00021
16	0.00000	0.99734	0.00000	0.00000	0.00000	0.00265
17	0.99944	0.00000	0.00000	0.00000	0.00056	0.00000
18	0.78843	0.00000	0.00001	0.03826	0.17331	0.00000
19	0.00000	0.96058	0.00000	0.00166	0.00000	0.03776
20	0.99956	0.00000	0.00000	0.00000	0.00044	0.00000
21	0.04929	0.00010	0.00402	0.67607	0.26242	0.00809
22	0.00000	0.99532	0.00000	0.00002	0.00000	0.00466
23	0.98000	0.00000	0.00000	0.00034	0.01966	0.00000
24	0.99962	0.00000	0.00000	0.00000	0.00038	0.00000
25	0.99990	0.00000	0.00000	0.00000	0.00010	0.00000
26	0.00000	0.99453	0.00000	0.00000	0.00000	0.00547
27	0.00000	0.99946	0.00000	0.00000	0.00000	0.00053
28	0.00000	0.99729	0.00000	0.00000	0.00000	0.00271
29	0.00000	0.99916	0.00000	0.00000	0.00000	0.00084
30	0.99942	0.00000	0.00000	0.00000	0.00058	0.00000
31	0.95055	0.00000	0.00000	0.00046	0.04899	0.00000
32	0.00000	0.98189	0.00000	0.00033	0.00000	0.01779
33	0.96899	0.00000	0.00000	0.00025	0.03076	0.00000
34	0.00000	0.81617	0.00049	0.02929	0.00010	0.15396
35	0.00000	0.21091	0.00004	0.06136	0.00000	0.72769
36	0.00000	0.99481	0.00000	0.00000	0.00000	0.00519
37	0.98842	0.00000	0.00000	0.00002	0.01156	0.00000
38	0.99953	0.00000	0.00000	0.00000	0.00047	0.00000
39	0.00000	0.99992	0.00000	0.00000	0.00000	0.00008
40	0.00000	0.99951	0.00000	0.00000	0.00000	0.00049
41	0.00000	0.97353	0.00000	0.00032	0.00000	0.02616
42	0.00000	0.93192	0.00000	0.00004	0.00000	0.06805
43	0.93948	0.00000	0.00000	0.00001	0.06051	0.00000
44	0.00000	0.99532	0.00000	0.00000	0.00000	0.00467
45	0.99584	0.00000	0.00000	0.00001	0.00415	0.00000
46	0.00000	0.99967	0.00000	0.00000	0.00000	0.00033
47	0.00000	0.99984	0.00000	0.00000	0.00000	0.00016
48	0.99959	0.00000	0.00000	0.00000	0.00041	0.00000
49	0.97494	0.00000	0.00000	0.00002	0.02505	0.00000
50	0.00000	0.94687	0.00000	0.00272	0.00000	0.05042
51	0.00000	0.99997	0.00000	0.00000	0.00000	0.00003
52	0.00000	0.99981	0.00000	0.00000	0.00000	0.00019
53	0.89606	0.00000	0.00000	0.00359	0.10035	0.00000
54	0.00000	0.99898	0.00000	0.00000	0.00000	0.00102
55	0.00000	0.99050	0.00000	0.00001	0.00000	0.00950
56	0.97744	0.00000	0.00000	0.00041	0.02216	0.00000
57	0.00000	0.99795	0.00000	0.00000	0.00000	0.00205
58	0.00000	0.99976	0.00000	0.00000	0.00000	0.00024
59	0.00000	0.99266	0.00000	0.00004	0.00000	0.00730
60	0.00000	0.99912	0.00000	0.00000	0.00000	0.00088
61	0.00000	0.99991	0.00000	0.00000	0.00000	0.00009
62	0.00000	0.99595	0.00000	0.00000	0.00000	0.00405
63	0.00000	0.99971	0.00000	0.00000	0.00000	0.00029
64	0.00000	0.88649	0.00000	0.00004	0.00000	0.11346
65	0.00000	0.99511	0.00000	0.00001	0.00000	0.00488
66	0.99848	0.00000	0.00000	0.00000	0.00152	0.00000
67	0.00000	0.99942	0.00000	0.00000	0.00000	0.00058
68	0.00000	0.81706	0.00000	0.00005	0.00000	0.18290
69	0.00535	0.41528	0.09374	0.16185	0.04224	0.28154
70	0.00000	0.99961	0.00000	0.00000	0.00000	0.00039
71	0.00000	0.99991	0.00000	0.00000	0.00000	0.00009
72	0.00000	0.99987	0.00000	0.00000	0.00000	0.00013
73	0.00000	0.99961	0.00000	0.00000	0.00000	0.00039
74	0.00000	0.99985	0.00000	0.00000	0.00000	0.00015
75	0.00000	0.99965	0.00000	0.00000	0.00000	0.00035
76	0.00000	0.99231	0.00000	0.00003	0.00000	0.00766
77	0.99953	0.00000	0.00000	0.00000	0.00047	0.00000
78	0.99953	0.00000	0.00000	0.00000	0.00047	0.00000
79	0.99466	0.00000	0.00000	0.00001	0.00533	0.00000
80	0.00000	0.88153	0.00000	0.00306	0.00000	0.11541
81	0.00000	0.99927	0.00000	0.00000	0.00000	0.00073
82	0.22243	0.11019	0.15605	0.17523	0.19725	0.13885
83	0.99856	0.00000	0.00000	0.00000	0.00144	0.00000
84	0.00000	0.99967	0.00000	0.00000	0.00000	0.00033
85	0.99989	0.00000	0.00000	0.00000	0.00011	0.00000
86	0.44021	0.00000	0.00000	0.01021	0.54959	0.00000
87	0.00000	0.99935	0.00000	0.00000	0.00000	0.00065
88	0.99992	0.00000	0.00000	0.00000	0.00008	0.00000
89	0.00000	0.99784	0.00000	0.00000	0.00000	0.00216
90	0.00000	0.99998	0.00000	0.00000	0.00000	0.00002
91	0.86781	0.00000	0.00000	0.00440	0.12779	0.00000
92	0.00000	0.00000	0.00014	0.01107	0.00000	0.98878
93	0.00000	0.99968	0.00000	0.00000	0.00000	0.00032
94	0.84225	0.00000	0.00000	0.01765	0.14010	0.00000
95	0.00000	0.99761	0.00000	0.00000	0.00000	0.00238
96	0.00000	0.98819	0.00000	0.00001	0.00000	0.01181
97	0.98435	0.00000	0.00000	0.00011	0.01554	0.00000
98	0.00000	0.99793	0.00000	0.00000	0.00000	0.00207
99	0.07734	0.29084	0.14889	0.15829	0.11043	0.21420
100	0.00000	0.99354	0.00000	0.00001	0.00000	0.00646
101	0.00000	0.99976	0.00000	0.00000	0.00000	0.00024
102	0.00000	0.99674	0.00000	0.00001	0.00000	0.00325
103	0.00000	0.97519	0.00000	0.00009	0.00000	0.02473
104	0.00000	0.99996	0.00000	0.00000	0.00000	0.00004
105	0.00000	0.97123	0.00000	0.00084	0.00000	0.02793
106	0.00000	0.97093	0.00000	0.00001	0.00000	0.02906
107	0.00000	0.99979	0.00000	0.00000	0.00000	0.00021
108	0.99260	0.00000	0.00000	0.00002	0.00738	0.00000
109	0.00000	0.99939	0.00000	0.00000	0.00000	0.00061
110	0.00000	0.99894	0.00000	0.00000	0.00000	0.00106
111	0.00000	0.99910	0.00000	0.00000	0.00000	0.00090
112	0.99863	0.00000	0.00000	0.00000	0.00137	0.00000
113	0.96752	0.00000	0.00000	0.00039	0.03208	0.00000
114	0.00000	0.99994	0.00000	0.00000	0.00000	0.00006
115	0.00000	0.99932	0.00000	0.00000	0.00000	0.00068
116	0.19580	0.00000	0.00000	0.00895	0.79525	0.00000
117	0.00000	0.99958	0.00000	0.00000	0.00000	0.00042
118	0.99982	0.00000	0.00000	0.00000	0.00018	0.00000
119	0.99969	0.00000	0.00000	0.00000	0.00031	0.00000
120	0.00000	0.99906	0.00000	0.00000	0.00000	0.00094
121	0.00000	0.99703	0.00000	0.00000	0.00000	0.00297
122	0.00000	0.98225	0.00000	0.00020	0.00000	0.01755
123	0.00593	0.48723	0.10830	0.10994	0.03690	0.25169
124	0.00000	0.99731	0.00000	0.00000	0.00000	0.00268
125	0.00000	0.98808	0.00000	0.00010	0.00000	0.01182
126	0.00000	0.99810	0.00000	0.00000	0.00000	0.00190
127	0.00000	0.99941	0.00000	0.00000	0.00000	0.00059
128	0.00000	0.99735	0.00000	0.00000	0.00000	0.00264
129	0.00000	0.96224	0.00000	0.00095	0.00000	0.03681
130	0.00000	0.99860	0.00000	0.00000	0.00000	0.00140
131	0.99567	0.00000	0.00000	0.00000	0.00433	0.00000
132	0.00000	0.99832	0.00000	0.00000	0.00000	0.00168
133	0.00000	0.99927	0.00000	0.00000	0.00000	0.00073
134	0.00000	0.99883	0.00000	0.00000	0.00000	0.00117
135	0.00000	0.99975	0.00000	0.00000	0.00000	0.00025
136	0.00000	0.99635	0.00000	0.00000	0.00000	0.00365
137	0.00000	0.99733	0.00000	0.00000	0.00000	0.00267
138	0.99677	0.00000	0.00000	0.00001	0.00322	0.00000
139	0.09027	0.00000	0.00000	0.00780	0.90193	0.00000
140	0.99714	0.00000	0.00000	0.00000	0.00286	0.00000
141	0.98045	0.00000	0.00000	0.00032	0.01922	0.00000
142	0.48808	0.00000	0.00000	0.00619	0.50573	0.00000
143	0.00000	0.99859	0.00000	0.00000	0.00000	0.00141
144	0.78111	0.00000	0.00000	0.00007	0.21883	0.00000
145	0.99903	0.00000	0.00000	0.00000	0.00097	0.00000
146	0.95315	0.00000	0.00000	0.00010	0.04675	0.00000
147	0.98182	0.00000	0.00000	0.00013	0.01805	0.00000
148	0.99477	0.00000	0.00000	0.00000	0.00523	0.00000
149	0.99870	0.00000	0.00000	0.00000	0.00130	0.00000
150	0.99851	0.00000	0.00000	0.00000	0.00148	0.00000
151	0.00000	0.97549	0.00003	0.00036	0.00000	0.02412
152	0.00276	0.58531	0.03961	0.10620	0.01696	0.24917
153	0.00000	0.99584	0.00000	0.00001	0.00000	0.00415
154	0.00000	0.99897	0.00000	0.00000	0.00000	0.00103
155	0.00000	0.96099	0.00000	0.00019	0.00000	0.03883
156	0.00000	0.99986	0.00000	0.00000	0.00000	0.00014
157	0.00000	0.99849	0.00000	0.00000	0.00000	0.00151
158	0.00000	0.99626	0.00000	0.00000	0.00000	0.00374
159	0.00000	0.99991	0.00000	0.00000	0.00000	0.00009
160	0.00000	0.99951	0.00000	0.00000	0.00000	0.00049
161	0.00000	0.99994	0.00000	0.00000	0.00000	0.00006
162	0.99870	0.00000	0.00000	0.00000	0.00130	0.00000
163	0.00000	0.99959	0.00000	0.00000	0.00000	0.00041
164	0.00000	0.96266	0.00000	0.00002	0.00000	0.03732
165	0.00000	0.87958	0.00001	0.01107	0.00000	0.10933
166	0.99771	0.00000	0.00000	0.00000	0.00229	0.00000
167	0.97832	0.00000	0.00000	0.00001	0.02167	0.00000
168	0.98858	0.00000	0.00000	0.00004	0.01138	0.00000
169	0.00000	0.99909	0.00000	0.00000	0.00000	0.00091
170	0.00000	0.98777	0.00000	0.00014	0.00000	0.01210
171	0.00000	0.99916	0.00000	0.00000	0.00000	0.00084
172	0.00000	0.99896	0.00000	0.00000	0.00000	0.00104
173	0.99953	0.00000	0.00000	0.00000	0.00047	0.00000
174	0.00000	0.99979	0.00000	0.00000	0.00000	0.00021
175	0.00000	0.99842	0.00000	0.00000	0.00000	0.00158
176	0.00000	0.99973	0.00000	0.00000	0.00000	0.00027
177	0.00000	0.99919	0.00000	0.00000	0.00000	0.00081
178	0.99330	0.00000	0.00000	0.00000	0.00670	0.00000
179	0.99910	0.00000	0.00000	0.00000	0.00090	0.00000
180	0.00000	0.99867	0.00000	0.00000	0.00000	0.00133
181	0.00000	0.96703	0.00000	0.00040	0.00000	0.03257
182	0.92172	0.00000	0.00000	0.00482	0.07346	0.00000
183	0.00000	0.98812	0.00000	0.00001	0.00000	0.01187
184	0.00000	0.89522	0.00000	0.00000	0.00000	0.10478
185	0.00000	0.99982	0.00000	0.00000	0.00000	0.00018
186	0.99699	0.00000	0.00000	0.00000	0.00300	0.00000
187	0.00000	0.99930	0.00000	0.00000	0.00000	0.00070
188	0.00000	0.99057	0.00000	0.00001	0.00000	0.00942
189	0.00000	0.99903	0.00000	0.00000	0.00000	0.00097
190	0.00000	0.98966	0.00000	0.00010	0.00000	0.01024
191	0.99607	0.00000	0.00000	0.00000	0.00393	0.00000
192	0.99700	0.00000	0.00000	0.00000	0.00300	0.00000
193	0.99574	0.00000	0.00000	0.00000	0.00426	0.00000
194	0.00000	0.99815	0.00000	0.00000	0.00000	0.00185
195	0.00000	0.99968	0.00000	0.00000	0.00000	0.00032
196	0.00000	0.99845	0.00000	0.00000	0.00000	0.00154
197	0.00000	0.99807	0.00000	0.00000	0.00000	0.00192
198	0.00000	0.99626	0.00000	0.00000	0.00000	0.00374
199	0.00000	0.98772	0.00000	0.00006	0.00000	0.01222
200	0.00000	0.00000	0.99114	0.00712	0.00064	0.00110
201	0.00000	0.99931	0.00000	0.00000	0.00000	0.00069
202	0.00000	0.99998	0.00000	0.00000	0.00000	0.00002
203	0.00001	0.82206	0.00310	0.02664	0.00057	0.14762
204	0.00000	0.99880	0.00000	0.00000	0.00000	0.00120
205	0.00000	0.99741	0.00000	0.00000	0.00000	0.00259
206	0.00000	0.99998	0.00000	0.00000	0.00000	0.00002
207	0.00000	0.99966	0.00000	0.00000	0.00000	0.00034
208	0.00000	0.99931	0.00000	0.00000	0.00000	0.00069
209	0.00000	0.99986	0.00000	0.00000	0.00000	0.00014
210	0.00000	0.99893	0.00000	0.00000	0.00000	0.00107
211	0.00000	0.23716	0.00000	0.00021	0.00000	0.76263
212	0.00000	0.99935	0.00000	0.00000	0.00000	0.00065
213	0.99635	0.00000	0.00000	0.00000	0.00365	0.00000
214	0.99986	0.00000	0.00000	0.00000	0.00014	0.00000
215	0.00000	0.99190	0.00000	0.00000	0.00000	0.00809
216	0.00000	0.99938	0.00000	0.00000	0.00000	0.00062
217	0.00000	0.99993	0.00000	0.00000	0.00000	0.00007
218	0.00000	0.99884	0.00000	0.00000	0.00000	0.00116
219	0.00000	0.99933	0.00000	0.00000	0.00000	0.00067
220	0.00000	0.80110	0.00061	0.03383	0.00013	0.16434
221	0.00000	0.99743	0.00000	0.00000	0.00000	0.00257
222	0.00000	0.99918	0.00000	0.00000	0.00000	0.00082
223	0.00000	0.99223	0.00000	0.00005	0.00000	0.00772
224	0.00000	0.99968	0.00000	0.00000	0.00000	0.00032
225	0.00000	0.99892	0.00000	0.00000	0.00000	0.00108
226	0.99979	0.00000	0.00000	0.00000	0.00021	0.00000
227	0.00000	0.99954	0.00000	0.00000	0.00000	0.00046
228	0.00000	0.99361	0.00000	0.00003	0.00000	0.00636
229	0.78831	0.00000	0.00061	0.03160	0.17943	0.00006
230	0.00000	0.99947	0.00000	0.00000	0.00000	0.00053
231	0.00000	0.99623	0.00000	0.00000	0.00000	0.00376
232	0.00000	0.98331	0.00000	0.00021	0.00000	0.01648
233	0.99789	0.00000	0.00000	0.00000	0.00211	0.00000
234	0.00000	0.98509	0.00000	0.00020	0.00000	0.01472
235	0.00000	0.99916	0.00000	0.00000	0.00000	0.00084
236	0.00000	0.99489	0.00000	0.00001	0.00000	0.00510
237	0.00000	0.99959	0.00000	0.00000	0.00000	0.00041
238	0.00000	0.74757	0.00000	0.00137	0.00000	0.25106
239	0.99788	0.00000	0.00000	0.00000	0.00212	0.00000
240	0.99988	0.00000	0.00000	0.00000	0.00012	0.00000
241	0.99400	0.00000	0.00000	0.00001	0.00599	0.00000
242	0.99979	0.00000	0.00000	0.00000	0.00021	0.00000
243	0.00000	0.99995	0.00000	0.00000	0.00000	0.00005
244	0.97003	0.00000	0.00000	0.00008	0.02989	0.00000
245	0.99976	0.00000	0.00000	0.00000	0.00024	0.00000
246	0.00000	0.12188	0.00000	0.28505	0.00000	0.59307
247	0.00000	0.98729	0.00000	0.00001	0.00000	0.01270
248	0.00000	0.99984	0.00000	0.00000	0.00000	0.00016
249	0.00000	0.99789	0.00000	0.00000	0.00000	0.00211
250	0.00000	0.99873	0.00000	0.00000	0.00000	0.00127
251	0.00000	0.99924	0.00000	0.00000	0.00000	0.00076
252	0.00000	0.99981	0.00000	0.00000	0.00000	0.00019
253	0.00000	0.99973	0.00000	0.00000	0.00000	0.00027
254	0.00000	0.99974	0.00000	0.00000	0.00000	0.00026
255	0.00000	0.99911	0.00000	0.00000	0.00000	0.00089
256	0.00000	0.69411	0.00000	0.00078	0.00000	0.30511
257	0.00000	0.99872	0.00000	0.00000	0.00000	0.00128
258	0.00000	0.98811	0.00000	0.00000	0.00000	0.01188
259	0.00000	0.99989	0.00000	0.00000	0.00000	0.00011
260	0.00000	0.15626	0.00021	0.08231	0.00001	0.76122
261	0.00000	0.99964	0.00000	0.00000	0.00000	0.00036
262	0.00000	0.99839	0.00000	0.00000	0.00000	0.00161
263	0.00000	0.95604	0.00000	0.00011	0.00000	0.04384
264	0.00000	0.99544	0.00000	0.00000	0.00000	0.00456
265	0.07755	0.00000	0.00000	0.70001	0.22244	0.00000
266	0.00000	0.99983	0.00000	0.00000	0.00000	0.00017
267	0.00000	0.99849	0.00000	0.00000	0.00000	0.00151
268	0.00000	0.99964	0.00000	0.00000	0.00000	0.00036
269	0.00000	0.99993	0.00000	0.00000	0.00000	0.00007
270	0.00000	0.99705	0.00000	0.00000	0.00000	0.00295
271	0.00000	0.99992	0.00000	0.00000	0.00000	0.00008
272	0.00000	0.99931	0.00000	0.00000	0.00000	0.00069
273	0.00000	0.99692	0.00000	0.00000	0.00000	0.00308
274	0.00000	0.99061	0.00000	0.00000	0.00000	0.00939
275	0.00000	0.98421	0.00000	0.00005	0.00000	0.01574
276	0.00000	0.99756	0.00000	0.00000	0.00000	0.00244
277	0.00000	0.94319	0.00000	0.00012	0.00000	0.05669
278	0.00000	0.99933	0.00000	0.00000	0.00000	0.00067
279	0.00000	0.99974	0.00000	0.00000	0.00000	0.00026
280	0.00000	0.99954	0.00000	0.00000	0.00000	0.00046
281	0.00000	0.99752	0.00000	0.00000	0.00000	0.00248
282	0.00000	0.99845	0.00000	0.00000	0.00000	0.00155
283	0.99792	0.00000	0.00000	0.00000	0.00208	0.00000
284	0.00000	0.98376	0.00000	0.00026	0.00000	0.01598
285	0.00000	0.99794	0.00000	0.00000	0.00000	0.00206
286	0.00000	0.99979	0.00000	0.00000	0.00000	0.00021
287	0.00000	0.99939	0.00000	0.00000	0.00000	0.00061
288	0.00000	0.99190	0.00000	0.00000	0.00000	0.00810
289	0.00000	0.99574	0.00000	0.00000	0.00000	0.00426
290	0.00000	0.99959	0.00000	0.00000	0.00000	0.00041
291	0.00000	0.99998	0.00000	0.00000	0.00000	0.00002
292	0.00000	0.96265	0.00000	0.00002	0.00000	0.03733
293	0.00000	0.99470	0.00000	0.00000	0.00000	0.00529
294	0.00000	0.99942	0.00000	0.00000	0.00000	0.00058
295	0.00000	0.99869	0.00000	0.00000	0.00000	0.00131
296	0.99869	0.00000	0.00000	0.00000	0.00130	0.00000
297	0.17494	0.15859	0.16656	0.16663	0.17073	0.16256
298	0.00000	0.99953	0.00000	0.00000	0.00000	0.00047
299	0.00000	0.99173	0.00000	0.00007	0.00000	0.00819
300	0.99868	0.00000	0.00000	0.00000	0.00132	0.00000
301	0.00000	0.99802	0.00000	0.00000	0.00000	0.00197
302	0.00000	0.99727	0.00000	0.00000	0.00000	0.00273
303	0.00000	0.99981	0.00000	0.00000	0.00000	0.00019
304	0.00000	0.99964	0.00000	0.00000	0.00000	0.00036
305	0.00000	0.99162	0.00000	0.00001	0.00000	0.00838
306	0.00000	0.99945	0.00000	0.00000	0.00000	0.00055
307	0.00000	0.99595	0.00000	0.00001	0.00000	0.00405
308	0.00000	0.99801	0.00000	0.00000	0.00000	0.00199
309	0.00000	0.99964	0.00000	0.00000	0.00000	0.00036
310	0.00000	0.99991	0.00000	0.00000	0.00000	0.00009
311	0.00000	0.99972	0.00000	0.00000	0.00000	0.00028
312	0.00000	0.95051	0.00012	0.00241	0.00001	0.04696
313	0.00000	0.99983	0.00000	0.00000	0.00000	0.00017
314	0.00000	0.99826	0.00000	0.00000	0.00000	0.00174
315	0.00000	0.99991	0.00000	0.00000	0.00000	0.00009
316	0.00000	0.99344	0.00000	0.00000	0.00000	0.00656
317	0.00000	0.99740	0.00000	0.00000	0.00000	0.00259
318	0.00000	0.98929	0.00000	0.00000	0.00000	0.01071
319	0.00000	0.99610	0.00000	0.00000	0.00000	0.00389
320	0.00000	0.68897	0.00000	0.00258	0.00000	0.30845
321	0.00000	0.99908	0.00000	0.00000	0.00000	0.00092
322	0.00000	0.99771	0.00000	0.00000	0.00000	0.00228
323	0.00000	0.99978	0.00000	0.00000	0.00000	0.00022
324	0.00000	0.99927	0.00000	0.00000	0.00000	0.00073
325	0.00000	0.99988	0.00000	0.00000	0.00000	0.00012
326	0.00000	0.54499	0.00000	0.00039	0.00000	0.45462
327	0.00000	0.90918	0.00003	0.00620	0.00000	0.08459
328	0.00000	0.99968	0.00000	0.00000	0.00000	0.00032
329	0.00000	0.99997	0.00000	0.00000	0.00000	0.00003
330	0.00000	0.99243	0.00000	0.00003	0.00000	0.00755
331	0.00000	0.95823	0.00000	0.00160	0.00000	0.04017
332	0.00000	0.99835	0.00000	0.00000	0.00000	0.00165
333	0.00000	0.99980	0.00000	0.00000	0.00000	0.00020
334	0.00000	0.99812	0.00000	0.00000	0.00000	0.00188
335	0.00000	0.74633	0.00000	0.00025	0.00000	0.25342
336	0.00000	0.99962	0.00000	0.00000	0.00000	0.00038
337	0.00008	0.59926	0.00535	0.12235	0.00244	0.27051
338	0.00000	0.99950	0.00000	0.00000	0.00000	0.00050
339	0.00000	0.99566	0.00000	0.00000	0.00000	0.00434
340	0.00000	0.99944	0.00000	0.00000	0.00000	0.00056
341	0.00000	0.00000	0.99689	0.00258	0.00008	0.00045
342	0.00000	0.99980	0.00000	0.00000	0.00000	0.00020
343	0.00000	0.99901	0.00000	0.00000	0.00000	0.00099
344	0.00000	0.00007	0.00009	0.00128	0.00000	0.99857
345	0.00000	0.99968	0.00000	0.00000	0.00000	0.00032
346	0.00000	0.99988	0.00000	0.00000	0.00000	0.00012
347	0.00000	0.97330	0.00000	0.00049	0.00000	0.02622
348	0.00000	0.00430	0.00000	0.00164	0.00000	0.99406
349	0.00000	0.99996	0.00000	0.00000	0.00000	0.00004
350	0.00000	0.99873	0.00000	0.00000	0.00000	0.00127
351	0.00000	0.99924	0.00000	0.00000	0.00000	0.00076
352	0.00000	0.99430	0.00000	0.00002	0.00000	0.00568
353	0.00000	0.99935	0.00000	0.00000	0.00000	0.00065
354	0.00000	0.98268	0.00000	0.00023	0.00000	0.01709
355	0.00067	0.65597	0.02057	0.08273	0.00736	0.23270
356	0.99868	0.00000	0.00000	0.00000	0.00132	0.00000
357	0.00000	0.99989	0.00000	0.00000	0.00000	0.00011
358	0.00000	0.99806	0.00000	0.00000	0.00000	0.00194
359	0.00000	0.74827	0.00127	0.05235	0.00034	0.19777
360	0.00000	0.99642	0.00000	0.00001	0.00000	0.00358
361	0.00000	0.99353	0.00000	0.00001	0.00000	0.00646
362	0.96183	0.00000	0.00000	0.00016	0.03801	0.00000
363	0.99998	0.00000	0.00000	0.00000	0.00002	0.00000
364	0.00000	0.99922	0.00000	0.00000	0.00000	0.00078
365	0.00000	0.99462	0.00000	0.00002	0.00000	0.00535
366	0.00000	0.99963	0.00000	0.00000	0.00000	0.00037
367	0.00000	0.99968	0.00000	0.00000	0.00000	0.00032
368	0.00000	0.99994	0.00000	0.00000	0.00000	0.00006
369	0.26325	0.00000	0.00000	0.01566	0.72108	0.00000
370	0.00000	0.99211	0.00000	0.00001	0.00000	0.00788
371	0.00000	0.99833	0.00000	0.00000	0.00000	0.00167
372	0.00000	0.99965	0.00000	0.00000	0.00000	0.00035
373	0.00000	0.92947	0.00000	0.00001	0.00000	0.07052
374	0.00000	0.88034	0.00160	0.01266	0.00020	0.10519
375	0.99277	0.00000	0.00000	0.00000	0.00722	0.00000
376	0.00000	0.99469	0.00000	0.00001	0.00000	0.00530
377	0.23430	0.10779	0.15880	0.16710	0.19784	0.13418
378	0.99978	0.00000	0.00000	0.00000	0.00022	0.00000
379	0.99720	0.00000	0.00000	0.00001	0.00279	0.00000
380	0.00000	0.99903	0.00000	0.00000	0.00000	0.00097
381	0.00000	0.97735	0.00000	0.00006	0.00000	0.02259
382	0.00000	0.99816	0.00000	0.00000	0.00000	0.00184
383	0.98656	0.00000	0.00000	0.00000	0.01344	0.00000
384	0.00000	0.99906	0.00000	0.00000	0.00000	0.00094
385	0.00000	0.99989	0.00000	0.00000	0.00000	0.00011
386	0.00000	0.99886	0.00000	0.00000	0.00000	0.00114
387	0.00000	0.99988	0.00000	0.00000	0.00000	0.00012
388	0.49235	0.00000	0.00000	0.02347	0.48418	0.00000
389	0.00000	0.99809	0.00000	0.00000	0.00000	0.00191
390	0.00000	0.99983	0.00000	0.00000	0.00000	0.00017
391	0.00000	0.99840	0.00000	0.00000	0.00000	0.00160
392	0.00000	0.99049	0.00000	0.00009	0.00000	0.00942
393	0.00000	0.99976	0.00000	0.00000	0.00000	0.00024
394	0.00000	0.99860	0.00000	0.00000	0.00000	0.00140
395	0.00000	0.99966	0.00000	0.00000	0.00000	0.00034
396	0.00000	0.99937	0.00000	0.00000	0.00000	0.00063
397	0.00000	0.99792	0.00000	0.00000	0.00000	0.00208
398	0.00000	0.99941	0.00000	0.00000	0.00000	0.00059
399	0.03992	0.24642	0.18174	0.18470	0.12387	0.22335
400	0.00000	0.99934	0.00000	0.00000	0.00000	0.00066
401	0.00000	0.99447	0.00000	0.00001	0.00000	0.00552
402	0.38486	0.04018	0.12385	0.14206	0.23359	0.07547
403	0.00000	0.99951	0.00000	0.00000	0.00000	0.00049
404	0.00000	0.99868	0.00000	0.00000	0.00000	0.00132
405	0.00000	0.97171	0.00000	0.00050	0.00000	0.02779
406	0.00000	0.99155	0.00000	0.00002	0.00000	0.00843
407	0.00000	0.99952	0.00000	0.00000	0.00000	0.00048
408	0.00000	0.99997	0.00000	0.00000	0.00000	0.00003
409	0.00000	0.99887	0.00000	0.00000	0.00000	0.00113
410	0.00000	0.99989	0.00000	0.00000	0.00000	0.00011
411	0.00000	0.85156	0.00000	0.00420	0.00000	0.14425
412	0.99836	0.00000	0.00000	0.00000	0.00164	0.00000
413	0.00000	0.99981	0.00000	0.00000	0.00000	0.00019
414	0.00000	0.99703	0.00000	0.00001	0.00000	0.00296
415	0.00000	0.98865	0.00000	0.00003	0.00000	0.01132
416	0.00000	0.96994	0.00001	0.00065	0.00000	0.02940
417	0.00000	0.99962	0.00000	0.00000	0.00000	0.00038
418	0.00000	0.99728	0.00000	0.00000	0.00000	0.00272
419	0.00000	0.99918	0.00000	0.00000	0.00000	0.00082
420	0.00000	0.99635	0.00000	0.00000	0.00000	0.00365
421	0.00000	0.99852	0.00000	0.00000	0.00000	0.00148
422	0.00000	0.99861	0.00000	0.00000	0.00000	0.00139
423	0.00000	0.91791	0.00001	0.00811	0.00000	0.07397
424	0.00000	0.94651	0.00001	0.00273	0.00000	0.05075
425	0.00000	0.99961	0.00000	0.00000	0.00000	0.00039
426	0.00000	0.99973	0.00000	0.00000	0.00000	0.00027
427	0.00000	0.99991	0.00000	0.00000	0.00000	0.00009
428	0.00000	0.99958	0.00000	0.00000	0.00000	0.00042
429	0.00000	0.99935	0.00000	0.00000	0.00000	0.00065
430	0.00000	0.99944	0.00000	0.00000	0.00000	0.00056
431	0.00000	0.99989	0.00000	0.00000	0.00000	0.00011
432	0.00000	0.99714	0.00000	0.00000	0.00000	0.00286
433	0.00000	0.99861	0.00000	0.00000	0.00000	0.00139
434	0.00000	0.99854	0.00000	0.00000	0.00000	0.00146
435	0.00000	0.99367	0.00000	0.00004	0.00000	0.00629
436	0.00000	0.99998	0.00000	0.00000	0.00000	0.00002
437	0.99927	0.00000	0.00000	0.00000	0.00073	0.00000
438	0.00000	0.98854	0.00000	0.00004	0.00000	0.01142
439	0.00000	0.99974	0.00000	0.00000	0.00000	0.00026
440	0.00000	0.99970	0.00000	0.00000	0.00000	0.00030
441	0.00000	0.73056	0.00000	0.00042	0.00000	0.26902
442	0.00000	0.99939	0.00000	0.00000	0.00000	0.00061
443	0.00000	0.99746	0.00000	0.00000	0.00000	0.00254
444	0.00000	0.98891	0.00000	0.00003	0.00000	0.01106
445	0.00000	0.99974	0.00000	0.00000	0.00000	0.00026
446	0.00000	0.99963	0.00000	0.00000	0.00000	0.00037
447	0.00000	0.99912	0.00000	0.00000	0.00000	0.00088
448	0.00000	0.85657	0.00000	0.00026	0.00000	0.14316
449	0.00000	0.99907	0.00000	0.00000	0.00000	0.00093
450	0.00000	0.99992	0.00000	0.00000	0.00000	0.00008
451	0.00000	0.99715	0.00000	0.00000	0.00000	0.00285
452	0.00000	0.99979	0.00000	0.00000	0.00000	0.00021
453	0.00000	0.92378	0.00000	0.00548	0.00000	0.07074
454	0.00000	0.99971	0.00000	0.00000	0.00000	0.00029
455	0.00000	0.99849	0.00000	0.00000	0.00000	0.00151
456	0.00000	0.99353	0.00000	0.00004	0.00000	0.00643
457	0.00000	0.99838	0.00000	0.00000	0.00000	0.00162
458	0.00000	0.99564	0.00000	0.00001	0.00000	0.00434
459	0.00000	0.99954	0.00000	0.00000	0.00000	0.00046
460	0.00000	0.99987	0.00000	0.00000	0.00000	0.00013
461	0.99954	0.00000	0.00000	0.00000	0.00046	0.00000
462	0.00000	0.99784	0.00000	0.00000	0.00000	0.00216
463	0.00000	0.98954	0.00000	0.00000	0.00000	0.01046
464	0.26096	0.09120	0.15550	0.16326	0.20680	0.12228
465	0.96874	0.00000	0.00000	0.00002	0.03125	0.00000
466	0.00000	0.99961	0.00000	0.00000	0.00000	0.00039
467	0.00000	0.99817	0.00000	0.00000	0.00000	0.00183
468	0.00000	0.94029	0.00000	0.00340	0.00000	0.05631
469	0.00000	0.99628	0.00000	0.00000	0.00000	0.00372
470	0.00000	0.99971	0.00000	0.00000	0.00000	0.00029
471	0.00000	0.99346	0.00000	0.00004	0.00000	0.00650
472	0.00000	0.99721	0.00000	0.00000	0.00000	0.00279
473	0.00000	0.81631	0.00000	0.00017	0.00000	0.18352
474	0.00000	0.99990	0.00000	0.00000	0.00000	0.00010
475	0.00015	0.53381	0.00780	0.16108	0.00432	0.29285
476	0.00000	0.99936	0.00000	0.00000	0.00000	0.00064
477	0.00000	0.99849	0.00000	0.00000	0.00000	0.00151
478	0.00000	0.99968	0.00000	0.00000	0.00000	0.00032
479	0.00000	0.99968	0.00000	0.00000	0.00000	0.00032
480	0.00000	0.62324	0.00110	0.09564	0.00026	0.27976
481	0.00000	0.99953	0.00000	0.00000	0.00000	0.00047
482	0.00000	0.99929	0.00000	0.00000	0.00000	0.00071
483	0.00000	0.99834	0.00000	0.00000	0.00000	0.00165
484	0.00000	0.99433	0.00000	0.00000	0.00000	0.00566
485	0.00000	0.99878	0.00000	0.00000	0.00000	0.00121
486	0.00000	0.99906	0.00000	0.00000	0.00000	0.00094
487	0.00000	0.99961	0.00000	0.00000	0.00000	0.00039
488	0.00000	0.99991	0.00000	0.00000	0.00000	0.00009
489	0.00000	0.99793	0.00000	0.00000	0.00000	0.00207
490	0.00000	0.99754	0.00000	0.00000	0.00000	0.00245
491	0.00000	0.85421	0.00000	0.00310	0.00000	0.14270
492	0.00000	0.99944	0.00000	0.00000	0.00000	0.00056
493	0.00000	0.98614	0.00000	0.00014	0.00000	0.01373
494	0.00000	0.99943	0.00000	0.00000	0.00000	0.00057
495	0.00000	0.88480	0.00075	0.01193	0.00010	0.10243
496	0.00000	0.96536	0.00000	0.00003	0.00000	0.03461
497	0.00000	0.99927	0.00000	0.00000	0.00000	0.00073
498	0.00000	0.99929	0.00000	0.00000	0.00000	0.00071
499	0.00000	0.99959	0.00000	0.00000	0.00000	0.00041
500	0.00000	0.99995	0.00000	0.00000	0.00000	0.00005
501	0.15505	0.16648	0.15995	0.17935	0.16654	0.17263
502	0.00000	0.92417	0.00000	0.00000	0.00000	0.07582
503	0.00000	0.82496	0.00019	0.02667	0.00004	0.14814
504	0.00000	0.99549	0.00000	0.00000	0.00000	0.00451
505	0.00000	0.99722	0.00000	0.00000	0.00000	0.00278
506	0.00000	0.99589	0.00000	0.00001	0.00000	0.00410
507	0.98858	0.00000	0.00000	0.00010	0.01132	0.00000
508	0.99988	0.00000	0.00000	0.00000	0.00012	0.00000
509	0.00000	0.96295	0.00000	0.00003	0.00000	0.03702
510	0.00000	0.95083	0.00000	0.00030	0.00000	0.04886
511	0.00000	0.99993	0.00000	0.00000	0.00000	0.00007
512	0.00000	0.99929	0.00000	0.00000	0.00000	0.00071
513	0.00000	0.99689	0.00000	0.00000	0.00000	0.00311
514	0.28853	0.00000	0.00000	0.00145	0.71003	0.00000
515	0.00000	0.99559	0.00000	0.00001	0.00000	0.00440
516	0.99971	0.00000	0.00000	0.00000	0.00029	0.00000
517	0.00000	0.99552	0.00000	0.00002	0.00000	0.00445
518	0.00000	0.98859	0.00000	0.00001	0.00000	0.01139
519	0.99880	0.00000	0.00000	0.00000	0.00120	0.00000
520	0.00000	0.99815	0.00000	0.00000	0.00000	0.00184
521	0.00000	0.99969	0.00000	0.00000	0.00000	0.00031
522	0.00000	0.99979	0.00000	0.00000	0.00000	0.00021
523	0.00000	0.99817	0.00000	0.00000	0.00000	0.00183
524	0.00000	0.99996	0.00000	0.00000	0.00000	0.00004
525	0.00000	0.99991	0.00000	0.00000	0.00000	0.00009
526	0.00000	0.99890	0.00000	0.00000	0.00000	0.00110
527	0.00000	0.99943	0.00000	0.00000	0.00000	0.00057
528	0.00000	0.85802	0.00000	0.00049	0.00000	0.14149
529	0.00000	0.97454	0.00000	0.00057	0.00000	0.02490
530	0.00000	0.72668	0.00057	0.06162	0.00018	0.21095
531	0.00000	0.99906	0.00000	0.00000	0.00000	0.00094
532	0.00000	0.99966	0.00000	0.00000	0.00000	0.00034
533	0.00000	0.99944	0.00000	0.00000	0.00000	0.00056
534	0.99979	0.00000	0.00000	0.00000	0.00021	0.00000
535	0.00000	0.88857	0.00000	0.00088	0.00000	0.11056
536	0.00000	0.99995	0.00000	0.00000	0.00000	0.00005
537	0.00000	0.99962	0.00000	0.00000	0.00000	0.00038
538	0.99682	0.00000	0.00000	0.00000	0.00318	0.00000
539	0.00000	0.97899	0.00000	0.00048	0.00000	0.02053
540	0.00000	0.99416	0.00000	0.00000	0.00000	0.00584
541	0.92513	0.00000	0.00000	0.00533	0.06954	0.00000
542	0.99877	0.00000	0.00000	0.00000	0.00123	0.00000
543	0.99637	0.00000	0.00000	0.00000	0.00363	0.00000
544	0.00000	0.92233	0.00000	0.00072	0.00000	0.07696
545	0.00000	0.99711	0.00000	0.00000	0.00000	0.00289
546	0.00000	0.99570	0.00000	0.00000	0.00000	0.00430
547	0.00000	0.99925	0.00000	0.00000	0.00000	0.00075
548	0.00000	0.99973	0.00000	0.00000	0.00000	0.00027
549	0.99634	0.00000	0.00000	0.00001	0.00365	0.00000
550	0.00000	0.99833	0.00000	0.00000	0.00000	0.00167
551	0.00000	0.99026	0.00000	0.00001	0.00000	0.00973
552	0.99986	0.00000	0.00000	0.00000	0.00014	0.00000
553	0.00000	0.99455	0.00000	0.00001	0.00000	0.00545
554	0.00000	0.99973	0.00000	0.00000	0.00000	0.00027
555	0.00000	0.99995	0.00000	0.00000	0.00000	0.00005
556	0.00000	0.99234	0.00000	0.00001	0.00000	0.00765
557	0.00000	0.00000	0.93749	0.02489	0.00004	0.03758
558	0.00000	0.99778	0.00000	0.00000	0.00000	0.00222
559	0.00000	0.99979	0.00000	0.00000	0.00000	0.00021
560	0.98811	0.00000	0.00000	0.00000	0.01188	0.00000
561	0.99378	0.00000	0.00000	0.00001	0.00621	0.00000
562	0.99437	0.00000	0.00000	0.00002	0.00561	0.00000
563	0.99994	0.00000	0.00000	0.00000	0.00006	0.00000
564	0.00000	0.99872	0.00000	0.00000	0.00000	0.00128
565	0.00000	0.99998	0.00000	0.00000	0.00000	0.00002
566	0.98890	0.00000	0.00000	0.00002	0.01108	0.00000
567	0.00000	0.99673	0.00000	0.00000	0.00000	0.00327
568	0.39127	0.03700	0.12012	0.14273	0.23624	0.07263
569	0.99967	0.00000	0.00000	0.00000	0.00033	0.00000
570	0.00000	0.94972	0.00000	0.00001	0.00000	0.05027
571	0.00000	0.99923	0.00000	0.00000	0.00000	0.00077
572	0.00000	0.99961	0.00000	0.00000	0.00000	0.00039
573	0.00000	0.99996	0.00000	0.00000	0.00000	0.00004
574	0.00000	0.99828	0.00000	0.00000	0.00000	0.00172
575	0.00000	0.99913	0.00000	0.00000	0.00000	0.00087
576	0.00000	0.00000	0.00360	0.04910	0.94729	0.00000
577	0.00000	0.99977	0.00000	0.00000	0.00000	0.00023
578	0.99976	0.00000	0.00000	0.00000	0.00024	0.00000
579	0.00000	0.99953	0.00000	0.00000	0.00000	0.00047
580	0.00000	0.99971	0.00000	0.00000	0.00000	0.00029
581	0.00000	0.95324	0.00000	0.00210	0.00000	0.04465
582	0.00000	0.99657	0.00000	0.00000	0.00000	0.00343
583	0.00000	0.99955	0.00000	0.00000	0.00000	0.00045
584	0.00000	0.95232	0.00001	0.00198	0.00000	0.04569
585	0.00000	0.99971	0.00000	0.00000	0.00000	0.00029
586	0.00000	0.97885	0.00000	0.00000	0.00000	0.02115
587	0.00000	0.99936	0.00000	0.00000	0.00000	0.00064
588	0.00000	0.99865	0.00000	0.00000	0.00000	0.00135
589	0.00000	0.98313	0.00000	0.00000	0.00000	0.01687
590	0.00000	0.99880	0.00000	0.00000	0.00000	0.00120
591	0.00000	0.93479	0.00000	0.00003	0.00000	0.06518
592	0.00000	0.97392	0.00000	0.00067	0.00000	0.02541
593	0.00000	0.93441	0.00001	0.00428	0.00000	0.06129
594	0.00000	0.99974	0.00000	0.00000	0.00000	0.00026
595	0.00000	0.88552	0.00000	0.00018	0.00000	0.11430
596	0.00000	0.99886	0.00000	0.00000	0.00000	0.00114
597	0.00000	0.15367	0.00008	0.08462	0.00000	0.76163
598	0.00000	0.99391	0.00000	0.00001	0.00000	0.00608
599	0.00000	0.97385	0.00000	0.00063	0.00000	0.02551
600	0.00000	0.00039	0.00251	0.06777	0.00003	0.92931
601	0.00000	0.99976	0.00000	0.00000	0.00000	0.00024
602	0.00000	0.72045	0.00095	0.06509	0.00032	0.21319
603	0.81335	0.00000	0.00000	0.00111	0.18554	0.00000
604	0.97856	0.00000	0.00000	0.00045	0.02099	0.00000
605	0.00000	0.99942	0.00000	0.00000	0.00000	0.00058
606	0.00000	0.98466	0.00000	0.00013	0.00000	0.01521
607	0.00000	0.99702	0.00000	0.00000	0.00000	0.00298
608	0.00000	0.99942	0.00000	0.00000	0.00000	0.00058
609	0.00000	0.99983	0.00000	0.00000	0.00000	0.00017
610	0.00000	0.99981	0.00000	0.00000	0.00000	0.00019
611	0.99772	0.00000	0.00000	0.00000	0.00228	0.00000
612	0.00000	0.99009	0.00000	0.00001	0.00000	0.00990
613	0.00000	0.99990	0.00000	0.00000	0.00000	0.00010
614	0.00000	0.98276	0.00000	0.00002	0.00000	0.01722
615	0.00000	0.98815	0.00000	0.00014	0.00000	0.01172
616	0.00000	0.99877	0.00000	0.00000	0.00000	0.00123
617	0.00000	0.99355	0.00000	0.00000	0.00000	0.00645
618	0.00000	0.99938	0.00000	0.00000	0.00000	0.00062
619	0.00000	0.99936	0.00000	0.00000	0.00000	0.00064
620	0.00000	0.99193	0.00000	0.00002	0.00000	0.00804
621	0.00000	0.99954	0.00000	0.00000	0.00000	0.00046
622	0.00000	0.99908	0.00000	0.00000	0.00000	0.00092
623	0.00000	0.96463	0.00000	0.00099	0.00000	0.03438
624	0.00000	0.99879	0.00000	0.00000	0.00000	0.00121
625	0.00000	0.99876	0.00000	0.00000	0.00000	0.00124
626	0.00000	0.99976	0.00000	0.00000	0.00000	0.00024
627	0.00000	0.89840	0.00009	0.00821	0.00001	0.09329
628	0.00000	0.99522	0.00000	0.00000	0.00000	0.00478
629	0.00000	0.99646	0.00000	0.00000	0.00000	0.00354
630	0.00000	0.99913	0.00000	0.00000	0.00000	0.00087
631	0.00000	0.99987	0.00000	0.00000	0.00000	0.00013
632	0.00000	0.99969	0.00000	0.00000	0.00000	0.00031
633	0.99950	0.00000	0.00000	0.00000	0.00050	0.00000
634	0.00000	0.98771	0.00000	0.00000	0.00000	0.01229
635	0.00000	0.99954	0.00000	0.00000	0.00000	0.00046
636	0.00000	0.99665	0.00000	0.00001	0.00000	0.00334
637	0.00000	0.92435	0.00000	0.00534	0.00000	0.07031
638	0.00000	0.99636	0.00000	0.00001	0.00000	0.00363
639	0.00000	0.99788	0.00000	0.00000	0.00000	0.00212
640	0.00000	0.99867	0.00000	0.00000	0.00000	0.00133
641	0.00000	0.99927	0.00000	0.00000	0.00000	0.00073
642	0.00000	0.99868	0.00000	0.00000	0.00000	0.00132
643	0.00000	0.99801	0.00000	0.00000	0.00000	0.00199
644	0.00000	0.99917	0.00000	0.00000	0.00000	0.00083
645	0.00000	0.06638	0.00000	0.00100	0.00000	0.93262
646	0.00000	0.99996	0.00000	0.00000	0.00000	0.00004
647	0.00000	0.99867	0.00000	0.00000	0.00000	0.00133
648	0.00000	0.99759	0.00000	0.00000	0.00000	0.00241
649	0.00000	0.99884	0.00000	0.00000	0.00000	0.00116
650	0.00000	0.94533	0.00000	0.00169	0.00000	0.05298
651	0.99912	0.00000	0.00000	0.00000	0.00088	0.00000
652	0.00000	0.99851	0.00000	0.00000	0.00000	0.00149
653	0.00000	0.99801	0.00000	0.00000	0.00000	0.00199
654	0.97677	0.00000	0.00000	0.00011	0.02312	0.00000
655	0.00000	0.99981	0.00000	0.00000	0.00000	0.00019
656	0.00000	0.99988	0.00000	0.00000	0.00000	0.00012
657	0.00000	0.95943	0.00000	0.00006	0.00000	0.04051
658	0.00000	0.99948	0.00000	0.00000	0.00000	0.00052
659	0.00000	0.97731	0.00000	0.00004	0.00000	0.02264
660	0.79845	0.00000	0.00009	0.03439	0.16706	0.00002
661	0.00000	0.99296	0.00000	0.00002	0.00000	0.00701
662	0.00000	0.99883	0.00000	0.00000	0.00000	0.00117
663	0.00000	0.99982	0.00000	0.00000	0.00000	0.00018
664	0.00001	0.41217	0.00321	0.24147	0.00182	0.34133
665	0.98127	0.00000	0.00000	0.00006	0.01868	0.00000
666	0.00000	0.99948	0.00000	0.00000	0.00000	0.00052
667	0.99962	0.00000	0.00000	0.00000	0.00038	0.00000
668	0.99947	0.00000	0.00000	0.00000	0.00053	0.00000
669	0.99564	0.00000	0.00000	0.00000	0.00436	0.00000
670	0.99780	0.00000	0.00000	0.00000	0.00220	0.00000
671	0.99121	0.00000	0.00000	0.00004	0.00875	0.00000
672	0.00000	0.99943	0.00000	0.00000	0.00000	0.00057
673	0.00000	0.99893	0.00000	0.00000	0.00000	0.00107
674	0.00000	0.99665	0.00000	0.00000	0.00000	0.00335
675	0.00000	0.98181	0.00000	0.00034	0.00000	0.01785
676	0.00000	0.99746	0.00000	0.00000	0.00000	0.00254
677	0.00000	0.97727	0.00000	0.00027	0.00000	0.02246
678	0.00000	0.99933	0.00000	0.00000	0.00000	0.00067
679	0.91582	0.00000	0.00000	0.00023	0.08395	0.00000
680	0.00000	0.99988	0.00000	0.00000	0.00000	0.00012
681	0.00000	0.99741	0.00000	0.00000	0.00000	0.00259
682	0.00000	0.99739	0.00000	0.00000	0.00000	0.00261
683	0.00000	0.99992	0.00000	0.00000	0.00000	0.00008
684	0.00000	0.99953	0.00000	0.00000	0.00000	0.00047
685	0.00000	0.96199	0.00000	0.00080	0.00000	0.03721
686	0.00000	0.99983	0.00000	0.00000	0.00000	0.00017
687	0.00000	0.99834	0.00000	0.00000	0.00000	0.00166
688	0.00000	0.99825	0.00000	0.00000	0.00000	0.00175
689	0.00000	0.99962	0.00000	0.00000	0.00000	0.00038
690	0.00000	0.99880	0.00000	0.00000	0.00000	0.00120
691	0.00000	0.99878	0.00000	0.00000	0.00000	0.00122
692	0.00000	0.99961	0.00000	0.00000	0.00000	0.00039
693	0.00000	0.99974	0.00000	0.00000	0.00000	0.00026
694	0.00000	0.95075	0.00000	0.00049	0.00000	0.04876
695	0.00000	0.83955	0.00035	0.02268	0.00006	0.13736
696	0.00000	0.99961	0.00000	0.00000	0.00000	0.00039
697	0.00000	0.99918	0.00000	0.00000	0.00000	0.00082
698	0.00000	0.85471	0.00000	0.00172	0.00000	0.14357
699	0.00000	0.81502	0.00000	0.00012	0.00000	0.18486
700	0.00000	0.99986	0.00000	0.00000	0.00000	0.00014
701	0.00000	0.99834	0.00000	0.00000	0.00000	0.00166
702	0.99951	0.00000	0.00000	0.00000	0.00049	0.00000
703	0.99728	0.00000	0.00000	0.00000	0.00272	0.00000
704	0.99866	0.00000	0.00000	0.00000	0.00134	0.00000
705	0.16892	0.16443	0.16665	0.16667	0.16779	0.16554
706	0.73915	0.00001	0.01630	0.04250	0.19985	0.00219
707	0.00000	0.99312	0.00000	0.00000	0.00000	0.00687
708	0.00000	0.99361	0.00000	0.00002	0.00000	0.00637
709	0.99501	0.00000	0.00000	0.00001	0.00498	0.00000
710	0.00000	0.90373	0.00000	0.00012	0.00000	0.09615
711	0.00000	0.99977	0.00000	0.00000	0.00000	0.00023
712	0.00000	0.99990	0.00000	0.00000	0.00000	0.00010
713	0.00000	0.99867	0.00000	0.00000	0.00000	0.00133
714	0.00000	0.99997	0.00000	0.00000	0.00000	0.00003
715	0.00000	0.99513	0.00000	0.00000	0.00000	0.00486
716	0.84565	0.00000	0.00000	0.00021	0.15414	0.00000
717	0.00005	0.44021	0.00289	0.24915	0.00265	0.30505
718	0.00000	0.99938	0.00000	0.00000	0.00000	0.00062
719	0.00000	0.99952	0.00000	0.00000	0.00000	0.00048
720	0.99554	0.00000	0.00000	0.00000	0.00446	0.00000
721	0.00000	0.99822	0.00000	0.00000	0.00000	0.00178
722	0.00000	0.99864	0.00000	0.00000	0.00000	0.00135
723	0.00000	0.99970	0.00000	0.00000	0.00000	0.00030
724	0.00000	0.91243	0.00000	0.00016	0.00000	0.08741
725	0.00000	0.99928	0.00000	0.00000	0.00000	0.00072
726	0.00000	0.98561	0.00000	0.00018	0.00000	0.01421
727	0.00000	0.61704	0.00016	0.12945	0.00007	0.25329
728	0.00000	0.98905	0.00000	0.00000	0.00000	0.01095
729	0.00000	0.99952	0.00000	0.00000	0.00000	0.00048
730	0.00000	0.94486	0.00000	0.00290	0.00000	0.05224
731	0.00000	0.99965	0.00000	0.00000	0.00000	0.00035
732	0.00000	0.99774	0.00000	0.00000	0.00000	0.00226
733	0.00000	0.98885	0.00000	0.00002	0.00000	0.01113
734	0.91484	0.00000	0.00000	0.00216	0.08300	0.00000
735	0.00000	0.99154	0.00000	0.00001	0.00000	0.00845
736	0.00000	0.99954	0.00000	0.00000	0.00000	0.00046
737	0.00000	0.99866	0.00000	0.00000	0.00000	0.00134
738	0.00000	0.98799	0.00000	0.00012	0.00000	0.01189
739	0.00000	0.99905	0.00000	0.00000	0.00000	0.00095
740	0.96306	0.00000	0.00000	0.00014	0.03680	0.00000
741	0.00000	0.85141	0.00001	0.01969	0.00000	0.12888
742	0.00000	0.99233	0.00000	0.00000	0.00000	0.00767
743	0.98951	0.00000	0.00000	0.00000	0.01049	0.00000
744	0.00000	0.99984	0.00000	0.00000	0.00000	0.00016
745	0.00000	0.98639	0.00000	0.00001	0.00000	0.01361
746	0.00000	0.99271	0.00000	0.00002	0.00000	0.00726
747	0.99225	0.00000	0.00000	0.00001	0.00774	0.00000
748	0.00000	0.99993	0.00000	0.00000	0.00000	0.00007
749	0.00000	0.99827	0.00000	0.00000	0.00000	0.00173
750	0.00000	0.99934	0.00000	0.00000	0.00000	0.00066
751	0.00000	0.99779	0.00000	0.00000	0.00000	0.00221
752	0.00754	0.52531	0.06227	0.12189	0.03012	0.25288
753	0.00000	0.99967	0.00000	0.00000	0.00000	0.00033
754	0.00000	0.99992	0.00000	0.00000	0.00000	0.00008
755	0.00000	0.99993	0.00000	0.00000	0.00000	0.00007
756	0.00000	0.99991	0.00000	0.00000	0.00000	0.00009
757	0.00000	0.99929	0.00000	0.00000	0.00000	0.00071
758	0.00000	0.99453	0.00000	0.00000	0.00000	0.00547
759	0.00000	0.96555	0.00001	0.00078	0.00000	0.03366
760	0.00000	0.99601	0.00000	0.00001	0.00000	0.00397
761	0.99932	0.00000	0.00000	0.00000	0.00068	0.00000
762	0.99943	0.00000	0.00000	0.00000	0.00057	0.00000
763	0.00000	0.69114	0.00000	0.00003	0.00000	0.30883
764	0.00000	0.98407	0.00000	0.00002	0.00000	0.01591
765	0.00000	0.99854	0.00000	0.00000	0.00000	0.00146
766	0.00000	0.99304	0.00000	0.00000	0.00000	0.00696
767	0.00000	0.99927	0.00000	0.00000	0.00000	0.00073
768	0.00000	0.99904	0.00000	0.00000	0.00000	0.00096
