999901_sweeps	1.000/0.000/0.000/0.000	0.000/0.000/0.000/1.000	0.000/0.500/0.500/0.000	0.250/0.250/0.250/0.250	0.500/0.250/0.250/0.000	0.000/0.250/0.250/0.500
1	0.00000	0.99302	0.00000	0.00002	0.00000	0.00696
2	0.00000	0.99115	0.00000	0.00001	0.00000	0.00884
3	0.00000	0.99944	0.00000	0.00000	0.00000	0.00056
4	0.00000	0.94157	0.00000	0.00277	0.00000	0.05566
5	0.00000	0.99977	0.00000	0.00000	0.00000	0.00023
6	0.00000	0.96898	0.00000	0.00039	0.00000	0.03063
7	0.00000	0.99945	0.00000	0.00000	0.00000	0.00055
8	0.00000	0.99225	0.00000	0.00001	0.00000	0.00774
9	0.00000	0.99987	0.00000	0.00000	0.00000	0.00013
10	0.00001	0.00000	0.00000	0.01016	0.98982	0.00000
11	0.99989	0.00000	0.00000	0.00000	0.00011	0.00000
12	0.00000	0.89541	0.00000	0.01055	0.00000	0.09404
13	0.00000	0.99738	0.00000	0.00000	0.00000	0.00262
14	0.00000	0.99985	0.00000	0.00000	0.00000	0.00015
15	0.00000	0.99932	0.00000	0.00000	0.00000	0.00068
16	0.00000	0.96885	0.00000	0.00070	0.00000	0.03045
17	0.99885	0.00000	0.00000	0.00000	0.00115	0.00000
18	0.87002	0.00000	0.00012	0.01514	0.11470	0.00002
19	0.00000	0.63916	0.00000	0.07495	0.00000	0.28589
20	0.99996	0.00000	0.00000	0.00000	0.00004	0.00000
21	0.00000	0.15770	0.00113	0.52566	0.00147	0.31403
22	0.00000	0.94852	0.00000	0.00199	0.00000	0.04949
23	0.95921	0.00000	0.00000	0.00053	0.04026	0.00000
24	0.99012	0.00000	0.00000	0.00006	0.00982	0.00000
25	0.99986	0.00000	0.00000	0.00000	0.00014	0.00000
26	0.00000	0.98941	0.00000	0.00003	0.00000	0.01055
27	0.00000	0.99932	0.00000	0.00000	0.00000	0.00068
28	0.00000	0.99954	0.00000	0.00000	0.00000	0.00046
29	0.00000	0.99932	0.00000	0.00000	0.00000	0.00068
30	0.99997	0.00000	0.00000	0.00000	0.00003	0.00000
31	0.99680	0.00000	0.00000	0.00000	0.00320	0.00000
32	0.37131	0.00000	0.00043	0.33245	0.29532	0.00050
33	0.99945	0.00000	0.00000	0.00000	0.00055	0.00000
34	0.11161	0.22459	0.15790	0.17151	0.13823	0.19617
35	0.00000	0.27571	0.00009	0.23821	0.00003	0.48597
36	0.00000	0.99780	0.00000	0.00000	0.00000	0.00220
37	0.99938	0.00000	0.00000	0.00000	0.00061	0.00000
38	0.99989	0.00000	0.00000	0.00000	0.00011	0.00000
39	0.00000	0.99735	0.00000	0.00000	0.00000	0.00265
40	0.00000	0.99984	0.00000	0.00000	0.00000	0.00016
41	0.00000	0.99951	0.00000	0.00000	0.00000	0.00049
42	0.00000	0.99686	0.00000	0.00000	0.00000	0.00314
43	0.28494	0.00000	0.00000	0.00049	0.71457	0.00000
44	0.00000	0.99969	0.00000	0.00000	0.00000	0.00031
45	0.99545	0.00000	0.00000	0.00001	0.00455	0.00000
46	0.00000	0.99905	0.00000	0.00000	0.00000	0.00095
47	0.00000	0.99758	0.00000	0.00000	0.00000	0.00242
48	0.98681	0.00000	0.00000	0.00003	0.01317	0.00000
49	0.98875	0.00000	0.00000	0.00006	0.01118	0.00000
50	0.00000	0.99546	0.00000	0.00002	0.00000	0.00452
51	0.00000	0.99972	0.00000	0.00000	0.00000	0.00028
52	0.00000	0.99881	0.00000	0.00000	0.00000	0.00119
53	0.65746	0.00000	0.00000	0.02872	0.31382	0.00000
54	0.00000	0.99626	0.00000	0.00000	0.00000	0.00374
55	0.00000	0.99974	0.00000	0.00000	0.00000	0.00026
56	0.79290	0.00000	0.00096	0.03793	0.16799	0.00022
57	0.00000	0.99982	0.00000	0.00000	0.00000	0.00018
58	0.00000	0.99887	0.00000	0.00000	0.00000	0.00113
59	0.00000	0.86213	0.00000	0.00764	0.00000	0.13023
60	0.00000	0.98353	0.00000	0.00005	0.00000	0.01642
61	0.00000	0.99874	0.00000	0.00000	0.00000	0.00126
62	0.00000	0.99941	0.00000	0.00000	0.00000	0.00059
63	0.00000	0.99939	0.00000	0.00000	0.00000	0.00061
64	0.00000	0.99748	0.00000	0.00000	0.00000	0.00252
65	0.00000	0.99664	0.00000	0.00000	0.00000	0.00336
66	0.99993	0.00000	0.00000	0.00000	0.00007	0.00000
67	0.00000	0.99993	0.00000	0.00000	0.00000	0.00007
68	0.00000	0.97805	0.00000	0.00001	0.00000	0.02194
69	0.00000	0.72180	0.00042	0.05649	0.00008	0.22121
70	0.00000	0.99414	0.00000	0.00000	0.00000	0.00586
71	0.00000	0.99876	0.00000	0.00000	0.00000	0.00124
72	0.00000	0.99939	0.00000	0.00000	0.00000	0.00061
73	0.00000	0.66351	0.00000	0.07693	0.00000	0.25956
74	0.00000	0.99957	0.00000	0.00000	0.00000	0.00043
75	0.00000	0.99897	0.00000	0.00000	0.00000	0.00103
76	0.00000	0.99935	0.00000	0.00000	0.00000	0.00065
77	0.99992	0.00000	0.00000	0.00000	0.00008	0.00000
78	0.99960	0.00000	0.00000	0.00000	0.00040	0.00000
79	0.99889	0.00000	0.00000	0.00000	0.00111	0.00000
80	0.00000	0.79123	0.00000	0.01104	0.00000	0.19773
81	0.00000	0.98551	0.00000	0.00001	0.00000	0.01448
82	0.30682	0.01032	0.05569	0.28080	0.29281	0.05356
83	0.99884	0.00000	0.00000	0.00000	0.00116	0.00000
84	0.00000	0.95461	0.00000	0.00007	0.00000	0.04532
85	0.99954	0.00000	0.00000	0.00000	0.00046	0.00000
86	0.99964	0.00000	0.00000	0.00000	0.00036	0.00000
87	0.00000	0.97261	0.00000	0.00004	0.00000	0.02734
88	0.99878	0.00000	0.00000	0.00000	0.00122	0.00000
89	0.00000	0.99860	0.00000	0.00000	0.00000	0.00140
90	0.00000	0.99944	0.00000	0.00000	0.00000	0.00056
91	0.98839	0.00000	0.00000	0.00018	0.01142	0.00000
92	0.00000	0.00001	0.00004	0.01606	0.00000	0.98388
93	0.00000	0.99971	0.00000	0.00000	0.00000	0.00029
94	0.99144	0.00000	0.00000	0.00007	0.00849	0.00000
95	0.00000	0.99565	0.00000	0.00000	0.00000	0.00435
96	0.00000	0.99939	0.00000	0.00000	0.00000	0.00061
97	0.99679	0.00000	0.00000	0.00001	0.00320	0.00000
98	0.00000	0.44834	0.00000	0.00888	0.00000	0.54278
99	0.03256	0.39652	0.11268	0.14754	0.06905	0.24164
100	0.00000	0.99988	0.00000	0.00000	0.00000	0.00012
101	0.00000	0.99980	0.00000	0.00000	0.00000	0.00020
102	0.00000	0.99838	0.00000	0.00000	0.00000	0.00162
103	0.00000	0.99771	0.00000	0.00000	0.00000	0.00229
104	0.00000	0.98047	0.00000	0.00005	0.00000	0.01948
105	0.00000	0.89055	0.00000	0.01006	0.00000	0.09940
106	0.00000	0.99498	0.00000	0.00000	0.00000	0.00502
107	0.00000	0.99606	0.00000	0.00000	0.00000	0.00394
108	0.99651	0.00000	0.00000	0.00000	0.00348	0.00000
109	0.00000	0.99897	0.00000	0.00000	0.00000	0.00103
110	0.00000	0.99571	0.00000	0.00001	0.00000	0.00428
111	0.00000	0.99718	0.00000	0.00000	0.00000	0.00282
112	0.99987	0.00000	0.00000	0.00000	0.00013	0.00000
113	0.99755	0.00000	0.00000	0.00000	0.00245	0.00000
114	0.00000	0.96663	0.00000	0.00004	0.00000	0.03333
115	0.00000	0.99922	0.00000	0.00000	0.00000	0.00078
116	0.99643	0.00000	0.00000	0.00000	0.00357	0.00000
117	0.00000	0.99429	0.00000	0.00000	0.00000	0.00571
118	0.87421	0.00000	0.00000	0.00035	0.12543	0.00000
119	0.99936	0.00000	0.00000	0.00000	0.00064	0.00000
120	0.00000	0.99965	0.00000	0.00000	0.00000	0.00035
121	0.00000	0.99950	0.00000	0.00000	0.00000	0.00050
122	0.00000	0.97427	0.00000	0.00028	0.00000	0.02544
123	0.13823	0.01408	0.10262	0.32744	0.34353	0.07411
124	0.00000	0.99298	0.00000	0.00002	0.00000	0.00700
125	0.00000	0.92463	0.00000	0.00130	0.00000	0.07407
126	0.00000	0.99933	0.00000	0.00000	0.00000	0.00067
127	0.00000	0.99867	0.00000	0.00000	0.00000	0.00133
128	0.00000	0.87618	0.00000	0.00556	0.00000	0.11825
129	0.00000	0.99661	0.00000	0.00001	0.00000	0.00338
130	0.00000	0.85060	0.00000	0.00083	0.00000	0.14857
131	0.99994	0.00000	0.00000	0.00000	0.00006	0.00000
132	0.00000	0.99969	0.00000	0.00000	0.00000	0.00031
133	0.00000	0.99893	0.00000	0.00000	0.00000	0.00107
134	0.00000	0.96982	0.00000	0.00002	0.00000	0.03016
135	0.00000	0.98722	0.00000	0.00003	0.00000	0.01275
136	0.00000	0.99928	0.00000	0.00000	0.00000	0.00072
137	0.00000	0.99993	0.00000	0.00000	0.00000	0.00007
138	0.99456	0.00000	0.00000	0.00002	0.00541	0.00000
139	0.99868	0.00000	0.00000	0.00000	0.00132	0.00000
140	0.99983	0.00000	0.00000	0.00000	0.00017	0.00000
141	0.95725	0.00000	0.00000	0.00177	0.04098	0.00000
142	0.00506	0.00000	0.00000	0.01408	0.98086	0.00000
143	0.00000	0.99792	0.00000	0.00000	0.00000	0.00208
144	0.99976	0.00000	0.00000	0.00000	0.00024	0.00000
145	0.99981	0.00000	0.00000	0.00000	0.00019	0.00000
146	0.99976	0.00000	0.00000	0.00000	0.00024	0.00000
147	0.99735	0.00000	0.00000	0.00001	0.00264	0.00000
148	0.99977	0.00000	0.00000	0.00000	0.00023	0.00000
149	0.99464	0.00000	0.00000	0.00003	0.00533	0.00000
150	0.99775	0.00000	0.00000	0.00000	0.00224	0.00000
151	0.00000	0.98647	0.00000	0.00005	0.00000	0.01348
152	0.04241	0.36545	0.12368	0.15244	0.08015	0.23587
153	0.00000	0.99773	0.00000	0.00000	0.00000	0.00226
154	0.00000	0.99958	0.00000	0.00000	0.00000	0.00042
155	0.00000	0.95549	0.00000	0.00123	0.00000	0.04328
156	0.00000	0.99960	0.00000	0.00000	0.00000	0.00040
157	0.00000	0.99388	0.00000	0.00001	0.00000	0.00612
158	0.00000	0.99849	0.00000	0.00000	0.00000	0.00151
159	0.00000	0.99784	0.00000	0.00000	0.00000	0.00216
160	0.00000	0.99027	0.00000	0.00001	0.00000	0.00972
161	0.00000	0.99883	0.00000	0.00000	0.00000	0.00117
162	0.99961	0.00000	0.00000	0.00000	0.00039	0.00000
163	0.00000	0.99955	0.00000	0.00000	0.00000	0.00045
164	0.00000	0.99680	0.00000	0.00000	0.00000	0.00320
165	0.00000	0.75606	0.00003	0.05003	0.00001	0.19388
166	0.99983	0.00000	0.00000	0.00000	0.00017	0.00000
167	0.99987	0.00000	0.00000	0.00000	0.00013	0.00000
168	0.99894	0.00000	0.00000	0.00000	0.00106	0.00000
169	0.00000	0.98507	0.00000	0.00009	0.00000	0.01484
170	0.00000	0.97803	0.00000	0.00032	0.00000	0.02164
171	0.00000	0.99957	0.00000	0.00000	0.00000	0.00043
172	0.00000	0.39875	0.00000	0.00168	0.00000	0.59958
173	0.99992	0.00000	0.00000	0.00000	0.00008	0.00000
174	0.00000	0.99982	0.00000	0.00000	0.00000	0.00018
175	0.00000	0.86531	0.00000	0.00918	0.00000	0.12551
176	0.00000	0.99960	0.00000	0.00000	0.00000	0.00040
177	0.00000	0.99900	0.00000	0.00000	0.00000	0.00100
178	0.99968	0.00000	0.00000	0.00000	0.00032	0.00000
179	0.99954	0.00000	0.00000	0.00000	0.00046	0.00000
180	0.00000	0.99848	0.00000	0.00000	0.00000	0.00152
181	0.00000	0.99988	0.00000	0.00000	0.00000	0.00012
182	0.99765	0.00000	0.00000	0.00000	0.00234	0.00000
183	0.00000	0.94304	0.00000	0.00018	0.00000	0.05678
184	0.00000	0.98597	0.00000	0.00001	0.00000	0.01403
185	0.00000	0.99882	0.00000	0.00000	0.00000	0.00118
186	0.99831	0.00000	0.00000	0.00000	0.00169	0.00000
187	0.00000	0.99745	0.00000	0.00000	0.00000	0.00255
188	0.00000	0.64503	0.00000	0.00132	0.00000	0.35365
189	0.00000	0.99858	0.00000	0.00000	0.00000	0.00141
190	0.00000	0.99605	0.00000	0.00001	0.00000	0.00394
191	0.99583	0.00000	0.00000	0.00000	0.00417	0.00000
192	0.99909	0.00000	0.00000	0.00000	0.00091	0.00000
193	0.56508	0.00000	0.00000	0.00062	0.43430	0.00000
194	0.00000	0.99842	0.00000	0.00000	0.00000	0.00158
195	0.00000	0.98077	0.00000	0.00013	0.00000	0.01909
196	0.00000	0.99224	0.00000	0.00003	0.00000	0.00773
197	0.00000	0.91797	0.00000	0.00576	0.00000	0.07627
198	0.00000	0.99908	0.00000	0.00000	0.00000	0.00092
199	0.00000	0.85386	0.00000	0.00558	0.00000	0.14056
200	0.00000	0.00000	0.98452	0.00174	0.00000	0.01374
201	0.00000	0.99976	0.00000	0.00000	0.00000	0.00024
202	0.00000	0.99967	0.00000	0.00000	0.00000	0.00033
203	0.00000	0.85657	0.00000	0.01846	0.00000	0.12497
204	0.00000	0.99934	0.00000	0.00000	0.00000	0.00066
205	0.00000	0.99927	0.00000	0.00000	0.00000	0.00073
206	0.00000	0.99984	0.00000	0.00000	0.00000	0.00016
207	0.00000	0.99650	0.00000	0.00000	0.00000	0.00349
208	0.00000	0.99921	0.00000	0.00000	0.00000	0.00079
209	0.00000	0.99741	0.00000	0.00000	0.00000	0.00259
210	0.00000	0.99977	0.00000	0.00000	0.00000	0.00023
211	0.00000	0.99753	0.00000	0.00000	0.00000	0.00247
212	0.00000	0.99883	0.00000	0.00000	0.00000	0.00117
213	0.99826	0.00000	0.00000	0.00000	0.00174	0.00000
214	0.99945	0.00000	0.00000	0.00000	0.00055	0.00000
215	0.00000	0.99971	0.00000	0.00000	0.00000	0.00029
216	0.00000	0.99910	0.00000	0.00000	0.00000	0.00090
217	0.00000	0.99962	0.00000	0.00000	0.00000	0.00038
218	0.00000	0.99990	0.00000	0.00000	0.00000	0.00010
219	0.00000	0.99985	0.00000	0.00000	0.00000	0.00015
220	0.00000	0.76100	0.00056	0.04326	0.00009	0.19509
221	0.00000	0.99980	0.00000	0.00000	0.00000	0.00020
222	0.00000	0.99988	0.00000	0.00000	0.00000	0.00012
223	0.00000	0.96317	0.00000	0.00119	0.00000	0.03564
224	0.00000	0.99348	0.00000	0.00000	0.00000	0.00652
225	0.00000	0.99915	0.00000	0.00000	0.00000	0.00085
226	0.99993	0.00000	0.00000	0.00000	0.00007	0.00000
227	0.00000	0.95427	0.00000	0.00004	0.00000	0.04569
228	0.00000	0.95606	0.00000	0.00196	0.00000	0.04198
229	0.61665	0.00117	0.02666	0.09848	0.24637	0.01067
230	0.00000	0.99744	0.00000	0.00000	0.00000	0.00256
231	0.00000	0.99985	0.00000	0.00000	0.00000	0.00015
232	0.00000	0.93443	0.00000	0.00093	0.00000	0.06465
233	0.99923	0.00000	0.00000	0.00000	0.00077	0.00000
234	0.00000	0.97846	0.00000	0.00038	0.00000	0.02116
235	0.00000	0.99463	0.00000	0.00001	0.00000	0.00536
236	0.00000	0.99837	0.00000	0.00000	0.00000	0.00163
237	0.00000	0.98211	0.00000	0.00000	0.00000	0.01788
238	0.00000	0.99174	0.00000	0.00002	0.00000	0.00824
239	0.99834	0.00000	0.00000	0.00000	0.00166	0.00000
240	0.99983	0.00000	0.00000	0.00000	0.00017	0.00000
241	0.99991	0.00000	0.00000	0.00000	0.00009	0.00000
242	0.99867	0.00000	0.00000	0.00000	0.00133	0.00000
243	0.00000	0.99972	0.00000	0.00000	0.00000	0.00028
244	0.99969	0.00000	0.00000	0.00000	0.00031	0.00000
245	0.99810	0.00000	0.00000	0.00000	0.00189	0.00000
246	0.00000	0.99981	0.00000	0.00000	0.00000	0.00019
247	0.00000	0.99964	0.00000	0.00000	0.00000	0.00036
248	0.00000	0.99939	0.00000	0.00000	0.00000	0.00061
249	0.00000	0.43086	0.00000	0.00096	0.00000	0.56817
250	0.00000	0.99904	0.00000	0.00000	0.00000	0.00096
251	0.00000	0.99862	0.00000	0.00000	0.00000	0.00138
252	0.00000	0.99971	0.00000	0.00000	0.00000	0.00029
253	0.00000	0.99707	0.00000	0.00000	0.00000	0.00293
254	0.00000	0.99792	0.00000	0.00000	0.00000	0.00208
255	0.00000	0.99974	0.00000	0.00000	0.00000	0.00026
256	0.00000	0.96027	0.00000	0.00112	0.00000	0.03862
257	0.00000	0.99708	0.00000	0.00000	0.00000	0.00292
258	0.00000	0.99977	0.00000	0.00000	0.00000	0.00023
259	0.00000	0.99654	0.00000	0.00000	0.00000	0.00346
260	0.00000	0.23444	0.00005	0.44453	0.00008	0.32089
261	0.00000	0.72511	0.00000	0.00028	0.00000	0.27461
262	0.00000	0.99856	0.00000	0.00000	0.00000	0.00144
263	0.00000	0.99961	0.00000	0.00000	0.00000	0.00039
264	0.00000	0.99871	0.00000	0.00000	0.00000	0.00129
265	0.00000	0.18389	0.00017	0.49563	0.00020	0.32012
266	0.00000	0.99677	0.00000	0.00000	0.00000	0.00323
267	0.00000	0.99401	0.00000	0.00001	0.00000	0.00598
268	0.00000	0.99914	0.00000	0.00000	0.00000	0.00086
269	0.00000	0.96715	0.00000	0.00035	0.00000	0.03250
270	0.00000	0.99378	0.00000	0.00000	0.00000	0.00621
271	0.00000	0.89538	0.00000	0.00001	0.00000	0.10461
272	0.00000	0.99495	0.00000	0.00002	0.00000	0.00503
273	0.00000	0.99995	0.00000	0.00000	0.00000	0.00005
274	0.00000	0.92803	0.00000	0.00013	0.00000	0.07184
275	0.00000	0.99970	0.00000	0.00000	0.00000	0.00030
276	0.00000	0.99911	0.00000	0.00000	0.00000	0.00089
277	0.00000	0.99715	0.00000	0.00000	0.00000	0.00285
278	0.00000	0.99955	0.00000	0.00000	0.00000	0.00045
279	0.00000	0.95768	0.00000	0.00020	0.00000	0.04212
280	0.00000	0.98691	0.00000	0.00001	0.00000	0.01307
281	0.00000	0.99913	0.00000	0.00000	0.00000	0.00087
282	0.00000	0.99630	0.00000	0.00001	0.00000	0.00370
283	0.99752	0.00000	0.00000	0.00000	0.00247	0.00000
284	0.00000	0.97686	0.00000	0.00056	0.00000	0.02259
285	0.00000	0.98419	0.00000	0.00001	0.00000	0.01580
286	0.00000	0.99903	0.00000	0.00000	0.00000	0.00097
287	0.00000	0.99979	0.00000	0.00000	0.00000	0.00021
288	0.00000	0.99581	0.00000	0.00001	0.00000	0.00419
289	0.00000	0.90169	0.00000	0.00002	0.00000	0.09828
290	0.00000	0.99754	0.00000	0.00000	0.00000	0.00246
291	0.00000	0.99999	0.00000	0.00000	0.00000	0.00001
292	0.00000	0.99992	0.00000	0.00000	0.00000	0.00008
293	0.00000	0.99778	0.00000	0.00000	0.00000	0.00222
294	0.00000	0.98319	0.00000	0.00007	0.00000	0.01674
295	0.00000	0.99916	0.00000	0.00000	0.00000	0.00084
296	0.95630	0.00000	0.00000	0.00061	0.04309	0.00000
297	0.17359	0.15990	0.16659	0.16663	0.17007	0.16323
298	0.00000	0.99850	0.00000	0.00000	0.00000	0.00150
299	0.00000	0.84669	0.00001	0.02082	0.00000	0.13248
300	0.99956	0.00000	0.00000	0.00000	0.00044	0.00000
301	0.00000	0.99958	0.00000	0.00000	0.00000	0.00042
302	0.00000	0.99904	0.00000	0.00000	0.00000	0.00096
303	0.00000	0.99982	0.00000	0.00000	0.00000	0.00018
304	0.00000	0.99406	0.00000	0.00000	0.00000	0.00594
305	0.00000	0.98613	0.00000	0.00002	0.00000	0.01385
306	0.00000	0.71009	0.00000	0.00528	0.00000	0.28463
307	0.00000	0.99824	0.00000	0.00000	0.00000	0.00176
308	0.00000	0.98807	0.00000	0.00003	0.00000	0.01190
309	0.00000	0.99991	0.00000	0.00000	0.00000	0.00009
310	0.00000	0.99783	0.00000	0.00000	0.00000	0.00217
311	0.00000	0.99450	0.00000	0.00000	0.00000	0.00549
312	0.00000	0.92893	0.00000	0.00476	0.00000	0.06630
313	0.00000	0.99733	0.00000	0.00000	0.00000	0.00267
314	0.00000	0.99947	0.00000	0.00000	0.00000	0.00053
315	0.00000	0.99863	0.00000	0.00000	0.00000	0.00137
316	0.00000	0.33757	0.00000	0.00345	0.00000	0.65898
317	0.00000	0.99718	0.00000	0.00000	0.00000	0.00282
318	0.00000	0.99866	0.00000	0.00000	0.00000	0.00134
319	0.00000	0.99973	0.00000	0.00000	0.00000	0.00027
320	0.00000	0.11642	0.00000	0.14523	0.00000	0.73835
321	0.00000	0.96864	0.00000	0.00004	0.00000	0.03132
322	0.00000	0.98005	0.00000	0.00005	0.00000	0.01990
323	0.00000	0.87011	0.00000	0.00083	0.00000	0.12906
324	0.00000	0.54439	0.00000	0.00333	0.00000	0.45228
325	0.00000	0.99852	0.00000	0.00000	0.00000	0.00148
326	0.00000	0.32064	0.00000	0.00347	0.00000	0.67588
327	0.00000	0.95128	0.00000	0.00112	0.00000	0.04760
328	0.00000	0.99913	0.00000	0.00000	0.00000	0.00087
329	0.00000	0.99738	0.00000	0.00000	0.00000	0.00262
330	0.00000	0.99765	0.00000	0.00000	0.00000	0.00235
331	0.00000	0.94100	0.00000	0.00331	0.00000	0.05569
332	0.00000	0.98668	0.00000	0.00001	0.00000	0.01330
333	0.00000	0.99789	0.00000	0.00000	0.00000	0.00211
334	0.00000	0.99609	0.00000	0.00000	0.00000	0.00391
335	0.00000	0.99984	0.00000	0.00000	0.00000	0.00016
336	0.00000	0.99969	0.00000	0.00000	0.00000	0.00031
337	0.00000	0.81524	0.00028	0.02983	0.00006	0.15459
338	0.00000	0.99645	0.00000	0.00000	0.00000	0.00355
339	0.00000	0.99979	0.00000	0.00000	0.00000	0.00021
340	0.00000	0.97582	0.00000	0.00003	0.00000	0.02416
341	0.00000	0.00000	0.71085	0.02461	0.00001	0.26454
342	0.00000	0.99965	0.00000	0.00000	0.00000	0.00035
343	0.00000	0.98616	0.00000	0.00009	0.00000	0.01375
344	0.00000	0.00003	0.00000	0.02320	0.00000	0.97678
345	0.00000	0.96014	0.00000	0.00108	0.00000	0.03878
346	0.00000	0.99966	0.00000	0.00000	0.00000	0.00034
347	0.00000	0.93653	0.00000	0.00302	0.00000	0.06045
348	0.00000	0.00105	0.00000	0.00799	0.00000	0.99096
349	0.00000	0.99391	0.00000	0.00002	0.00000	0.00608
350	0.00000	0.99937	0.00000	0.00000	0.00000	0.00063
351	0.00000	0.99780	0.00000	0.00000	0.00000	0.00220
352	0.00000	0.83096	0.00001	0.01643	0.00000	0.15259
353	0.00000	0.98457	0.00000	0.00000	0.00000	0.01542
354	0.00000	0.98418	0.00000	0.00025	0.00000	0.01557
355	0.18222	0.15162	0.16611	0.16677	0.17429	0.15899
356	0.99870	0.00000	0.00000	0.00000	0.00130	0.00000
357	0.00000	0.98559	0.00000	0.00000	0.00000	0.01441
358	0.00000	0.86805	0.00000	0.00699	0.00000	0.12496
359	0.00004	0.53509	0.00368	0.16344	0.00204	0.29570
360	0.00000	0.99328	0.00000	0.00000	0.00000	0.00672
361	0.00000	0.97658	0.00000	0.00020	0.00000	0.02322
362	0.99888	0.00000	0.00000	0.00000	0.00112	0.00000
363	0.99889	0.00000	0.00000	0.00000	0.00111	0.00000
364	0.00000	0.99963	0.00000	0.00000	0.00000	0.00037
365	0.00000	0.76007	0.00000	0.02445	0.00000	0.21549
366	0.00000	0.99478	0.00000	0.00000	0.00000	0.00522
367	0.00000	0.99976	0.00000	0.00000	0.00000	0.00024
368	0.00000	0.99617	0.00000	0.00000	0.00000	0.00383
369	0.99932	0.00000	0.00000	0.00000	0.00068	0.00000
370	0.00000	0.99965	0.00000	0.00000	0.00000	0.00035
371	0.00000	0.99921	0.00000	0.00000	0.00000	0.00079
372	0.00000	0.99317	0.00000	0.00000	0.00000	0.00683
373	0.00000	0.99972	0.00000	0.00000	0.00000	0.00028
374	0.00000	0.85454	0.00000	0.01884	0.00000	0.12662
375	0.97268	0.00000	0.00000	0.00003	0.02729	0.00000
376	0.00000	0.98753	0.00000	0.00005	0.00000	0.01242
377	0.00020	0.48160	0.00829	0.19679	0.00533	0.30778
378	0.99965	0.00000	0.00000	0.00000	0.00035	0.00000
379	0.98421	0.00000	0.00000	0.00026	0.01552	0.00000
380	0.00000	0.99665	0.00000	0.00000	0.00000	0.00334
381	0.00000	0.87941	0.00000	0.00016	0.00000	0.12044
382	0.00000	0.99512	0.00000	0.00000	0.00000	0.00488
383	0.99965	0.00000	0.00000	0.00000	0.00035	0.00000
384	0.00000	0.99987	0.00000	0.00000	0.00000	0.00013
385	0.00000	0.99700	0.00000	0.00000	0.00000	0.00300
386	0.00000	0.99152	0.00000	0.00002	0.00000	0.00846
387	0.00000	0.99972	0.00000	0.00000	0.00000	0.00028
388	0.96888	0.00000	0.00000	0.00094	0.03018	0.00000
389	0.00000	0.99787	0.00000	0.00000	0.00000	0.00213
390	0.00000	0.99846	0.00000	0.00000	0.00000	0.00154
391	0.00000	0.99535	0.00000	0.00000	0.00000	0.00465
392	0.00000	0.55064	0.00000	0.15474	0.00000	0.29461
393	0.00000	0.02412	0.00000	0.78252	0.00000	0.19336
394	0.00000	0.99408	0.00000	0.00002	0.00000	0.00591
395	0.00000	0.99998	0.00000	0.00000	0.00000	0.00002
396	0.00000	0.99942	0.00000	0.00000	0.00000	0.00058
397	0.00000	0.99776	0.00000	0.00000	0.00000	0.00224
398	0.00000	0.99873	0.00000	0.00000	0.00000	0.00127
399	0.33681	0.05404	0.13475	0.15474	0.22824	0.09141
400	0.00000	0.90311	0.00000	0.00067	0.00000	0.09623
401	0.00000	0.99852	0.00000	0.00000	0.00000	0.00147
402	0.44731	0.02478	0.10505	0.12772	0.23891	0.05622
403	0.00000	0.99935	0.00000	0.00000	0.00000	0.00065
404	0.00000	0.99964	0.00000	0.00000	0.00000	0.00036
405	0.00000	0.99513	0.00000	0.00002	0.00000	0.00485
406	0.00000	0.99880	0.00000	0.00000	0.00000	0.00120
407	0.00000	0.99756	0.00000	0.00000	0.00000	0.00244
408	0.00000	0.99365	0.00000	0.00000	0.00000	0.00635
409	0.00000	0.99890	0.00000	0.00000	0.00000	0.00110
410	0.00000	0.99908	0.00000	0.00000	0.00000	0.00092
411	0.00000	0.99900	0.00000	0.00000	0.00000	0.00100
412	0.99972	0.00000	0.00000	0.00000	0.00028	0.00000
413	0.00000	0.99876	0.00000	0.00000	0.00000	0.00124
414	0.00000	0.92317	0.00000	0.00449	0.00000	0.07234
415	0.00000	0.99764	0.00000	0.00000	0.00000	0.00236
416	0.00000	0.89879	0.00000	0.00958	0.00000	0.09163
417	0.00000	0.99962	0.00000	0.00000	0.00000	0.00038
418	0.00000	0.99891	0.00000	0.00000	0.00000	0.00109
419	0.00000	0.99989	0.00000	0.00000	0.00000	0.00011
420	0.00000	0.99981	0.00000	0.00000	0.00000	0.00019
421	0.00000	0.99863	0.00000	0.00000	0.00000	0.00137
422	0.00000	0.99977	0.00000	0.00000	0.00000	0.00023
423	0.00000	0.97305	0.00000	0.00071	0.00000	0.02624
424	0.00001	0.12234	0.00040	0.60850	0.00105	0.26771
425	0.00000	0.99894	0.00000	0.00000	0.00000	0.00106
426	0.00000	0.99844	0.00000	0.00000	0.00000	0.00156
427	0.00000	0.99748	0.00000	0.00000	0.00000	0.00252
428	0.00000	0.99677	0.00000	0.00000	0.00000	0.00323
429	0.00000	0.99802	0.00000	0.00000	0.00000	0.00198
430	0.00000	0.99970	0.00000	0.00000	0.00000	0.00030
431	0.00000	0.99477	0.00000	0.00001	0.00000	0.00522
432	0.00000	0.99666	0.00000	0.00000	0.00000	0.00334
433	0.00000	0.98444	0.00000	0.00012	0.00000	0.01544
434	0.00000	0.99893	0.00000	0.00000	0.00000	0.00107
435	0.00000	0.87664	0.00000	0.01094	0.00000	0.11242
436	0.00000	0.99828	0.00000	0.00000	0.00000	0.00172
437	0.99939	0.00000	0.00000	0.00000	0.00061	0.00000
438	0.00000	0.99900	0.00000	0.00000	0.00000	0.00100
439	0.00000	0.99917	0.00000	0.00000	0.00000	0.00083
440	0.00000	0.99936	0.00000	0.00000	0.00000	0.00064
441	0.00000	0.98210	0.00000	0.00014	0.00000	0.01777
442	0.00000	0.99930	0.00000	0.00000	0.00000	0.00070
443	0.00000	0.99979	0.00000	0.00000	0.00000	0.00021
444	0.00000	0.99571	0.00000	0.00000	0.00000	0.00429
445	0.00000	0.99625	0.00000	0.00001	0.00000	0.00374
446	0.00000	0.94089	0.00000	0.00023	0.00000	0.05889
447	0.00000	0.99842	0.00000	0.00000	0.00000	0.00158
448	0.00000	0.80914	0.00000	0.00082	0.00000	0.19004
449	0.00000	0.99838	0.00000	0.00000	0.00000	0.00162
450	0.00000	0.99983	0.00000	0.00000	0.00000	0.00017
451	0.00000	0.99824	0.00000	0.00000	0.00000	0.00176
452	0.00000	0.99970	0.00000	0.00000	0.00000	0.00030
453	0.00001	0.65033	0.00327	0.09074	0.00096	0.25468
454	0.00000	0.99641	0.00000	0.00000	0.00000	0.00358
455	0.00000	0.99712	0.00000	0.00000	0.00000	0.00288
456	0.00000	0.99602	0.00000	0.00001	0.00000	0.00396
457	0.00000	0.87339	0.00000	0.00195	0.00000	0.12466
458	0.00000	0.96605	0.00000	0.00074	0.00000	0.03321
459	0.00000	0.99889	0.00000	0.00000	0.00000	0.00111
460	0.00000	0.99925	0.00000	0.00000	0.00000	0.00075
461	0.99938	0.00000	0.00000	0.00000	0.00062	0.00000
462	0.00000	0.99922	0.00000	0.00000	0.00000	0.00078
463	0.00000	0.99987	0.00000	0.00000	0.00000	0.00013
464	0.31552	0.06469	0.14277	0.15538	0.22139	0.10024
465	0.99853	0.00000	0.00000	0.00000	0.00147	0.00000
466	0.00000	0.98981	0.00000	0.00001	0.00000	0.01018
467	0.00000	0.98678	0.00000	0.00001	0.00000	0.01321
468	0.00000	0.63625	0.00000	0.10540	0.00000	0.25835
469	0.00000	0.99920	0.00000	0.00000	0.00000	0.00080
470	0.00000	0.99862	0.00000	0.00000	0.00000	0.00138
471	0.00000	0.99943	0.00000	0.00000	0.00000	0.00057
472	0.00000	0.99663	0.00000	0.00001	0.00000	0.00336
473	0.00000	0.99988	0.00000	0.00000	0.00000	0.00012
474	0.00000	0.99654	0.00000	0.00001	0.00000	0.00345
475	0.00008	0.46418	0.00466	0.21330	0.00317	0.31462
476	0.00000	0.99721	0.00000	0.00000	0.00000	0.00279
477	0.00000	0.99390	0.00000	0.00000	0.00000	0.00610
478	0.00000	0.99915	0.00000	0.00000	0.00000	0.00085
479	0.00000	0.99334	0.00000	0.00001	0.00000	0.00665
480	0.00000	0.80406	0.00000	0.01174	0.00000	0.18420
481	0.00000	0.99964	0.00000	0.00000	0.00000	0.00036
482	0.00000	0.99767	0.00000	0.00000	0.00000	0.00232
483	0.00000	0.95598	0.00000	0.00023	0.00000	0.04379
484	0.00000	0.99925	0.00000	0.00000	0.00000	0.00075
485	0.00000	0.99898	0.00000	0.00000	0.00000	0.00102
486	0.00000	0.99784	0.00000	0.00000	0.00000	0.00215
487	0.00000	0.97940	0.00000	0.00007	0.00000	0.02054
488	0.00000	0.99975	0.00000	0.00000	0.00000	0.00025
489	0.00000	0.99988	0.00000	0.00000	0.00000	0.00012
490	0.00000	0.99776	0.00000	0.00000	0.00000	0.00224
491	0.00000	0.99829	0.00000	0.00000	0.00000	0.00171
492	0.00000	0.99866	0.00000	0.00000	0.00000	0.00134
493	0.00000	0.80645	0.00000	0.00416	0.00000	0.18940
494	0.00000	0.99931	0.00000	0.00000	0.00000	0.00069
495	0.00000	0.93474	0.00000	0.00337	0.00000	0.06188
496	0.00000	0.94194	0.00000	0.00022	0.00000	0.05784
497	0.00000	0.99653	0.00000	0.00000	0.00000	0.00347
498	0.00000	0.99227	0.00000	0.00000	0.00000	0.00773
499	0.00000	0.99921	0.00000	0.00000	0.00000	0.00079
500	0.00000	0.99977	0.00000	0.00000	0.00000	0.00023
501	0.01028	0.35262	0.03408	0.26566	0.03204	0.30533
502	0.00000	0.99614	0.00000	0.00000	0.00000	0.00386
503	0.09040	0.24171	0.14681	0.18285	0.12816	0.21007
504	0.00000	0.99744	0.00000	0.00000	0.00000	0.00256
505	0.00000	0.99147	0.00000	0.00000	0.00000	0.00852
506	0.00000	0.99968	0.00000	0.00000	0.00000	0.00032
507	0.98599	0.00000	0.00000	0.00020	0.01381	0.00000
508	0.99942	0.00000	0.00000	0.00000	0.00058	0.00000
509	0.00000	0.00136	0.00000	0.94812	0.00000	0.05052
510	0.00000	0.99955	0.00000	0.00000	0.00000	0.00045
511	0.00000	0.98461	0.00000	0.00001	0.00000	0.01539
512	0.00000	0.99455	0.00000	0.00000	0.00000	0.00545
513	0.00000	0.80433	0.00000	0.00248	0.00000	0.19319
514	0.93280	0.00000	0.00000	0.00077	0.06643	0.00000
515	0.00000	0.98769	0.00000	0.00010	0.00000	0.01221
516	0.99993	0.00000	0.00000	0.00000	0.00007	0.00000
517	0.00000	0.70106	0.00022	0.07363	0.00008	0.22502
518	0.00000	0.99617	0.00000	0.00000	0.00000	0.00383
519	0.99981	0.00000	0.00000	0.00000	0.00019	0.00000
520	0.00000	0.98482	0.00000	0.00001	0.00000	0.01517
521	0.00000	0.99936	0.00000	0.00000	0.00000	0.00064
522	0.00000	0.99944	0.00000	0.00000	0.00000	0.00055
523	0.00000	0.99819	0.00000	0.00000	0.00000	0.00181
524	0.00000	0.98758	0.00000	0.00000	0.00000	0.01242
525	0.00000	0.99988	0.00000	0.00000	0.00000	0.00012
526	0.00000	0.93750	0.00000	0.00019	0.00000	0.06231
527	0.00000	0.98818	0.00000	0.00004	0.00000	0.01178
528	0.00000	0.99962	0.00000	0.00000	0.00000	0.00038
529	0.00000	0.49352	0.00675	0.11928	0.00104	0.37940
530	0.00000	0.85270	0.00001	0.01926	0.00000	0.12803
531	0.00000	0.99701	0.00000	0.00000	0.00000	0.00299
532	0.00000	0.99960	0.00000	0.00000	0.00000	0.00040
533	0.00000	0.99979	0.00000	0.00000	0.00000	0.00021
534	0.99849	0.00000	0.00000	0.00000	0.00151	0.00000
535	0.00000	0.99957	0.00000	0.00000	0.00000	0.00043
536	0.00000	0.99972	0.00000	0.00000	0.00000	0.00028
537	0.00000	0.99853	0.00000	0.00000	0.00000	0.00147
538	0.99994	0.00000	0.00000	0.00000	0.00006	0.00000
539	0.00000	0.85955	0.00003	0.01900	0.00001	0.12141
540	0.00000	0.99853	0.00000	0.00000	0.00000	0.00147
541	0.93777	0.00000	0.00001	0.00261	0.05961	0.00000
542	0.99992	0.00000	0.00000	0.00000	0.00008	0.00000
543	0.99791	0.00000	0.00000	0.00000	0.00208	0.00000
544	0.00000	0.96839	0.00000	0.00060	0.00000	0.03101
545	0.00000	0.98871	0.00000	0.00007	0.00000	0.01123
546	0.00000	0.99989	0.00000	0.00000	0.00000	0.00011
547	0.00000	0.99901	0.00000	0.00000	0.00000	0.00099
548	0.00000	0.99873	0.00000	0.00000	0.00000	0.00127
549	0.92451	0.00000	0.00000	0.00536	0.07013	0.00000
550	0.00000	0.99875	0.00000	0.00000	0.00000	0.00125
551	0.00000	0.99977	0.00000	0.00000	0.00000	0.00023
552	0.99904	0.00000	0.00000	0.00000	0.00096	0.00000
553	0.00000	0.99324	0.00000	0.00001	0.00000	0.00676
554	0.00000	0.89510	0.00000	0.00448	0.00000	0.10042
555	0.00000	0.99975	0.00000	0.00000	0.00000	0.00025
556	0.00000	0.98251	0.00000	0.00000	0.00000	0.01748
557	0.00000	0.00000	0.98762	0.00374	0.00011	0.00854
558	0.00000	0.98672	0.00000	0.00007	0.00000	0.01321
559	0.00000	0.99992	0.00000	0.00000	0.00000	0.00008
560	0.99694	0.00000	0.00000	0.00000	0.00306	0.00000
561	0.99987	0.00000	0.00000	0.00000	0.00013	0.00000
562	0.99957	0.00000	0.00000	0.00000	0.00043	0.00000
563	0.99956	0.00000	0.00000	0.00000	0.00044	0.00000
564	0.00000	0.99938	0.00000	0.00000	0.00000	0.00062
565	0.00000	0.99973	0.00000	0.00000	0.00000	0.00027
566	0.99836	0.00000	0.00000	0.00000	0.00164	0.00000
567	0.00000	0.95522	0.00000	0.00050	0.00000	0.04428
568	0.24478	0.10109	0.15718	0.16595	0.20151	0.12949
569	0.99975	0.00000	0.00000	0.00000	0.00025	0.00000
570	0.00000	0.67259	0.00000	0.00010	0.00000	0.32731
571	0.00000	0.99961	0.00000	0.00000	0.00000	0.00039
572	0.00000	0.95950	0.00000	0.00001	0.00000	0.04049
573	0.00000	0.99986	0.00000	0.00000	0.00000	0.00014
574	0.00000	0.99252	0.00000	0.00004	0.00000	0.00744
575	0.00000	0.99695	0.00000	0.00000	0.00000	0.00304
576	0.00000	0.00000	0.00008	0.03078	0.96914	0.00000
577	0.00000	0.99993	0.00000	0.00000	0.00000	0.00007
578	0.99994	0.00000	0.00000	0.00000	0.00006	0.00000
579	0.00000	0.99760	0.00000	0.00000	0.00000	0.00240
580	0.00000	0.42562	0.00000	0.02629	0.00000	0.54809
581	0.00000	0.92272	0.00000	0.00559	0.00000	0.07168
582	0.00000	0.99769	0.00000	0.00000	0.00000	0.00231
583	0.00000	0.99836	0.00000	0.00000	0.00000	0.00164
584	0.00000	0.90842	0.00000	0.00707	0.00000	0.08450
585	0.00000	0.80243	0.00000	0.01806	0.00000	0.17952
586	0.00000	0.00000	0.00002	0.03284	0.00000	0.96714
587	0.00000	0.99974	0.00000	0.00000	0.00000	0.00026
588	0.00000	0.99983	0.00000	0.00000	0.00000	0.00017
589	0.00000	0.99779	0.00000	0.00000	0.00000	0.00221
590	0.00000	0.99618	0.00000	0.00000	0.00000	0.00382
591	0.00000	0.99993	0.00000	0.00000	0.00000	0.00007
592	0.00000	0.75623	0.00029	0.04756	0.00007	0.19586
593	0.00000	0.97198	0.00000	0.00058	0.00000	0.02744
594	0.00000	0.99246	0.00000	0.00000	0.00000	0.00754
595	0.00000	0.99275	0.00000	0.00000	0.00000	0.00724
596	0.00000	0.99966	0.00000	0.00000	0.00000	0.00034
597	0.00000	0.36683	0.04715	0.10634	0.00290	0.47678
598	0.00000	0.97634	0.00000	0.00019	0.00000	0.02348
599	0.00000	0.76744	0.00008	0.03234	0.00001	0.20013
600	0.00000	0.88981	0.00000	0.01109	0.00000	0.09910
601	0.00000	0.99912	0.00000	0.00000	0.00000	0.00088
602	0.00971	0.38980	0.05983	0.21034	0.04420	0.28612
603	0.99105	0.00000	0.00000	0.00000	0.00895	0.00000
604	0.79238	0.00025	0.01386	0.03189	0.15884	0.00279
605	0.00000	0.99581	0.00000	0.00000	0.00000	0.00419
606	0.00000	0.94993	0.00000	0.00165	0.00000	0.04842
607	0.00000	0.99973	0.00000	0.00000	0.00000	0.00027
608	0.00000	0.99804	0.00000	0.00000	0.00000	0.00196
609	0.00000	0.99928	0.00000	0.00000	0.00000	0.00072
610	0.00000	0.99361	0.00000	0.00003	0.00000	0.00636
611	0.99046	0.00000	0.00000	0.00000	0.00954	0.00000
612	0.00000	0.99988	0.00000	0.00000	0.00000	0.00012
613	0.00000	0.99127	0.00000	0.00000	0.00000	0.00872
614	0.00000	0.99871	0.00000	0.00000	0.00000	0.00129
615	0.00000	0.96482	0.00000	0.00120	0.00000	0.03398
616	0.00000	0.99814	0.00000	0.00000	0.00000	0.00186
617	0.00000	0.98179	0.00000	0.00013	0.00000	0.01808
618	0.00000	0.99944	0.00000	0.00000	0.00000	0.00056
619	0.00000	0.99735	0.00000	0.00000	0.00000	0.00265
620	0.00000	0.99838	0.00000	0.00000	0.00000	0.00161
621	0.00000	0.99526	0.00000	0.00001	0.00000	0.00473
622	0.00000	0.99973	0.00000	0.00000	0.00000	0.00027
623	0.00000	0.97892	0.00000	0.00044	0.00000	0.02065
624	0.00000	0.99971	0.00000	0.00000	0.00000	0.00029
625	0.00000	0.82518	0.00000	0.00008	0.00000	0.17474
626	0.00000	0.99794	0.00000	0.00000	0.00000	0.00206
627	0.11127	0.01486	0.09432	0.37110	0.32741	0.08105
628	0.00000	0.99878	0.00000	0.00000	0.00000	0.00122
629	0.00000	0.99913	0.00000	0.00000	0.00000	0.00087
630	0.00000	0.99553	0.00000	0.00001	0.00000	0.00447
631	0.00000	0.99908	0.00000	0.00000	0.00000	0.00092
632	0.00000	0.99195	0.00000	0.00001	0.00000	0.00804
633	0.99565	0.00000	0.00000	0.00000	0.00435	0.00000
634	0.00000	0.98759	0.00000	0.00000	0.00000	0.01241
635	0.00000	0.99889	0.00000	0.00000	0.00000	0.00111
636	0.00000	0.98045	0.00000	0.00011	0.00000	0.01945
637	0.00000	0.82815	0.00005	0.02185	0.00001	0.14994
638	0.00000	0.37058	0.00000	0.29442	0.00000	0.33500
639	0.00000	0.98978	0.00000	0.00001	0.00000	0.01021
640	0.00000	0.99815	0.00000	0.00000	0.00000	0.00185
641	0.00000	0.80403	0.00000	0.00419	0.00000	0.19178
642	0.00000	0.96898	0.00000	0.00035	0.00000	0.03067
643	0.00000	0.96231	0.00000	0.00052	0.00000	0.03717
644	0.00000	0.99560	0.00000	0.00000	0.00000	0.00439
645	0.00000	0.65402	0.00000	0.00008	0.00000	0.34590
646	0.00000	0.98666	0.00000	0.00000	0.00000	0.01334
647	0.00000	0.99222	0.00000	0.00002	0.00000	0.00776
648	0.00000	0.99772	0.00000	0.00000	0.00000	0.00228
649	0.00000	0.99063	0.00000	0.00002	0.00000	0.00935
650	0.00000	0.79831	0.00000	0.02682	0.00000	0.17487
651	0.99923	0.00000	0.00000	0.00000	0.00077	0.00000
652	0.00000	0.98467	0.00000	0.00001	0.00000	0.01531
653	0.00000	0.99631	0.00000	0.00000	0.00000	0.00369
654	0.60822	0.00000	0.00043	0.06486	0.32643	0.00006
655	0.00000	0.99216	0.00000	0.00000	0.00000	0.00784
656	0.00000	0.99175	0.00000	0.00000	0.00000	0.00825
657	0.00000	0.99612	0.00000	0.00000	0.00000	0.00387
658	0.00000	0.77381	0.00000	0.00010	0.00000	0.22609
659	0.00000	0.99972	0.00000	0.00000	0.00000	0.00028
660	0.85624	0.00000	0.00002	0.01891	0.12483	0.00000
661	0.00000	0.97845	0.00000	0.00029	0.00000	0.02126
662	0.00000	0.99801	0.00000	0.00000	0.00000	0.00199
663	0.00000	0.99849	0.00000	0.00000	0.00000	0.00151
664	0.01682	0.28485	0.15934	0.19205	0.09085	0.25609
665	0.99878	0.00000	0.00000	0.00000	0.00122	0.00000
666	0.00000	0.98664	0.00000	0.00017	0.00000	0.01319
667	0.99940	0.00000	0.00000	0.00000	0.00060	0.00000
668	0.99996	0.00000	0.00000	0.00000	0.00004	0.00000
669	0.95816	0.00000	0.00000	0.00014	0.04170	0.00000
670	0.99984	0.00000	0.00000	0.00000	0.00016	0.00000
671	0.88579	0.00000	0.00000	0.00484	0.10937	0.00000
672	0.00000	0.99346	0.00000	0.00000	0.00000	0.00654
673	0.00000	0.99887	0.00000	0.00000	0.00000	0.00113
674	0.00000	0.99992	0.00000	0.00000	0.00000	0.00008
675	0.00000	0.90791	0.00000	0.00784	0.00000	0.08425
676	0.00000	0.99793	0.00000	0.00000	0.00000	0.00207
677	0.00000	0.99494	0.00000	0.00001	0.00000	0.00505
678	0.00000	0.99993	0.00000	0.00000	0.00000	0.00007
679	0.95164	0.00000	0.00000	0.00017	0.04819	0.00000
680	0.00000	0.99977	0.00000	0.00000	0.00000	0.00023
681	0.00000	0.99934	0.00000	0.00000	0.00000	0.00066
682	0.00000	0.99524	0.00000	0.00001	0.00000	0.00475
683	0.00000	0.99660	0.00000	0.00000	0.00000	0.00340
684	0.00000	0.99901	0.00000	0.00000	0.00000	0.00099
685	0.00000	0.78815	0.00002	0.02716	0.00000	0.18468
686	0.00000	0.99950	0.00000	0.00000	0.00000	0.00050
687	0.00000	0.99704	0.00000	0.00000	0.00000	0.00296
688	0.00000	0.96342	0.00000	0.00024	0.00000	0.03634
689	0.00000	0.99550	0.00000	0.00000	0.00000	0.00450
690	0.00000	0.99445	0.00000	0.00000	0.00000	0.00555
691	0.00000	0.99732	0.00000	0.00000	0.00000	0.00268
692	0.00000	0.99921	0.00000	0.00000	0.00000	0.00079
693	0.00000	0.90352	0.00000	0.00123	0.00000	0.09525
694	0.00000	0.99118	0.00000	0.00002	0.00000	0.00880
695	0.00005	0.65211	0.00419	0.09081	0.00152	0.25132
696	0.00000	0.96487	0.00000	0.00008	0.00000	0.03505
697	0.00000	0.97584	0.00000	0.00002	0.00000	0.02414
698	0.00000	0.99895	0.00000	0.00000	0.00000	0.00105
699	0.00000	0.39633	0.00000	0.00368	0.00000	0.59999
700	0.00000	0.93058	0.00000	0.00001	0.00000	0.06941
701	0.00000	0.99984	0.00000	0.00000	0.00000	0.00016
702	0.99633	0.00000	0.00000	0.00000	0.00367	0.00000
703	0.99912	0.00000	0.00000	0.00000	0.00088	0.00000
704	0.99233	0.00000	0.00000	0.00001	0.00767	0.00000
705	0.15778	0.17577	0.16649	0.16666	0.16215	0.17115
706	0.73260	0.00024	0.01323	0.05314	0.19721	0.00357
707	0.00000	0.99316	0.00000	0.00000	0.00000	0.00684
708	0.00000	0.99165	0.00000	0.00005	0.00000	0.00830
709	0.49752	0.00000	0.00038	0.01854	0.48355	0.00001
710	0.00000	0.98591	0.00000	0.00004	0.00000	0.01405
711	0.00000	0.97475	0.00000	0.00006	0.00000	0.02519
712	0.00000	0.99217	0.00000	0.00000	0.00000	0.00782
713	0.00000	0.99695	0.00000	0.00000	0.00000	0.00304
714	0.00000	0.99880	0.00000	0.00000	0.00000	0.00120
715	0.00000	0.99939	0.00000	0.00000	0.00000	0.00061
716	0.99923	0.00000	0.00000	0.00000	0.00077	0.00000
717	0.00000	0.67014	0.00011	0.08761	0.00004	0.24210
718	0.00000	0.97144	0.00000	0.00003	0.00000	0.02853
719	0.00000	0.96294	0.00000	0.00003	0.00000	0.03703
720	0.99760	0.00000	0.00000	0.00000	0.00240	0.00000
721	0.00000	0.99898	0.00000	0.00000	0.00000	0.00102
722	0.00000	0.99923	0.00000	0.00000	0.00000	0.00077
723	0.00000	0.99661	0.00000	0.00000	0.00000	0.00338
724	0.00000	0.99109	0.00000	0.00003	0.00000	0.00888
725	0.00000	0.99806	0.00000	0.00000	0.00000	0.00193
726	0.00000	0.55973	0.00000	0.05729	0.00000	0.38298
727	0.00000	0.88451	0.00001	0.01042	0.00000	0.10505
728	0.00000	0.99948	0.00000	0.00000	0.00000	0.00052
729	0.00000	0.99773	0.00000	0.00000	0.00000	0.00227
730	0.01040	0.13830	0.26238	0.20657	0.18721	0.19514
731	0.00000	0.99430	0.00000	0.00000	0.00000	0.00570
732	0.00000	0.98462	0.00000	0.00006	0.00000	0.01533
733	0.00000	0.99284	0.00000	0.00002	0.00000	0.00714
734	0.99977	0.00000	0.00000	0.00000	0.00023	0.00000
735	0.00000	0.95060	0.00000	0.00053	0.00000	0.04887
736	0.00000	0.99664	0.00000	0.00001	0.00000	0.00336
737	0.00000	0.99986	0.00000	0.00000	0.00000	0.00014
738	0.00000	0.83444	0.00001	0.01534	0.00000	0.15021
739	0.00000	0.99890	0.00000	0.00000	0.00000	0.00110
740	0.99862	0.00000	0.00000	0.00000	0.00138	0.00000
741	0.00000	0.68827	0.00081	0.07906	0.00029	0.23157
742	0.00000	0.96153	0.00000	0.00022	0.00000	0.03826
743	0.94258	0.00000	0.00000	0.00060	0.05682	0.00000
744	0.00000	0.99962	0.00000	0.00000	0.00000	0.00038
745	0.00000	0.99960	0.00000	0.00000	0.00000	0.00040
746	0.00000	0.99758	0.00000	0.00000	0.00000	0.00242
747	0.99762	0.00000	0.00000	0.00000	0.00238	0.00000
748	0.00000	0.99995	0.00000	0.00000	0.00000	0.00005
749	0.00000	0.99874	0.00000	0.00000	0.00000	0.00126
750	0.00000	0.99876	0.00000	0.00000	0.00000	0.00124
751	0.00000	0.99864	0.00000	0.00000	0.00000	0.00136
752	0.13418	0.20214	0.16457	0.16637	0.14938	0.18336
753	0.00000	0.99668	0.00000	0.00000	0.00000	0.00331
754	0.00000	0.99979	0.00000	0.00000	0.00000	0.00021
755	0.00000	0.99847	0.00000	0.00000	0.00000	0.00153
756	0.00000	0.99879	0.00000	0.00000	0.00000	0.00121
757	0.00000	0.99890	0.00000	0.00000	0.00000	0.00109
758	0.00000	0.99831	0.00000	0.00000	0.00000	0.00169
759	0.00000	0.98252	0.00000	0.00021	0.00000	0.01727
760	0.00000	0.98931	0.00000	0.00010	0.00000	0.01059
761	0.97823	0.00000	0.00000	0.00001	0.02177	0.00000
762	0.99817	0.00000	0.00000	0.00000	0.00183	0.00000
763	0.00000	0.00985	0.00000	0.02842	0.00000	0.96172
764	0.00000	0.99935	0.00000	0.00000	0.00000	0.00065
765	0.00000	0.99875	0.00000	0.00000	0.00000	0.00125
766	0.00000	0.99980	0.00000	0.00000	0.00000	0.00020
767	0.00000	0.99517	0.00000	0.00000	0.00000	0.00483
768	0.00000	0.99923	0.00000	0.00000	0.00000	0.00077
