999901_sweeps	1.000/0.000/0.000/0.000	0.000/0.000/0.000/1.000	0.000/0.500/0.500/0.000	0.250/0.250/0.250/0.250	0.500/0.250/0.250/0.000	0.000/0.250/0.250/0.500
1	0.00000	0.99723	0.00000	0.00000	0.00000	0.00276
2	0.00000	0.94814	0.00000	0.00024	0.00000	0.05162
3	0.00000	0.99920	0.00000	0.00000	0.00000	0.00080
4	0.06371	0.15293	0.22189	0.19653	0.17527	0.18966
5	0.00000	0.99170	0.00000	0.00000	0.00000	0.00830
6	0.00000	0.97485	0.00000	0.00050	0.00000	0.02465
7	0.00000	0.04521	0.00005	0.04304	0.00000	0.91171
8	0.00000	0.99704	0.00000	0.00000	0.00000	0.00295
9	0.00000	0.99184	0.00000	0.00002	0.00000	0.00814
10	0.00129	0.00000	0.00212	0.30578	0.69077	0.00004
11	0.99876	0.00000	0.00000	0.00000	0.00123	0.00000
12	0.00012	0.08556	0.01731	0.15979	0.00343	0.73378
13	0.00000	0.99068	0.00000	0.00002	0.00000	0.00931
14	0.00000	0.99885	0.00000	0.00000	0.00000	0.00115
15	0.00000	0.97688	0.00000	0.00010	0.00000	0.02302
16	0.00000	0.99018	0.00000	0.00007	0.00000	0.00975
17	0.96239	0.00000	0.00000	0.00036	0.03724	0.00000
18	0.74250	0.00003	0.00236	0.05415	0.20030	0.00066
19	0.00000	0.90231	0.00000	0.00880	0.00000	0.08889
20	0.98526	0.00000	0.00000	0.00003	0.01471	0.00000
21	0.00001	0.46708	0.00196	0.19784	0.00091	0.33221
22	0.00000	0.97192	0.00000	0.00069	0.00000	0.02739
23	0.96671	0.00000	0.00000	0.00099	0.03230	0.00000
24	0.99964	0.00000	0.00000	0.00000	0.00036	0.00000
25	0.97974	0.00000	0.00000	0.00009	0.02017	0.00000
26	0.00000	0.99714	0.00000	0.00000	0.00000	0.00286
27	0.00000	0.72115	0.00009	0.01610	0.00000	0.26265
28	0.00000	0.99861	0.00000	0.00000	0.00000	0.00139
29	0.00000	0.98470	0.00000	0.00011	0.00000	0.01519
30	0.90678	0.00000	0.00000	0.00417	0.08905	0.00000
31	0.98526	0.00000	0.00000	0.00005	0.01469	0.00000
32	0.00000	0.91032	0.00001	0.00749	0.00000	0.08218
33	0.96092	0.00000	0.00000	0.00130	0.03778	0.00000
34	0.00060	0.27617	0.00739	0.38236	0.00883	0.32465
35	0.00005	0.40197	0.01071	0.24868	0.00625	0.33234
36	0.00000	0.85409	0.00000	0.00231	0.00000	0.14360
37	0.99321	0.00000	0.00000	0.00002	0.00678	0.00000
38	0.96267	0.00000	0.00000	0.00046	0.03687	0.00000
39	0.00000	0.99054	0.00000	0.00001	0.00000	0.00944
40	0.00000	0.99345	0.00000	0.00001	0.00000	0.00654
41	0.00000	0.98100	0.00000	0.00007	0.00000	0.01892
42	0.00000	0.98909	0.00000	0.00009	0.00000	0.01082
43	0.96235	0.00000	0.00000	0.00028	0.03737	0.00000
44	0.00000	0.93636	0.00000	0.00180	0.00000	0.06184
45	0.99756	0.00000	0.00000	0.00000	0.00244	0.00000
46	0.00000	0.94067	0.00000	0.00010	0.00000	0.05923
47	0.00000	0.99438	0.00000	0.00001	0.00000	0.00561
48	0.90922	0.00000	0.00000	0.00306	0.08772	0.00000
49	0.26197	0.00000	0.00242	0.09119	0.64435	0.00007
50	0.00000	0.91538	0.00001	0.00595	0.00000	0.07866
51	0.00000	0.99474	0.00000	0.00002	0.00000	0.00524
52	0.00000	0.96007	0.00000	0.00111	0.00000	0.03882
53	0.36384	0.00000	0.00055	0.30592	0.32917	0.00051
54	0.00000	0.93579	0.00000	0.00084	0.00000	0.06337
55	0.00000	0.84694	0.00000	0.00110	0.00000	0.15195
56	0.80749	0.00000	0.00110	0.03055	0.16067	0.00020
57	0.00000	0.97798	0.00000	0.00011	0.00000	0.02191
58	0.00000	0.98705	0.00000	0.00003	0.00000	0.01292
59	0.00000	0.59596	0.00011	0.11982	0.00004	0.28407
60	0.00000	0.99863	0.00000	0.00000	0.00000	0.00137
61	0.00000	0.72899	0.00000	0.00056	0.00000	0.27044
62	0.00000	0.99667	0.00000	0.00000	0.00000	0.00333
63	0.00000	0.99264	0.00000	0.00003	0.00000	0.00733
64	0.00000	0.84308	0.00000	0.00058	0.00000	0.15634
65	0.00000	0.97726	0.00000	0.00024	0.00000	0.02250
66	0.95948	0.00000	0.00000	0.00024	0.04028	0.00000
67	0.00000	0.99154	0.00000	0.00005	0.00000	0.00841
68	0.00000	0.52944	0.00000	0.00234	0.00000	0.46822
69	0.00382	0.48873	0.09559	0.11730	0.03281	0.26175
70	0.00000	0.98308	0.00000	0.00017	0.00000	0.01675
71	0.00000	0.98666	0.00000	0.00004	0.00000	0.01330
72	0.00000	0.99765	0.00000	0.00000	0.00000	0.00235
73	0.00000	0.92588	0.00001	0.00306	0.00000	0.07105
74	0.00000	0.99927	0.00000	0.00000	0.00000	0.00073
75	0.00000	0.98676	0.00000	0.00005	0.00000	0.01319
76	0.00000	0.99879	0.00000	0.00000	0.00000	0.00121
77	0.99635	0.00000	0.00000	0.00001	0.00364	0.00000
78	0.97041	0.00000	0.00000	0.00032	0.02927	0.00000
79	0.91682	0.00000	0.00000	0.00246	0.08072	0.00000
80	0.00000	0.53709	0.00000	0.15567	0.00000	0.30724
81	0.00000	0.99255	0.00000	0.00002	0.00000	0.00743
82	0.63851	0.00001	0.00231	0.10248	0.25576	0.00093
83	0.98917	0.00000	0.00000	0.00005	0.01077	0.00000
84	0.00000	0.97972	0.00000	0.00005	0.00000	0.02023
85	0.98775	0.00000	0.00000	0.00004	0.01221	0.00000
86	0.36625	0.00000	0.00005	0.01940	0.61430	0.00000
87	0.00000	0.99809	0.00000	0.00000	0.00000	0.00191
88	0.99522	0.00000	0.00000	0.00001	0.00477	0.00000
89	0.00002	0.61454	0.00560	0.08915	0.00145	0.28924
90	0.00000	0.99869	0.00000	0.00000	0.00000	0.00131
91	0.89902	0.00000	0.00000	0.00939	0.09159	0.00000
92	0.00000	0.00702	0.00076	0.02719	0.00000	0.96504
93	0.00000	0.99142	0.00000	0.00003	0.00000	0.00856
94	0.85424	0.00000	0.00002	0.01893	0.12681	0.00000
95	0.00000	0.99732	0.00000	0.00000	0.00000	0.00267
96	0.00000	0.97518	0.00000	0.00030	0.00000	0.02452
97	0.96758	0.00000	0.00000	0.00091	0.03151	0.00000
98	0.00000	0.87534	0.00000	0.01086	0.00000	0.11380
99	0.11896	0.21757	0.16013	0.16960	0.14185	0.19189
100	0.00000	0.96903	0.00000	0.00012	0.00000	0.03086
101	0.00000	0.90548	0.00000	0.00029	0.00000	0.09423
102	0.00000	0.70157	0.00001	0.03582	0.00000	0.26260
103	0.00000	0.99836	0.00000	0.00000	0.00000	0.00164
104	0.00000	0.98330	0.00000	0.00007	0.00000	0.01663
105	0.00054	0.64796	0.01140	0.09144	0.00486	0.24380
106	0.00000	0.98563	0.00000	0.00005	0.00000	0.01432
107	0.00000	0.98466	0.00000	0.00017	0.00000	0.01516
108	0.94896	0.00000	0.00000	0.00097	0.05007	0.00000
109	0.00000	0.97778	0.00000	0.00010	0.00000	0.02212
110	0.00000	0.98738	0.00000	0.00005	0.00000	0.01256
111	0.00000	0.64997	0.00003	0.06834	0.00000	0.28165
112	0.98598	0.00000	0.00000	0.00012	0.01390	0.00000
113	0.58826	0.00000	0.00001	0.05621	0.35553	0.00000
114	0.00000	0.98049	0.00000	0.00016	0.00000	0.01935
115	0.00000	0.98317	0.00000	0.00005	0.00000	0.01678
116	0.00092	0.00000	0.01685	0.34187	0.63977	0.00059
117	0.00000	0.96059	0.00000	0.00017	0.00000	0.03924
118	0.94769	0.00000	0.00000	0.00080	0.05151	0.00000
119	0.99874	0.00000	0.00000	0.00000	0.00126	0.00000
120	0.00000	0.95531	0.00000	0.00023	0.00000	0.04445
121	0.00000	0.99297	0.00000	0.00004	0.00000	0.00700
122	0.00000	0.99465	0.00000	0.00002	0.00000	0.00533
123	0.13655	0.05174	0.18968	0.22688	0.27666	0.11849
124	0.00000	0.98486	0.00000	0.00020	0.00000	0.01494
125	0.00000	0.99406	0.00000	0.00002	0.00000	0.00591
126	0.00000	0.99861	0.00000	0.00000	0.00000	0.00139
127	0.00000	0.98237	0.00000	0.00007	0.00000	0.01755
128	0.00000	0.99580	0.00000	0.00001	0.00000	0.00418
129	0.00000	0.92230	0.00003	0.00496	0.00000	0.07272
130	0.00000	0.73523	0.00001	0.02370	0.00000	0.24105
131	0.99254	0.00000	0.00000	0.00003	0.00743	0.00000
132	0.00000	0.99599	0.00000	0.00001	0.00000	0.00400
133	0.00000	0.99699	0.00000	0.00001	0.00000	0.00301
134	0.00000	0.99242	0.00000	0.00001	0.00000	0.00757
135	0.00000	0.95405	0.00000	0.00015	0.00000	0.04579
136	0.00000	0.99675	0.00000	0.00001	0.00000	0.00324
137	0.00000	0.99221	0.00000	0.00003	0.00000	0.00776
138	0.99156	0.00000	0.00000	0.00007	0.00837	0.00000
139	0.99780	0.00000	0.00000	0.00000	0.00220	0.00000
140	0.96687	0.00000	0.00000	0.00042	0.03271	0.00000
141	0.83258	0.00000	0.00006	0.02457	0.14279	0.00001
142	0.91417	0.00000	0.00000	0.00017	0.08565	0.00000
143	0.00000	0.98609	0.00000	0.00010	0.00000	0.01381
144	0.96905	0.00000	0.00000	0.00006	0.03088	0.00000
145	0.98723	0.00000	0.00000	0.00011	0.01266	0.00000
146	0.99505	0.00000	0.00000	0.00002	0.00494	0.00000
147	0.83711	0.00000	0.00000	0.01228	0.15061	0.00000
148	0.99617	0.00000	0.00000	0.00001	0.00382	0.00000
149	0.90832	0.00000	0.00009	0.00489	0.08670	0.00000
150	0.98783	0.00000	0.00000	0.00010	0.01207	0.00000
151	0.00000	0.96193	0.00000	0.00063	0.00000	0.03744
152	0.21204	0.12636	0.16361	0.16580	0.18747	0.14472
153	0.00000	0.96542	0.00001	0.00066	0.00000	0.03391
154	0.00000	0.98739	0.00000	0.00003	0.00000	0.01258
155	0.00000	0.99195	0.00000	0.00003	0.00000	0.00802
156	0.00000	0.97587	0.00000	0.00026	0.00000	0.02387
157	0.00000	0.98746	0.00000	0.00003	0.00000	0.01251
158	0.00000	0.99666	0.00000	0.00000	0.00000	0.00334
159	0.00000	0.99228	0.00000	0.00003	0.00000	0.00770
160	0.00000	0.96473	0.00000	0.00084	0.00000	0.03443
161	0.00000	0.82923	0.00000	0.00093	0.00000	0.16984
162	0.98589	0.00000	0.00000	0.00009	0.01403	0.00000
163	0.00000	0.97980	0.00000	0.00021	0.00000	0.02000
164	0.00000	0.99878	0.00000	0.00000	0.00000	0.00122
165	0.00000	0.91543	0.00000	0.00666	0.00000	0.07790
166	0.95117	0.00000	0.00000	0.00033	0.04850	0.00000
167	0.98839	0.00000	0.00000	0.00007	0.01154	0.00000
168	0.99482	0.00000	0.00000	0.00002	0.00516	0.00000
169	0.00000	0.99244	0.00000	0.00002	0.00000	0.00754
170	0.00000	0.99362	0.00000	0.00005	0.00000	0.00633
171	0.00000	0.97673	0.00000	0.00013	0.00000	0.02314
172	0.00000	0.99859	0.00000	0.00000	0.00000	0.00141
173	0.99288	0.00000	0.00000	0.00001	0.00710	0.00000
174	0.00000	0.99193	0.00000	0.00002	0.00000	0.00804
175	0.00000	0.98802	0.00000	0.00008	0.00000	0.01190
176	0.00000	0.97711	0.00000	0.00028	0.00000	0.02262
177	0.00000	0.99478	0.00000	0.00000	0.00000	0.00521
178	0.99219	0.00000	0.00000	0.00001	0.00779	0.00000
179	0.96156	0.00000	0.00000	0.00109	0.03735	0.00000
180	0.00000	0.87053	0.00000	0.00417	0.00000	0.12530
181	0.00000	0.84512	0.00001	0.00130	0.00000	0.15357
182	0.84425	0.00000	0.00002	0.02147	0.13426	0.00000
183	0.00000	0.01063	0.00262	0.12673	0.00004	0.85999
184	0.00000	0.97239	0.00000	0.00031	0.00000	0.02730
185	0.00000	0.99407	0.00000	0.00001	0.00000	0.00593
186	0.76931	0.00000	0.00000	0.02969	0.20100	0.00000
187	0.00000	0.85498	0.00000	0.00222	0.00000	0.14279
188	0.00000	0.99124	0.00000	0.00001	0.00000	0.00876
189	0.00000	0.99367	0.00000	0.00002	0.00000	0.00632
190	0.00000	0.99212	0.00000	0.00004	0.00000	0.00785
191	0.94456	0.00000	0.00000	0.00031	0.05514	0.00000
192	0.98471	0.00000	0.00000	0.00018	0.01511	0.00000
193	0.89464	0.00000	0.00000	0.00310	0.10226	0.00000
194	0.00000	0.98904	0.00000	0.00009	0.00000	0.01086
195	0.00000	0.99077	0.00000	0.00003	0.00000	0.00920
196	0.00000	0.99916	0.00000	0.00000	0.00000	0.00084
197	0.00000	0.96546	0.00001	0.00086	0.00000	0.03366
198	0.00000	0.98572	0.00000	0.00001	0.00000	0.01427
199	0.00000	0.99441	0.00000	0.00002	0.00000	0.00557
200	0.00000	0.00000	0.92299	0.03130	0.00058	0.04514
201	0.00000	0.99236	0.00000	0.00004	0.00000	0.00760
202	0.00000	0.99921	0.00000	0.00000	0.00000	0.00079
203	0.00000	0.86828	0.00001	0.01559	0.00000	0.11612
204	0.00000	0.98476	0.00000	0.00005	0.00000	0.01519
205	0.00000	0.98032	0.00000	0.00015	0.00000	0.01953
206	0.00000	0.98863	0.00000	0.00004	0.00000	0.01133
207	0.00000	0.99379	0.00000	0.00001	0.00000	0.00620
208	0.00000	0.97734	0.00000	0.00008	0.00000	0.02258
209	0.00000	0.99389	0.00000	0.00002	0.00000	0.00610
210	0.00000	0.98860	0.00000	0.00009	0.00000	0.01132
211	0.00000	0.92986	0.00000	0.00021	0.00000	0.06993
212	0.00000	0.98186	0.00000	0.00007	0.00000	0.01807
213	0.88785	0.00000	0.00000	0.00307	0.10908	0.00000
214	0.98952	0.00000	0.00000	0.00008	0.01040	0.00000
215	0.00000	0.85089	0.00000	0.00013	0.00000	0.14898
216	0.00000	0.90150	0.00000	0.00055	0.00000	0.09795
217	0.00000	0.96731	0.00000	0.00022	0.00000	0.03247
218	0.00000	0.99516	0.00000	0.00001	0.00000	0.00483
219	0.00000	0.86511	0.00000	0.00037	0.00000	0.13452
220	0.00161	0.56920	0.01685	0.13161	0.00963	0.27111
221	0.00000	0.99772	0.00000	0.00000	0.00000	0.00228
222	0.00000	0.98132	0.00000	0.00007	0.00000	0.01861
223	0.00012	0.51998	0.01264	0.16062	0.00596	0.30068
224	0.00000	0.99450	0.00000	0.00000	0.00000	0.00550
225	0.00000	0.98070	0.00000	0.00003	0.00000	0.01927
226	0.99111	0.00000	0.00000	0.00004	0.00885	0.00000
227	0.00000	0.99735	0.00000	0.00000	0.00000	0.00265
228	0.00000	0.87205	0.00004	0.01232	0.00000	0.11559
229	0.52179	0.00067	0.01393	0.16369	0.29196	0.00797
230	0.00000	0.99088	0.00000	0.00002	0.00000	0.00909
231	0.00000	0.99942	0.00000	0.00000	0.00000	0.00058
232	0.00000	0.89212	0.00000	0.00839	0.00000	0.09949
233	0.96551	0.00000	0.00000	0.00084	0.03366	0.00000
234	0.00000	0.99295	0.00000	0.00004	0.00000	0.00701
235	0.00000	0.94669	0.00000	0.00083	0.00000	0.05248
236	0.00000	0.99108	0.00000	0.00004	0.00000	0.00888
237	0.00000	0.98316	0.00000	0.00001	0.00000	0.01684
238	0.00000	0.57068	0.00000	0.00738	0.00000	0.42194
239	0.90357	0.00000	0.00000	0.00455	0.09188	0.00000
240	0.99475	0.00000	0.00000	0.00002	0.00524	0.00000
241	0.99730	0.00000	0.00000	0.00000	0.00270	0.00000
242	0.99259	0.00000	0.00000	0.00003	0.00739	0.00000
243	0.00000	0.99520	0.00000	0.00000	0.00000	0.00479
244	0.92178	0.00000	0.00000	0.00337	0.07485	0.00000
245	0.98140	0.00000	0.00000	0.00029	0.01831	0.00000
246	0.00000	0.00464	0.00000	0.86713	0.00000	0.12822
247	0.00000	0.66259	0.00002	0.01864	0.00000	0.31876
248	0.00000	0.99937	0.00000	0.00000	0.00000	0.00063
249	0.00000	0.91288	0.00000	0.00443	0.00000	0.08268
250	0.00000	0.97495	0.00000	0.00011	0.00000	0.02494
251	0.00000	0.99676	0.00000	0.00000	0.00000	0.00324
252	0.00000	0.99173	0.00000	0.00002	0.00000	0.00825
253	0.00000	0.96065	0.00000	0.00029	0.00000	0.03907
254	0.00000	0.99473	0.00000	0.00000	0.00000	0.00527
255	0.00000	0.99946	0.00000	0.00000	0.00000	0.00054
256	0.00000	0.86117	0.00014	0.01559	0.00001	0.12308
257	0.00000	0.99657	0.00000	0.00000	0.00000	0.00343
258	0.00000	0.47471	0.00004	0.00379	0.00000	0.52147
259	0.00000	0.98889	0.00000	0.00003	0.00000	0.01107
260	0.00000	0.96231	0.00000	0.00138	0.00000	0.03631
261	0.00000	0.99544	0.00000	0.00001	0.00000	0.00455
262	0.00000	0.99883	0.00000	0.00000	0.00000	0.00117
263	0.00000	0.77663	0.00001	0.00546	0.00000	0.21789
264	0.00000	0.86487	0.00000	0.00303	0.00000	0.13209
265	0.00000	0.26885	0.00103	0.41097	0.00102	0.31813
266	0.00000	0.97940	0.00000	0.00005	0.00000	0.02055
267	0.00000	0.95551	0.00000	0.00109	0.00000	0.04340
268	0.00000	0.99283	0.00000	0.00004	0.00000	0.00714
269	0.00000	0.96419	0.00000	0.00081	0.00000	0.03500
270	0.00000	0.98872	0.00000	0.00004	0.00000	0.01125
271	0.00000	0.98521	0.00000	0.00007	0.00000	0.01472
272	0.00000	0.99479	0.00000	0.00001	0.00000	0.00520
273	0.00000	0.97115	0.00000	0.00031	0.00000	0.02853
274	0.00000	0.92422	0.00000	0.00061	0.00000	0.07517
275	0.00000	0.97987	0.00000	0.00010	0.00000	0.02002
276	0.00000	0.99209	0.00000	0.00002	0.00000	0.00789
277	0.00000	0.95153	0.00000	0.00066	0.00000	0.04781
278	0.00000	0.99166	0.00000	0.00002	0.00000	0.00832
279	0.00000	0.99811	0.00000	0.00000	0.00000	0.00189
280	0.00000	0.99462	0.00000	0.00002	0.00000	0.00536
281	0.00000	0.95836	0.00000	0.00142	0.00000	0.04022
282	0.00000	0.93145	0.00000	0.00069	0.00000	0.06785
283	0.99834	0.00000	0.00000	0.00000	0.00166	0.00000
284	0.00000	0.74124	0.00014	0.05352	0.00003	0.20507
285	0.00000	0.99628	0.00000	0.00000	0.00000	0.00372
286	0.00000	0.99429	0.00000	0.00001	0.00000	0.00570
287	0.00000	0.98659	0.00000	0.00007	0.00000	0.01334
288	0.00000	0.99935	0.00000	0.00000	0.00000	0.00065
289	0.00000	0.99352	0.00000	0.00001	0.00000	0.00646
290	0.00000	0.75621	0.00004	0.01435	0.00000	0.22940
291	0.00000	0.99519	0.00000	0.00000	0.00000	0.00481
292	0.00000	0.01982	0.00004	0.01813	0.00000	0.96201
293	0.00000	0.99427	0.00000	0.00001	0.00000	0.00573
294	0.00000	0.99816	0.00000	0.00000	0.00000	0.00184
295	0.00000	0.98698	0.00000	0.00012	0.00000	0.01290
296	0.98738	0.00000	0.00000	0.00014	0.01248	0.00000
297	0.00000	0.97607	0.00000	0.00015	0.00000	0.02378
298	0.00000	0.87785	0.00000	0.01213	0.00000	0.11001
299	0.98613	0.00000	0.00000	0.00013	0.01374	0.00000
300	0.00000	0.97081	0.00000	0.00068	0.00000	0.02852
301	0.00000	0.99859	0.00000	0.00000	0.00000	0.00141
302	0.00000	0.99390	0.00000	0.00001	0.00000	0.00609
303	0.00000	0.89049	0.00000	0.00029	0.00000	0.10922
304	0.00000	0.90851	0.00000	0.00100	0.00000	0.09049
305	0.00000	0.97348	0.00000	0.00019	0.00000	0.02633
306	0.00000	0.99189	0.00000	0.00003	0.00000	0.00808
307	0.00000	0.87389	0.00000	0.00870	0.00000	0.11740
308	0.00000	0.99661	0.00000	0.00000	0.00000	0.00338
309	0.00000	0.99544	0.00000	0.00001	0.00000	0.00455
310	0.00000	0.99983	0.00000	0.00000	0.00000	0.00017
311	0.00000	0.95329	0.00000	0.00218	0.00000	0.04454
312	0.00000	0.99123	0.00000	0.00002	0.00000	0.00875
313	0.00000	0.99362	0.00000	0.00002	0.00000	0.00636
314	0.00000	0.97039	0.00000	0.00013	0.00000	0.02948
315	0.00000	0.99453	0.00000	0.00001	0.00000	0.00546
316	0.00000	0.99887	0.00000	0.00000	0.00000	0.00113
317	0.00000	0.98011	0.00000	0.00006	0.00000	0.01983
318	0.00000	0.99172	0.00000	0.00002	0.00000	0.00826
319	0.00000	0.98887	0.00000	0.00009	0.00000	0.01103
320	0.00000	0.99896	0.00000	0.00000	0.00000	0.00104
321	0.00000	0.94558	0.00000	0.00161	0.00000	0.05281
322	0.00000	0.99724	0.00000	0.00000	0.00000	0.00276
323	0.00000	0.98908	0.00000	0.00006	0.00000	0.01086
324	0.00000	0.96613	0.00000	0.00023	0.00000	0.03364
325	0.00000	0.70791	0.00001	0.00320	0.00000	0.28888
326	0.00000	0.95699	0.00000	0.00151	0.00000	0.04149
327	0.00000	0.98584	0.00000	0.00005	0.00000	0.01412
328	0.00000	0.99332	0.00000	0.00002	0.00000	0.00665
329	0.00000	0.93340	0.00000	0.00356	0.00000	0.06304
330	0.00000	0.77898	0.00011	0.04363	0.00004	0.17725
331	0.00000	0.99728	0.00000	0.00000	0.00000	0.00272
332	0.00000	0.99332	0.00000	0.00001	0.00000	0.00667
333	0.00000	0.98406	0.00000	0.00006	0.00000	0.01588
334	0.00000	0.99006	0.00000	0.00003	0.00000	0.00991
335	0.00000	0.99658	0.00000	0.00000	0.00000	0.00342
336	0.10275	0.22424	0.07953	0.25077	0.11112	0.23159
337	0.00000	0.99853	0.00000	0.00000	0.00000	0.00146
338	0.00000	0.99927	0.00000	0.00000	0.00000	0.00073
339	0.00000	0.99154	0.00000	0.00001	0.00000	0.00845
340	0.00000	0.00000	0.73582	0.06554	0.00115	0.19749
341	0.00000	0.91665	0.00000	0.00143	0.00000	0.08192
342	0.00000	0.98387	0.00000	0.00017	0.00000	0.01596
343	0.00000	0.50016	0.00001	0.00296	0.00000	0.49687
344	0.00000	0.97993	0.00000	0.00028	0.00000	0.01980
345	0.00000	0.99780	0.00000	0.00000	0.00000	0.00220
346	0.00014	0.56475	0.04997	0.09978	0.01090	0.27446
347	0.00000	0.04692	0.00054	0.00673	0.00000	0.94581
348	0.00000	0.90176	0.00000	0.00745	0.00000	0.09079
349	0.00000	0.95921	0.00000	0.00053	0.00000	0.04026
350	0.00000	0.99240	0.00000	0.00003	0.00000	0.00758
351	0.00000	0.90276	0.00035	0.00650	0.00001	0.09038
352	0.00000	0.99115	0.00000	0.00003	0.00000	0.00882
353	0.00000	0.94819	0.00000	0.00195	0.00000	0.04986
354	0.00051	0.66385	0.01796	0.08044	0.00629	0.23094
355	0.99821	0.00000	0.00000	0.00000	0.00179	0.00000
356	0.00000	0.95511	0.00000	0.00015	0.00000	0.04474
357	0.00000	0.90398	0.00002	0.00499	0.00000	0.09101
358	0.31416	0.03116	0.09833	0.21506	0.25967	0.08162
359	0.00000	0.99398	0.00000	0.00001	0.00000	0.00601
360	0.00000	0.97000	0.00000	0.00043	0.00000	0.02957
361	0.49244	0.00000	0.00000	0.08339	0.42417	0.00000
362	0.99871	0.00000	0.00000	0.00000	0.00129	0.00000
363	0.00000	0.97695	0.00000	0.00022	0.00000	0.02283
364	0.00000	0.95900	0.00000	0.00118	0.00000	0.03983
365	0.00000	0.99423	0.00000	0.00001	0.00000	0.00576
366	0.00000	0.99890	0.00000	0.00000	0.00000	0.00110
367	0.00000	0.99211	0.00000	0.00001	0.00000	0.00787
368	0.78396	0.00000	0.00000	0.04112	0.17492	0.00000
369	0.00000	0.99871	0.00000	0.00000	0.00000	0.00129
370	0.00000	0.73194	0.00000	0.00280	0.00000	0.26526
371	0.00000	0.99059	0.00000	0.00003	0.00000	0.00939
372	0.00000	0.97660	0.00000	0.00002	0.00000	0.02337
373	0.00000	0.61830	0.00007	0.09001	0.00002	0.29160
374	0.99407	0.00000	0.00000	0.00002	0.00592	0.00000
375	0.00000	0.95886	0.00000	0.00129	0.00000	0.03985
376	0.25447	0.09567	0.15596	0.16420	0.20439	0.12532
377	0.99916	0.00000	0.00000	0.00000	0.00084	0.00000
378	0.98817	0.00000	0.00000	0.00011	0.01172	0.00000
379	0.00000	0.97230	0.00000	0.00054	0.00000	0.02716
380	0.00000	0.99272	0.00000	0.00001	0.00000	0.00727
381	0.00000	0.99503	0.00000	0.00000	0.00000	0.00497
382	0.56248	0.00000	0.00001	0.05267	0.38484	0.00000
383	0.00000	0.99149	0.00000	0.00001	0.00000	0.00850
384	0.00000	0.97939	0.00000	0.00010	0.00000	0.02051
385	0.00000	0.85178	0.00001	0.00373	0.00000	0.14448
386	0.00000	0.99599	0.00000	0.00001	0.00000	0.00400
387	0.92870	0.00000	0.00000	0.00478	0.06652	0.00000
388	0.00000	0.98749	0.00000	0.00001	0.00000	0.01250
389	0.00000	0.97240	0.00000	0.00015	0.00000	0.02745
390	0.00000	0.99848	0.00000	0.00000	0.00000	0.00152
391	0.00000	0.84345	0.00143	0.02089	0.00021	0.13402
392	0.00000	0.88524	0.00002	0.00646	0.00000	0.10829
393	0.00019	0.66515	0.01072	0.08435	0.00392	0.23567
394	0.00000	0.99930	0.00000	0.00000	0.00000	0.00070
395	0.00000	0.99748	0.00000	0.00000	0.00000	0.00252
396	0.00000	0.99905	0.00000	0.00000	0.00000	0.00095
397	0.00000	0.98925	0.00000	0.00002	0.00000	0.01073
398	0.00717	0.52653	0.06079	0.12238	0.02941	0.25372
399	0.00000	0.88286	0.00000	0.00492	0.00000	0.11222
400	0.00000	0.99877	0.00000	0.00000	0.00000	0.00123
401	0.42118	0.02432	0.10068	0.14630	0.24797	0.05955
402	0.00000	0.98441	0.00000	0.00001	0.00000	0.01557
403	0.00000	0.99123	0.00000	0.00002	0.00000	0.00875
404	0.00000	0.99636	0.00000	0.00001	0.00000	0.00363
405	0.00000	0.99095	0.00000	0.00003	0.00000	0.00902
406	0.00000	0.99847	0.00000	0.00000	0.00000	0.00153
407	0.00000	0.98993	0.00000	0.00002	0.00000	0.01005
408	0.00000	0.97381	0.00000	0.00008	0.00000	0.02611
409	0.00000	0.98145	0.00000	0.00002	0.00000	0.01853
410	0.00000	0.29284	0.00004	0.32410	0.00002	0.38300
411	0.98595	0.00000	0.00000	0.00004	0.01400	0.00000
412	0.00000	0.99246	0.00000	0.00003	0.00000	0.00751
413	0.00000	0.99701	0.00000	0.00001	0.00000	0.00299
414	0.00000	0.96975	0.00000	0.00013	0.00000	0.03012
415	0.00000	0.84951	0.00004	0.01353	0.00000	0.13692
416	0.00000	0.96592	0.00000	0.00038	0.00000	0.03370
417	0.00000	0.99636	0.00000	0.00000	0.00000	0.00364
418	0.00000	0.98303	0.00000	0.00008	0.00000	0.01689
419	0.00000	0.92868	0.00000	0.00024	0.00000	0.07108
420	0.00000	0.97301	0.00000	0.00047	0.00000	0.02652
421	0.00000	0.99114	0.00000	0.00001	0.00000	0.00884
422	0.00000	0.92411	0.00001	0.00545	0.00000	0.07042
423	0.00000	0.92933	0.00000	0.00470	0.00000	0.06597
424	0.00000	0.47550	0.00000	0.00434	0.00000	0.52016
425	0.00000	0.99821	0.00000	0.00000	0.00000	0.00179
426	0.00000	0.98990	0.00000	0.00004	0.00000	0.01006
427	0.00000	0.98645	0.00000	0.00008	0.00000	0.01347
428	0.00000	0.99355	0.00000	0.00002	0.00000	0.00644
429	0.00000	0.93079	0.00001	0.00184	0.00000	0.06737
430	0.00000	0.99091	0.00000	0.00003	0.00000	0.00905
431	0.00000	0.99741	0.00000	0.00000	0.00000	0.00259
432	0.00000	0.88697	0.00001	0.00592	0.00000	0.10710
433	0.00000	0.99910	0.00000	0.00000	0.00000	0.00090
434	0.00000	0.84494	0.00008	0.02196	0.00002	0.13300
435	0.00000	0.97104	0.00000	0.00021	0.00000	0.02875
436	0.98849	0.00000	0.00000	0.00007	0.01144	0.00000
437	0.00000	0.98526	0.00000	0.00011	0.00000	0.01463
438	0.00000	0.99375	0.00000	0.00000	0.00000	0.00624
439	0.00000	0.96762	0.00000	0.00076	0.00000	0.03161
440	0.00000	0.97865	0.00000	0.00024	0.00000	0.02112
441	0.00000	0.99160	0.00000	0.00003	0.00000	0.00837
442	0.00000	0.85952	0.00001	0.00642	0.00000	0.13406
443	0.00000	0.99386	0.00000	0.00002	0.00000	0.00612
444	0.00000	0.99372	0.00000	0.00003	0.00000	0.00625
445	0.00000	0.98367	0.00000	0.00010	0.00000	0.01623
446	0.00000	0.90688	0.00000	0.00536	0.00000	0.08775
447	0.00000	0.69219	0.00000	0.00244	0.00000	0.30537
448	0.00000	0.99185	0.00000	0.00003	0.00000	0.00811
449	0.00000	0.89190	0.00000	0.00037	0.00000	0.10773
450	0.00000	0.98913	0.00000	0.00004	0.00000	0.01083
451	0.00000	0.96383	0.00000	0.00038	0.00000	0.03579
452	0.16434	0.00002	0.00141	0.53783	0.29381	0.00260
453	0.00000	0.98990	0.00000	0.00004	0.00000	0.01006
454	0.00000	0.99773	0.00000	0.00000	0.00000	0.00226
455	0.00000	0.99664	0.00000	0.00001	0.00000	0.00335
456	0.00000	0.99567	0.00000	0.00000	0.00000	0.00432
457	0.00000	0.99247	0.00000	0.00004	0.00000	0.00749
458	0.00000	0.93621	0.00000	0.00223	0.00000	0.06156
459	0.00000	0.97299	0.00000	0.00036	0.00000	0.02665
460	0.44240	0.00000	0.00006	0.01344	0.54410	0.00000
461	0.00000	0.83363	0.00000	0.01131	0.00000	0.15506
462	0.00000	0.95575	0.00000	0.00025	0.00000	0.04399
463	0.02696	0.34911	0.09601	0.19508	0.07203	0.26082
464	0.97441	0.00000	0.00000	0.00018	0.02541	0.00000
465	0.00000	0.99168	0.00000	0.00001	0.00000	0.00831
466	0.00000	0.99423	0.00000	0.00001	0.00000	0.00577
467	0.00000	0.43820	0.00011	0.16118	0.00004	0.40046
468	0.00000	0.99740	0.00000	0.00000	0.00000	0.00260
469	0.00000	0.99355	0.00000	0.00002	0.00000	0.00644
470	0.00000	0.75702	0.00003	0.04078	0.00000	0.20216
471	0.00000	0.99896	0.00000	0.00000	0.00000	0.00103
472	0.00000	0.94808	0.00000	0.00010	0.00000	0.05182
473	0.00000	0.99112	0.00000	0.00002	0.00000	0.00886
474	0.13917	0.19074	0.16265	0.17187	0.15457	0.18101
475	0.00000	0.99922	0.00000	0.00000	0.00000	0.00078
476	0.00000	0.99050	0.00000	0.00003	0.00000	0.00947
477	0.00000	0.96283	0.00000	0.00093	0.00000	0.03624
478	0.00000	0.99135	0.00000	0.00004	0.00000	0.00862
479	0.00000	0.95438	0.00000	0.00200	0.00000	0.04362
480	0.00000	0.99341	0.00000	0.00001	0.00000	0.00658
481	0.00000	0.99870	0.00000	0.00000	0.00000	0.00130
482	0.00000	0.98473	0.00000	0.00003	0.00000	0.01524
483	0.00000	0.99856	0.00000	0.00000	0.00000	0.00144
484	0.00000	0.99464	0.00000	0.00001	0.00000	0.00535
485	0.00000	0.99268	0.00000	0.00000	0.00000	0.00732
486	0.00000	0.81738	0.00000	0.00485	0.00000	0.17777
487	0.00000	0.99389	0.00000	0.00002	0.00000	0.00610
488	0.00000	0.99936	0.00000	0.00000	0.00000	0.00064
489	0.00000	0.98899	0.00000	0.00005	0.00000	0.01096
490	0.00000	0.92207	0.00000	0.00137	0.00000	0.07656
491	0.00000	0.98273	0.00000	0.00010	0.00000	0.01717
492	0.00000	0.92526	0.00001	0.00410	0.00000	0.07064
493	0.00000	0.99581	0.00000	0.00000	0.00000	0.00419
494	0.00000	0.83040	0.00042	0.02505	0.00007	0.14405
495	0.00000	0.79205	0.00000	0.00612	0.00000	0.20183
496	0.00000	0.84797	0.00000	0.00872	0.00000	0.14331
497	0.00000	0.98407	0.00000	0.00011	0.00000	0.01582
498	0.00000	0.92831	0.00000	0.00109	0.00000	0.07060
499	0.00000	0.90290	0.00000	0.00112	0.00000	0.09599
500	0.62223	0.00001	0.00260	0.11115	0.26290	0.00110
501	0.00000	0.97606	0.00000	0.00006	0.00000	0.02388
502	0.51277	0.00858	0.06566	0.12612	0.25418	0.03268
503	0.00000	0.78974	0.00000	0.01711	0.00000	0.19314
504	0.00000	0.96967	0.00000	0.00008	0.00000	0.03026
505	0.00000	0.98343	0.00000	0.00010	0.00000	0.01647
506	0.98116	0.00000	0.00000	0.00022	0.01862	0.00000
507	0.99699	0.00000	0.00000	0.00000	0.00301	0.00000
508	0.00000	0.95232	0.00000	0.00183	0.00000	0.04585
509	0.00000	0.96508	0.00000	0.00061	0.00000	0.03430
510	0.00000	0.99028	0.00000	0.00004	0.00000	0.00968
511	0.00000	0.98425	0.00000	0.00012	0.00000	0.01563
512	0.00000	0.96353	0.00000	0.00017	0.00000	0.03630
513	0.87251	0.00000	0.00000	0.00060	0.12690	0.00000
514	0.00000	0.99578	0.00000	0.00002	0.00000	0.00420
515	0.99864	0.00000	0.00000	0.00000	0.00136	0.00000
516	0.00000	0.90363	0.00002	0.00764	0.00000	0.08872
517	0.00000	0.32882	0.00049	0.12355	0.00003	0.54711
518	0.98576	0.00000	0.00000	0.00002	0.01422	0.00000
519	0.00000	0.99718	0.00000	0.00000	0.00000	0.00282
520	0.00000	0.99874	0.00000	0.00000	0.00000	0.00126
521	0.00000	0.99257	0.00000	0.00002	0.00000	0.00741
522	0.00000	0.92748	0.00000	0.00019	0.00000	0.07233
523	0.00000	0.99257	0.00000	0.00001	0.00000	0.00742
524	0.00000	0.98634	0.00000	0.00004	0.00000	0.01362
525	0.00000	0.99680	0.00000	0.00001	0.00000	0.00320
526	0.00000	0.99317	0.00000	0.00004	0.00000	0.00678
527	0.00000	0.99735	0.00000	0.00000	0.00000	0.00265
528	0.00000	0.74086	0.00200	0.04888	0.00037	0.20788
529	0.06341	0.28283	0.16107	0.16279	0.11009	0.21981
530	0.00000	0.99827	0.00000	0.00000	0.00000	0.00173
531	0.00000	0.96087	0.00000	0.00098	0.00000	0.03814
532	0.00000	0.94257	0.00000	0.00059	0.00000	0.05683
533	0.97645	0.00000	0.00000	0.00012	0.02343	0.00000
534	0.00000	0.94279	0.00000	0.00024	0.00000	0.05697
535	0.00000	0.72478	0.00000	0.03130	0.00000	0.24392
536	0.00000	0.95030	0.00000	0.00123	0.00000	0.04847
537	0.97341	0.00000	0.00000	0.00020	0.02639	0.00000
538	0.00245	0.23856	0.02236	0.39974	0.02954	0.30734
539	0.00000	0.99794	0.00000	0.00000	0.00000	0.00206
540	0.64999	0.00001	0.00208	0.09668	0.25044	0.00080
541	0.99417	0.00000	0.00000	0.00002	0.00581	0.00000
542	0.99554	0.00000	0.00000	0.00001	0.00446	0.00000
543	0.00000	0.98242	0.00000	0.00035	0.00000	0.01724
544	0.00000	0.99937	0.00000	0.00000	0.00000	0.00063
545	0.00000	0.95335	0.00000	0.00044	0.00000	0.04622
546	0.00000	0.99764	0.00000	0.00000	0.00000	0.00236
547	0.00000	0.46886	0.00000	0.02445	0.00000	0.50669
548	0.97046	0.00000	0.00000	0.00085	0.02869	0.00000
549	0.00000	0.99888	0.00000	0.00000	0.00000	0.00112
550	0.00000	0.87898	0.00000	0.00094	0.00000	0.12008
551	0.99473	0.00000	0.00000	0.00001	0.00525	0.00000
552	0.00000	0.99814	0.00000	0.00000	0.00000	0.00186
553	0.00000	0.99826	0.00000	0.00000	0.00000	0.00174
554	0.00000	0.55127	0.00001	0.00185	0.00000	0.44688
555	0.00000	0.25674	0.00000	0.00306	0.00000	0.74020
556	0.00000	0.00000	0.30543	0.09653	0.00028	0.59775
557	0.00000	0.95389	0.00000	0.00061	0.00000	0.04550
558	0.00000	0.99751	0.00000	0.00000	0.00000	0.00249
559	0.92009	0.00000	0.00000	0.00015	0.07977	0.00000
560	0.93109	0.00000	0.00000	0.00145	0.06746	0.00000
561	0.99386	0.00000	0.00000	0.00003	0.00611	0.00000
562	0.98525	0.00000	0.00000	0.00011	0.01464	0.00000
563	0.00000	0.99071	0.00000	0.00002	0.00000	0.00927
564	0.00000	0.99504	0.00000	0.00001	0.00000	0.00495
565	0.98996	0.00000	0.00000	0.00002	0.01002	0.00000
566	0.00000	0.99886	0.00000	0.00000	0.00000	0.00114
567	0.26138	0.09149	0.15454	0.16356	0.20673	0.12230
568	0.97818	0.00000	0.00000	0.00011	0.02171	0.00000
569	0.00000	0.98012	0.00000	0.00014	0.00000	0.01975
570	0.00000	0.99959	0.00000	0.00000	0.00000	0.00041
571	0.00000	0.99503	0.00000	0.00001	0.00000	0.00496
572	0.00000	0.99642	0.00000	0.00001	0.00000	0.00358
573	0.00000	0.96490	0.00000	0.00031	0.00000	0.03479
574	0.00000	0.40400	0.00002	0.00816	0.00000	0.58781
575	0.96852	0.00000	0.00000	0.00019	0.03129	0.00000
576	0.00000	0.98723	0.00000	0.00006	0.00000	0.01271
577	0.99940	0.00000	0.00000	0.00000	0.00060	0.00000
578	0.00000	0.99478	0.00000	0.00001	0.00000	0.00521
579	0.00000	0.98396	0.00000	0.00005	0.00000	0.01599
580	0.00000	0.84366	0.00003	0.02158	0.00001	0.13471
581	0.00000	0.77692	0.00011	0.00904	0.00000	0.21394
582	0.00000	0.98312	0.00000	0.00017	0.00000	0.01670
583	0.00000	0.80575	0.00000	0.03259	0.00000	0.16166
584	0.00000	0.46341	0.00013	0.06667	0.00000	0.46978
585	0.00000	0.16156	0.00002	0.01606	0.00000	0.82236
586	0.00000	0.97185	0.00000	0.00011	0.00000	0.02804
587	0.00000	0.98225	0.00000	0.00012	0.00000	0.01763
588	0.00000	0.98106	0.00000	0.00007	0.00000	0.01887
589	0.00000	0.97888	0.00000	0.00009	0.00000	0.02102
590	0.00000	0.98912	0.00000	0.00002	0.00000	0.01086
591	0.00002	0.70929	0.01730	0.05604	0.00339	0.21396
592	0.00003	0.80690	0.00261	0.03373	0.00078	0.15596
593	0.00000	0.99606	0.00000	0.00001	0.00000	0.00393
594	0.00000	0.93222	0.00000	0.00039	0.00000	0.06739
595	0.00000	0.99812	0.00000	0.00000	0.00000	0.00188
596	0.00000	0.46004	0.00077	0.22208	0.00055	0.31656
597	0.00000	0.79946	0.00000	0.00637	0.00000	0.19417
598	0.00000	0.87475	0.00012	0.01267	0.00001	0.11245
599	0.00000	0.82628	0.00005	0.01209	0.00000	0.16157
600	0.00000	0.96854	0.00000	0.00047	0.00000	0.03099
601	0.00000	0.60819	0.00067	0.13176	0.00037	0.25901
602	0.90330	0.00000	0.00000	0.00469	0.09201	0.00000
603	0.98448	0.00000	0.00000	0.00024	0.01528	0.00000
604	0.00000	0.99636	0.00000	0.00000	0.00000	0.00363
605	0.00000	0.83952	0.00296	0.01851	0.00025	0.13876
606	0.00000	0.98618	0.00000	0.00007	0.00000	0.01375
607	0.00000	0.94385	0.00000	0.00111	0.00000	0.05505
608	0.00000	0.99834	0.00000	0.00000	0.00000	0.00166
609	0.00000	0.97629	0.00000	0.00031	0.00000	0.02340
610	0.96629	0.00000	0.00000	0.00041	0.03331	0.00000
611	0.00000	0.98309	0.00000	0.00004	0.00000	0.01687
612	0.00000	0.97327	0.00000	0.00044	0.00000	0.02629
613	0.00000	0.98648	0.00000	0.00003	0.00000	0.01349
614	0.00000	0.23860	0.00236	0.39716	0.00167	0.36022
615	0.00000	0.99863	0.00000	0.00000	0.00000	0.00137
616	0.00000	0.71316	0.00000	0.00469	0.00000	0.28215
617	0.00000	0.88360	0.00000	0.00918	0.00000	0.10722
618	0.00000	0.99789	0.00000	0.00000	0.00000	0.00210
619	0.00000	0.82814	0.00000	0.01912	0.00000	0.15275
620	0.00000	0.98326	0.00000	0.00013	0.00000	0.01662
621	0.00000	0.97017	0.00000	0.00039	0.00000	0.02944
622	0.00004	0.81201	0.00195	0.03123	0.00058	0.15419
623	0.00000	0.97631	0.00000	0.00011	0.00000	0.02357
624	0.00000	0.96718	0.00000	0.00024	0.00000	0.03258
625	0.00000	0.98584	0.00000	0.00004	0.00000	0.01412
626	0.00000	0.69807	0.00036	0.06634	0.00008	0.23515
627	0.00000	0.97463	0.00000	0.00017	0.00000	0.02520
628	0.00000	0.99921	0.00000	0.00000	0.00000	0.00079
629	0.00000	0.99576	0.00000	0.00001	0.00000	0.00424
630	0.00000	0.98963	0.00000	0.00004	0.00000	0.01033
631	0.00000	0.99046	0.00000	0.00004	0.00000	0.00950
632	0.99630	0.00000	0.00000	0.00000	0.00370	0.00000
633	0.00000	0.96326	0.00000	0.00076	0.00000	0.03598
634	0.00000	0.99946	0.00000	0.00000	0.00000	0.00054
635	0.00000	0.97869	0.00000	0.00028	0.00000	0.02103
636	0.00000	0.74593	0.00604	0.03409	0.00053	0.21340
637	0.00000	0.98310	0.00000	0.00019	0.00000	0.01672
638	0.00000	0.96920	0.00000	0.00014	0.00000	0.03065
639	0.00000	0.96819	0.00000	0.00050	0.00000	0.03131
640	0.00000	0.99911	0.00000	0.00000	0.00000	0.00089
641	0.00000	0.99656	0.00000	0.00000	0.00000	0.00344
642	0.00000	0.93033	0.00001	0.00479	0.00000	0.06486
643	0.00000	0.99836	0.00000	0.00000	0.00000	0.00164
644	0.00000	0.08706	0.00131	0.00337	0.00000	0.90825
645	0.00000	0.10738	0.00016	0.43757	0.00002	0.45487
646	0.00000	0.96806	0.00000	0.00035	0.00000	0.03159
647	0.00000	0.99868	0.00000	0.00000	0.00000	0.00132
648	0.00000	0.99758	0.00000	0.00000	0.00000	0.00242
649	0.00000	0.93298	0.00000	0.00357	0.00000	0.06344
650	0.43262	0.00000	0.00000	0.13310	0.43427	0.00000
651	0.00000	0.99798	0.00000	0.00000	0.00000	0.00202
652	0.00000	0.99503	0.00000	0.00001	0.00000	0.00495
653	0.88707	0.00000	0.00000	0.00422	0.10871	0.00000
654	0.00000	0.94138	0.00000	0.00273	0.00000	0.05589
655	0.00000	0.99220	0.00000	0.00002	0.00000	0.00779
656	0.00000	0.77045	0.00000	0.00217	0.00000	0.22738
657	0.00000	0.98691	0.00000	0.00004	0.00000	0.01305
658	0.00000	0.95011	0.00000	0.00074	0.00000	0.04915
659	0.87633	0.00000	0.00000	0.01231	0.11136	0.00000
660	0.00000	0.92782	0.00000	0.00254	0.00000	0.06964
661	0.00000	0.99541	0.00000	0.00001	0.00000	0.00459
662	0.00000	0.87915	0.00000	0.00345	0.00000	0.11740
663	0.00000	0.57449	0.00168	0.12736	0.00055	0.29591
664	0.99939	0.00000	0.00000	0.00000	0.00061	0.00000
665	0.00000	0.60967	0.00008	0.04812	0.00001	0.34213
666	0.99443	0.00000	0.00000	0.00002	0.00555	0.00000
667	0.96611	0.00000	0.00000	0.00003	0.03386	0.00000
668	0.97311	0.00000	0.00000	0.00008	0.02682	0.00000
669	0.99060	0.00000	0.00000	0.00002	0.00939	0.00000
670	0.65579	0.00000	0.00002	0.10305	0.24113	0.00001
671	0.00000	0.97318	0.00000	0.00016	0.00000	0.02666
672	0.00000	0.88971	0.00000	0.00275	0.00000	0.10753
673	0.00000	0.99431	0.00000	0.00000	0.00000	0.00569
674	0.00000	0.87500	0.00009	0.01408	0.00001	0.11082
675	0.00000	0.98664	0.00000	0.00013	0.00000	0.01324
676	0.00000	0.87081	0.00002	0.01407	0.00000	0.11510
677	0.00000	0.99609	0.00000	0.00001	0.00000	0.00390
678	0.77995	0.00000	0.00000	0.00850	0.21155	0.00000
679	0.00000	0.98335	0.00000	0.00018	0.00000	0.01647
680	0.00000	0.98855	0.00000	0.00007	0.00000	0.01138
681	0.00000	0.99819	0.00000	0.00000	0.00000	0.00181
682	0.00000	0.97642	0.00000	0.00013	0.00000	0.02345
683	0.00000	0.99823	0.00000	0.00000	0.00000	0.00177
684	0.00000	0.71989	0.00000	0.04126	0.00000	0.23884
685	0.00000	0.99649	0.00000	0.00000	0.00000	0.00351
686	0.00000	0.99791	0.00000	0.00000	0.00000	0.00209
687	0.00000	0.97714	0.00000	0.00028	0.00000	0.02257
688	0.00000	0.99674	0.00000	0.00001	0.00000	0.00325
689	0.00000	0.95236	0.00000	0.00021	0.00000	0.04743
690	0.00000	0.99540	0.00000	0.00001	0.00000	0.00460
691	0.00000	0.99073	0.00000	0.00003	0.00000	0.00924
692	0.00000	0.43304	0.00000	0.00904	0.00000	0.55791
693	0.00000	0.99123	0.00000	0.00007	0.00000	0.00870
694	0.00090	0.64567	0.02323	0.08613	0.00858	0.23549
695	0.00000	0.98656	0.00000	0.00006	0.00000	0.01337
696	0.00000	0.99005	0.00000	0.00001	0.00000	0.00994
697	0.00000	0.85908	0.00000	0.01829	0.00000	0.12263
698	0.00000	0.73801	0.00025	0.03176	0.00001	0.22997
699	0.00000	0.98465	0.00000	0.00002	0.00000	0.01533
700	0.00000	0.99968	0.00000	0.00000	0.00000	0.00032
701	0.99270	0.00000	0.00000	0.00001	0.00730	0.00000
702	0.99606	0.00000	0.00000	0.00001	0.00393	0.00000
703	0.98904	0.00000	0.00000	0.00001	0.01096	0.00000
704	0.67598	0.00124	0.04208	0.06021	0.21004	0.01044
705	0.00000	0.98957	0.00000	0.00005	0.00000	0.01038
706	0.00000	0.97002	0.00000	0.00042	0.00000	0.02955
707	0.96836	0.00000	0.00000	0.00088	0.03075	0.00000
708	0.00000	0.94092	0.00000	0.00147	0.00000	0.05760
709	0.00000	0.99102	0.00000	0.00003	0.00000	0.00895
710	0.00000	0.99502	0.00000	0.00001	0.00000	0.00496
711	0.00000	0.94776	0.00003	0.00128	0.00000	0.05093
712	0.00000	0.91558	0.00000	0.00023	0.00000	0.08419
713	0.00000	0.29026	0.00001	0.00687	0.00000	0.70287
714	0.99762	0.00000	0.00000	0.00000	0.00238	0.00000
715	0.00000	0.76325	0.00014	0.04713	0.00004	0.18945
716	0.00000	0.99027	0.00000	0.00004	0.00000	0.00969
717	0.00000	0.76870	0.00000	0.00542	0.00000	0.22588
718	0.98836	0.00000	0.00000	0.00005	0.01159	0.00000
719	0.00000	0.91410	0.00000	0.00296	0.00000	0.08293
720	0.00000	0.97890	0.00000	0.00026	0.00000	0.02083
721	0.00000	0.83101	0.00001	0.00497	0.00000	0.16402
722	0.00000	0.99576	0.00000	0.00001	0.00000	0.00423
723	0.00000	0.99854	0.00000	0.00000	0.00000	0.00146
724	0.00012	0.55984	0.01720	0.12656	0.00578	0.29050
725	0.00064	0.00250	0.00134	0.92985	0.03322	0.03245
726	0.00000	0.99154	0.00000	0.00003	0.00000	0.00843
727	0.00000	0.99513	0.00000	0.00001	0.00000	0.00486
728	0.00254	0.53382	0.02121	0.14953	0.01364	0.27926
729	0.00000	0.99035	0.00000	0.00000	0.00000	0.00965
730	0.00000	0.99003	0.00000	0.00004	0.00000	0.00994
731	0.00000	0.79150	0.00000	0.01959	0.00000	0.18891
732	0.41909	0.00000	0.00008	0.00681	0.57402	0.00000
733	0.00000	0.97138	0.00000	0.00050	0.00000	0.02813
734	0.00000	0.97848	0.00000	0.00018	0.00000	0.02135
735	0.00000	0.97857	0.00000	0.00023	0.00000	0.02121
736	0.00000	0.57969	0.00009	0.14249	0.00007	0.27766
737	0.00000	0.99437	0.00000	0.00002	0.00000	0.00562
738	0.99399	0.00000	0.00000	0.00002	0.00600	0.00000
739	0.00003	0.03041	0.00141	0.68448	0.00272	0.28095
740	0.00000	0.95128	0.00000	0.00033	0.00000	0.04839
741	0.99806	0.00000	0.00000	0.00000	0.00194	0.00000
742	0.00000	0.96945	0.00000	0.00007	0.00000	0.03049
743	0.00000	0.99539	0.00000	0.00001	0.00000	0.00460
744	0.00000	0.98729	0.00000	0.00009	0.00000	0.01262
745	0.99304	0.00000	0.00000	0.00001	0.00695	0.00000
746	0.00000	0.99815	0.00000	0.00000	0.00000	0.00185
747	0.00000	0.99150	0.00000	0.00002	0.00000	0.00848
748	0.00000	0.97001	0.00000	0.00016	0.00000	0.02983
749	0.00000	0.94440	0.00000	0.00190	0.00000	0.05370
750	0.14891	0.18544	0.16610	0.16645	0.15742	0.17567
751	0.00000	0.99555	0.00000	0.00001	0.00000	0.00444
752	0.00000	0.99654	0.00000	0.00000	0.00000	0.00346
753	0.00000	0.99323	0.00000	0.00003	0.00000	0.00673
754	0.00000	0.99631	0.00000	0.00001	0.00000	0.00368
755	0.00000	0.98464	0.00000	0.00018	0.00000	0.01518
756	0.00000	0.98343	0.00000	0.00003	0.00000	0.01654
757	0.00000	0.87341	0.00295	0.01088	0.00021	0.11256
758	0.00000	0.97128	0.00000	0.00067	0.00000	0.02805
759	0.99310	0.00000	0.00000	0.00003	0.00687	0.00000
760	0.99825	0.00000	0.00000	0.00000	0.00175	0.00000
761	0.00000	0.89928	0.00009	0.00609	0.00001	0.09453
762	0.00000	0.90796	0.00000	0.00067	0.00000	0.09137
763	0.00000	0.97778	0.00000	0.00006	0.00000	0.02216
764	0.00000	0.96278	0.00000	0.00021	0.00000	0.03700
765	0.00000	0.98359	0.00000	0.00012	0.00000	0.01630
766	0.00000	0.87666	0.00000	0.00597	0.00000	0.11737
767	0.00000	0.99854	0.00000	0.00000	0.00000	0.00146
768	0.00000	0.90911	0.00001	0.00363	0.00000	0.08725
